Mn 6491 +/- 10 with hfs 
  6481.032    24.0       5.277    -3.652
  6481.069   607.0       0.561    -3.490               7.760
  6481.085   607.0       0.504    -3.397               7.760
  6481.089   607.0       0.504    -3.698               7.760
  6481.103    24.0       3.375    -4.399
  6481.161   607.0       0.524    -2.652               7.760
  6481.189   607.0       0.524    -2.820               7.760
  6481.246   607.0       0.630    -3.223               7.760
  6481.314   607.0       0.404    -3.500               7.760
  6481.425   112.0       0.849    -3.326               1.340
  6481.557    22.0       3.294    -3.285
  6481.726    26.0       3.573    -4.928
  6481.728    92.0       0.714    -2.144
  6481.729    25.0       5.909    -1.807
  6481.741    68.0       2.907     0.460
  6481.809    22.0       3.590    -2.762
  6481.870    26.0       2.279    -2.85 
  6481.885    25.055     5.232    -4.390
  6481.885    25.055     5.232    -3.846
  6481.885    25.055     5.232    -3.482
  6481.895    25.055     5.232    -3.959
  6481.895    25.055     5.232    -3.846
  6481.895    25.055     5.232    -3.943
  6481.912   607.0       0.864    -3.708               7.760
  6481.957   607.0       0.503    -2.645               7.760
  6482.004   607.0       1.564    -3.019               7.760
  6482.004   607.0       0.690    -2.153               7.760
  6482.099    23.1       9.351    -1.469
  6482.135   607.0       0.690    -3.296               7.760
  6482.154   607.0       0.505    -3.158               7.760
  6482.154   607.0       1.564    -1.810               7.760
  6482.161   607.0       0.505    -3.470               7.760
  6482.204    26.1       6.219    -1.9  
  6482.252    60.1       0.321    -2.307
  6482.254    20.0       5.728    -3.115
  6482.314    22.0       3.867    -3.823
  6482.328   607.0       0.528    -2.598               7.760
  6482.359   607.0       0.529    -2.812               7.760
  6482.585    26.1       9.962    -3.559
  6482.637   607.0       0.640    -2.275               7.760
  6482.746   112.0       1.072    -4.870               1.340
  6482.770    27.059     2.328    -3.594
  6482.770    27.059     2.328    -3.573
  6482.770    27.059     2.328    -3.719
  6482.771    15.0       8.226    -3.170
  6482.796    28.0       1.935    -2.77 
  6482.798   607.0       0.640    -4.111               7.760
  6482.803    27.059     2.328    -4.050
  6482.803    27.059     2.328    -3.573
  6482.803    27.059     2.328    -3.252
  6482.810   607.0       1.788    -2.882               7.760
  6482.840   112.0       1.271    -3.500               1.340
  6482.910    56.0       1.413     0.290
  6482.982    63.0       1.912    -0.910
  6483.028    38.1       6.617    -2.631
  6483.049    25.0       4.332    -2.330
  6483.174    27.059     4.064    -4.913
  6483.174    27.059     4.064    -4.628
  6483.174    27.059     4.064    -4.883
  6483.184   112.0       0.986    -0.996               1.340
  6483.184   112.0       0.986    -1.015               1.340
  6483.204    27.059     4.064    -4.883
  6483.204    27.059     4.064    -4.440
  6483.204    27.059     4.064    -4.495
  6483.223   112.0       1.271    -3.485               1.340
  6483.248    27.059     4.064    -4.934
  6483.248    27.059     4.064    -4.349
  6483.248    27.059     4.064    -4.240
  6483.285    22.0       2.778    -3.531
  6483.287   112.0       1.184    -3.185               1.340
  6483.306    27.059     4.064    -4.327
  6483.306    27.059     4.064    -4.042
  6483.311   607.0       0.506    -2.972               7.760
  6483.321   607.0       0.506    -3.343               7.760
  6483.373    23.1       9.293    -1.201
  6483.379    27.059     4.064    -4.381
  6483.379    27.059     4.064    -3.878
  6483.386    15.0       8.284    -2.120
  6483.452   112.0       1.129    -2.999               1.340
  6483.467    27.059     4.064    -4.577
  6483.467    27.059     4.064    -3.737
  6483.524    20.0       5.689    -4.226
  6483.589   607.0       0.534    -2.550               7.760
  6483.591    66.1       1.998    -1.263
  6483.623   607.0       0.534    -2.807               7.760
  6483.770   607.0       1.725    -3.919               7.760
  6483.814   607.0       0.641    -3.231               7.760
  6483.879    25.055     5.846    -4.674
  6483.879    25.055     5.846    -4.306
  6483.880    25.055     5.846    -4.306
  6483.880    25.055     5.846    -4.174
  6483.881    25.055     5.846    -4.174
  6483.881    25.055     5.846    -4.348
  6483.881    25.055     5.846    -4.276
  6483.883    25.055     5.846    -4.276
  6483.883    25.055     5.846    -3.799
  6483.885    26.0       5.539    -3.831
  6483.894    24.0       4.096    -3.254
  6483.943    26.0       1.485    -5.6
  6484.014   607.0       1.725    -2.320               7.760
  6484.083    28.1       6.539    -2.356
  6484.133   112.0       1.129    -2.963               1.340
  6484.175    32.1       9.840     0.027
  6484.180    24.0       5.834    -3.876
  6484.262   607.0       0.505    -3.698               7.760
  6484.316   607.0       1.552    -4.248               7.760
  6484.336    40.0       0.633    -2.750
  6484.348    24.0       5.834    -3.113
  6484.373    22.0       3.590    -1.879
  6484.420    23.1       9.309    -2.410
  6484.554    62.1       1.262    -1.020
  6484.704   607.0       0.508    -2.830               7.760
  6484.717   607.0       0.508    -3.259               7.760
  6484.733   607.0       0.469    -3.184               7.760
  6484.824   607.0       0.469    -2.348               7.760
  6485.087   112.0       0.673    -4.645               1.340
  6485.114   607.0       0.539    -2.506               7.760
  6485.143    29.065     7.024    -2.398
  6485.143    29.065     7.024    -2.766
  6485.146    29.063     7.024    -2.398
  6485.146    29.063     7.024    -2.766
  6485.150   607.0       0.539    -2.805               7.760
  6485.160    29.065     7.024    -2.766
  6485.160    29.065     7.024    -2.261
  6485.160    29.065     7.024    -2.634
  6485.162    29.063     7.024    -2.766
  6485.162    29.063     7.024    -2.261
  6485.162    29.063     7.024    -2.634
  6485.187    29.063     7.024    -2.634
  6485.187    29.063     7.024    -2.037
  6485.187    29.063     7.024    -2.736
  6485.187    29.065     7.024    -2.634
  6485.187    29.065     7.024    -2.037
  6485.187    29.065     7.024    -2.736
  6485.221    29.063     7.024    -2.736
  6485.221    29.063     7.024    -1.815
  6485.223    29.065     7.024    -2.736
  6485.223    29.065     7.024    -1.815
  6485.288   112.0       1.197    -3.118               1.340
  6485.312    73.0       1.655    -0.460
  6485.349    22.0       3.392    -2.985
  6485.403   607.0       1.788    -4.558               7.760
  6485.522    57.0       0.998    -1.290
  6485.672   607.0       1.788    -2.878               7.760
  6485.682    60.0       1.130     0.020
  6485.732    23.0       4.262    -4.389
  6485.768   112.0       1.197    -3.098               1.340
  6485.956   607.0       0.820    -2.508               7.760
  6485.993    21.0       3.057    -2.964
  6486.014    21.1       7.472    -2.296
  6486.061    21.0       3.057    -4.131
  6486.139   607.0       0.820    -3.904               7.760
  6486.158   607.0       0.561    -3.486               7.760
  6486.231   607.0       0.640    -4.109               7.760
  6486.267    14.0       5.616    -4.090
  6486.267   607.0       0.561    -1.935               7.760
  6486.274   607.0       0.510    -2.716               7.760
  6486.290   607.0       0.510    -3.200               7.760
  6486.323   112.0       1.161    -3.839               1.340
  6486.335   607.0       0.503    -3.815               7.760
  6486.384   607.0       0.483    -2.340               7.760
  6486.392   607.0       0.640    -2.266               7.760
  6486.477   607.0       0.503    -2.638               7.760
  6486.585   607.0       0.652    -3.240               7.760
  6486.595    66.0       1.930    -0.346
  6486.613   607.0       0.690    -2.139               7.760
  6486.750   607.0       0.506    -3.420               7.760
  6486.803   607.0       0.545    -2.465               7.760
  6486.804    22.0       3.319    -3.899
  6486.821   112.0       1.161    -3.824               1.340
  6486.843   607.0       0.545    -2.805               7.760
  6486.928    21.0       2.136    -4.038
  6486.970    59.1       0.630    -1.700
  6486.970   607.0       1.706    -1.452               7.760
  6487.003   112.0       0.579    -3.617               1.340
  6487.071    22.0       3.294    -2.854
  6487.121    14.0       5.616    -4.380
  6487.144   607.0       1.706    -3.313               7.760
  6487.289   607.0       1.628    -1.856               7.760
  6487.339    26.1       6.807    -2.248
  6487.416   607.0       0.401    -4.130               7.760
  6487.432    22.0       3.567    -2.337
  6487.445   112.0       0.845    -1.082               1.340
  6487.445   112.0       0.845    -1.027               1.340
  6487.454    21.1       8.356    -3.646
  6487.454    23.1       4.776    -2.012
  6487.552   607.0       1.596    -4.889               7.760
  6487.647    62.1       1.166    -1.173
  6487.732    23.0       3.545    -3.959
  6487.812   112.0       0.579    -3.587               1.340
  6488.018   607.0       0.513    -2.621               7.760
  6488.037   607.0       0.513    -3.157               7.760
  6488.039   607.0       1.495    -3.558               7.760
  6488.052    23.051     2.365    -3.395
  6488.053    23.051     2.365    -3.110
  6488.053    23.051     2.365    -3.365
  6488.056    23.051     2.365    -3.365
  6488.056    23.051     2.365    -2.922
  6488.056    23.051     2.365    -3.416
  6488.061    23.051     2.365    -2.977
  6488.061    23.051     2.365    -2.831
  6488.061    23.051     2.365    -3.541
  6488.065    23.051     2.365    -2.722
  6488.065    23.051     2.365    -2.809
  6488.065    23.051     2.365    -3.763
  6488.072    23.051     2.365    -2.524
  6488.072    23.051     2.365    -2.863
  6488.072    23.051     2.365    -4.173
  6488.080    23.051     2.365    -2.360
  6488.080    23.051     2.365    -3.059
  6488.089    23.051     2.365    -2.219
  6488.342    92.0       1.678    -0.937
  6488.588    20.0       5.832    -4.854
  6488.681   607.0       0.551    -2.428               7.760
  6488.724   607.0       0.551    -2.806               7.760
  6488.768    22.0       3.869    -3.592
  6488.889   607.0       0.578    -1.935               7.760
  6488.906    21.0       3.057    -2.408
  6488.966   112.0       1.135    -1.459               1.340
  6488.966   112.0       1.135    -1.446               1.340
  6488.974    21.0       3.057    -1.727
  6489.001   607.0       0.578    -3.498               7.760
  6489.005    26.0       4.294    -4.079
  6489.042    20.0       5.796    -4.695
  6489.078    70.0       2.144    -0.600
  6489.415   607.0       0.416    -3.507               7.760
  6489.525   607.0       0.820    -2.499               7.760
  6489.526    22.0       3.574    -1.883
  6489.555   607.0       0.508    -3.243               7.760
  6489.582   607.0       0.664    -3.248               7.760
  6489.673    40.0       1.550    -0.850
  6489.859    15.0       8.228    -2.690
  6489.930    21.0       2.139    -3.926
  6489.944   607.0       0.516    -2.539               7.760
  6489.966   607.0       0.516    -3.125               7.760
  6490.006    27.0       4.175    -3.149
  6490.023    26.0       3.640    -4.424
  6490.047   607.0       1.478    -3.342               7.760
  6490.115   607.0       0.710    -2.142               7.760
  6490.177    27.059     2.042    -4.3  
  6490.177    27.059     2.042    -4.3  
  6490.177    27.059     2.042    -5.0  
  6490.182    20.0       5.832    -4.990
  6490.194    27.059     2.042    -4.1  
  6490.194    27.059     2.042    -4.1  
  6490.194    27.059     2.042    -4.8  
  6490.220    27.059     2.042    -3.9  
  6490.220    27.059     2.042    -4.0  
  6490.220    27.059     2.042    -4.8  
  6490.249   607.0       0.710    -3.303               7.760
  6490.255    27.059     2.042    -3.7
  6490.255    27.059     2.042    -3.9
  6490.255    27.059     2.042    -4.9
  6490.298    27.059     2.042    -3.2
  6490.298    27.059     2.042    -3.6
  6490.350    27.059     2.042    -2.7
  6490.350    27.059     2.042    -3.3
  6490.410    27.059     2.042    -3.3
  6490.410    27.059     2.042    -4.2
  6490.430   607.0       0.887    -3.714               7.760
  6490.469    20.0       5.821    -4.620
  6490.478    27.059     2.042    -3.6
  6490.490    24.0       5.280    -4.229
  6490.531   607.0       1.706    -3.311               7.760
  6490.597    23.051     2.359    -2.920
  6490.610    23.051     2.359    -2.920
  6490.610    23.051     2.359    -3.096
  6490.617    25.0       4.332    -1.437
  6490.630    23.051     2.359    -3.221
  6490.630    23.051     2.359    -2.756
  6490.630    23.051     2.359    -3.346
  6490.657    23.051     2.359    -2.782
  6490.657    23.051     2.359    -2.748
  6490.657    23.051     2.359    -3.774
  6490.674   607.0       1.586    -1.807               7.760
  6490.689    23.051     2.359    -2.499
  6490.689    23.051     2.359    -2.909
  6490.691   112.0       0.679    -4.723               1.340
  6490.704   607.0       1.706    -1.444               7.760
  6490.715    69.0       2.102    -1.036
  6490.730    23.051     2.359    -2.283
  6490.737    90.0       1.091    -1.719
  6490.756    23.0       4.281    -3.384
  6490.760   607.0       0.558    -2.393               7.760
  6490.782   607.0       1.628    -3.237               7.760
  6490.806   607.0       0.558    -2.810               7.760
  6490.807    62.1       1.586    -0.860
  6490.842    20.0       5.807    -4.745
  6490.928    22.0       3.581    -2.024
  6490.979    58.0       0.826    -0.703
  6491.241    24.1       9.235    -2.412
  6491.246    26.1       5.585    -2.791
  6491.274    62.0       0.185    -2.370
  6491.494    28.1       7.252    -3.529
  6491.523    25.1       6.573    -3.863
  6491.561    22.1       2.061    -2.0  
  6491.669      25.0     3.763    -2.641
  6491.669      25.0     3.763    -1.649
  6491.682      25.0     3.763    -2.459
  6491.682      25.0     3.763    -1.820
  6491.682      25.0     3.763    -2.641
  6491.692      25.0     3.763    -2.428
  6491.692      25.0     3.763    -2.005
  6491.692      25.0     3.763    -2.459
  6491.701      25.0     3.763    -2.493
  6491.701      25.0     3.763    -2.197
  6491.701      25.0     3.763    -2.428
  6491.707      25.0     3.763    -2.691
  6491.707      25.0     3.763    -2.372
  6491.707      25.0     3.763    -2.493
  6491.711      25.0     3.763    -2.436
  6491.711      25.0     3.763    -2.691
  6491.801   607.0       1.052    -4.301               7.760
  6491.805    21.0       4.991    -2.500
  6492.069   607.0       0.520    -2.467               7.760
  6492.094   607.0       0.520    -3.102               7.760
  6492.096    23.1       6.881    -2.934
  6492.210    23.1       6.101    -1.780
  6492.224   112.0       0.660    -3.203               1.340
  6492.311    26.1       7.940    -4.608
  6492.322    68.0       2.024     0.180
  6492.335    60.1       1.598    -1.008
  6492.386    15.0       8.286    -3.010
  6492.478    42.0       3.223    -1.709
  6492.485   607.0       0.510    -3.109               7.760
  6492.586    24.0       4.099    -2.574
  6492.595   607.0       0.483    -3.193               7.760
  6492.690   607.0       0.483    -2.331               7.760
  6492.781   607.0       0.677    -3.257               7.760
  6492.813   112.0       0.660    -3.175               1.340
  6492.859   112.0       1.087    -3.397               1.340
  6492.921   607.0       1.691    -2.015               7.760
  6493.035    26.1       5.585    -2.575
  6493.046   607.0       0.566    -2.361               7.760
  6493.070    22.0       3.199    -3.335
  6493.079    40.0       1.582    -1.520
  6493.095   607.0       0.566    -2.814               7.760
  6493.121    42.0       3.739    -0.999
  6493.163    20.0       5.728    -4.185
  6493.307   607.0       0.525    -2.635               7.760
  6493.492    59.0       0.819    -0.683
  6493.534   112.0       1.216    -2.461               1.340
  6493.534   112.0       1.216    -2.436               1.340
  6493.543   112.0       1.116    -3.470               1.340
  6493.781    20.0       2.521     0.140
  6493.900    22.0       3.424    -1.989
  6493.905   112.0       1.087    -3.363               1.340
  6493.916   607.0       0.665    -2.266               7.760
  6493.971   607.0       0.578    -3.495               7.760
  6493.985   112.0       1.116    -3.451               1.340
  6494.019    23.1       9.316    -1.512
  6494.080   607.0       0.665    -4.117               7.760
  6494.083   607.0       0.578    -1.923               7.760
  6494.097   607.0       0.520    -2.602               7.760
  6494.100   607.0       0.516    -2.652               7.760
  6494.205    23.0       3.632    -3.614
  6494.245    22.0       3.574    -1.918
  6494.362   607.0       0.524    -2.555               7.760
  6494.364   607.0       0.513    -2.708               7.760
  6494.365    24.1       7.380    -3.997
  6494.368   607.0       0.524    -2.403               7.760
  6494.382    23.0       4.256    -2.838
  6494.396   607.0       0.524    -3.085               7.760
  6494.420    25.1       6.493    -2.929
  6494.430    25.055     5.815    -3.633
  6494.431    25.055     5.815    -3.603
  6494.431    25.055     5.815    -3.348
  6494.434    25.055     5.815    -4.381
  6494.434    25.055     5.815    -3.427
  6494.434    25.055     5.815    -3.126
  6494.438    25.055     5.815    -4.302
  6494.438    25.055     5.815    -3.360
  6494.438    25.055     5.815    -2.942
  6494.443    25.055     5.815    -4.427
  6494.443    25.055     5.815    -3.386
  6494.443    25.055     5.815    -2.784
  6494.449    25.055     5.815    -4.779
  6494.449    25.055     5.815    -3.562
  6494.449    25.055     5.815    -2.644
  6494.497    26.0       4.73     -1.3  
  6494.500   112.0       0.821    -3.368               1.340
  6494.526    26.0       4.733    -5.0  
  6494.636   607.0       0.498    -2.324               7.760
  6494.640   607.0       0.710    -2.129               7.760
  6494.694    27.0       5.446    -4.220
  6494.794    22.0       2.267    -3.735
  6494.820   607.0       1.586    -3.025               7.760
  6494.822   607.0       0.510    -2.770               7.760
  6494.854   607.0       0.529    -2.512               7.760
  6494.888    59.0       1.083    -0.335
  6494.908   607.0       1.535    -3.846               7.760
  6494.941    58.0       0.911    -1.071
  6494.973   607.0       1.587    -1.801               7.760
  6494.980    26.0       2.404    -1.273       2.0
  6495.005    42.0       3.275    -2.293
  6495.095   112.0       1.307    -2.314               1.340
  6495.095   112.0       1.307    -2.332               1.340
  6495.228    92.1       0.569    -3.179
  6495.248   112.0       0.821    -3.345               1.340
  6495.344   112.0       1.135    -1.186               1.340
  6495.344   112.0       1.135    -1.208               1.340
  6495.349    22.0       3.570    -2.157
  6495.361    21.0       3.083    -0.977
  6495.502   607.0       0.574    -2.330               7.760
  6495.529   607.0       0.508    -2.838               7.760
  6495.554   607.0       0.574    -2.820               7.760
  6495.576    60.1       1.349    -1.520
  6495.582   607.0       0.534    -2.472               7.760
  6495.623   112.0       1.063    -0.907               1.340
  6495.623   112.0       1.063    -0.928               1.340
  6495.628   112.0       0.687    -4.794               1.340
  6495.632   607.0       0.513    -3.001               7.760
  6495.742    26.0       4.835    -0.940
  6495.969    24.0       4.778    -3.088
  6495.971   607.0       1.691    -3.520               7.760
  6496.032    21.0       2.146    -3.965
  6496.143    28.0       5.019    -3.738
  6496.155   112.0       0.880    -0.895               1.340
  6496.155   112.0       0.880    -0.859               1.340
  6496.188   607.0       1.691    -2.010               7.760
  6496.201    27.0       4.572    -2.016
  6496.201   607.0       0.690    -3.265               7.760
  6496.402    24.0       4.402    -4.071
  6496.437    44.0       3.410    -0.940
  6496.459    24.1       9.227    -4.220
  6496.467    26.0       4.795    -0.49 
  6496.480    22.1       3.124    -3.208
  6496.523   607.0       0.506    -2.914               7.760
  6496.530    21.1       7.439     0.017
  6496.553   607.0       0.539    -2.436               7.760
  6496.869   607.0       0.528    -2.346               7.760
  6496.897    56.1       0.604    -0.377
  6496.900   607.0       0.529    -3.074               7.760
  6497.020    22.0       3.186    -3.238
  6497.037    25.1       6.494    -2.198
  6497.043   607.0       0.596    -1.923               7.760
  6497.146   607.0       0.665    -4.115               7.760
  6497.159   607.0       0.596    -3.506               7.760
  6497.310   607.0       0.665    -2.257               7.760
  6497.407    56.1       5.697    -4.740
  6497.458   607.0       0.848    -2.501               7.760
  6497.616   607.0       0.525    -3.822               7.760
  6497.644   607.0       0.848    -3.909               7.760
  6497.684    22.0       1.443    -2.085
  6497.732   607.0       0.505    -3.000               7.760
  6497.737   607.0       0.428    -3.515               7.760
  6497.747   607.0       0.545    -2.401               7.760
  6497.762   607.0       0.525    -2.628               7.760
  6497.852    41.0       0.620    -2.050
  6498.076    23.0       3.529    -4.633
  6498.148   112.0       1.117    -3.038               1.340
  6498.161    28.0       5.413    -2.898
  6498.165    57.1       2.530    -0.688
  6498.165    23.0       2.374    -3.479
  6498.208    14.0       5.964    -3.470
  6498.211   607.0       0.582    -2.302               7.760
  6498.266   607.0       0.582    -2.826               7.760
  6498.287    24.0       5.282    -3.439
  6498.313   112.0       1.169    -3.250               1.340
  6498.451   607.0       0.731    -2.132               7.760
  6498.588   607.0       0.731    -3.311               7.760
  6498.655    62.1       1.064    -1.166
  6498.757    56.0       1.190     0.580
  6498.836   112.0       1.117    -2.999               1.340
  6498.933    59.1       1.254    -0.980
  6498.939    26.0       0.958    -4.58       0.01
  6498.946   112.0       1.066    -4.814               1.340
  6498.956   607.0       0.421    -4.138               7.760
  6498.978    28.0       5.280    -2.259
  6498.984   607.0       0.516    -2.911               7.760
  6499.021    14.0       5.619    -4.170
  6499.099    15.0       8.284    -3.780
  6499.107    28.1       6.952    -3.445
  6499.175   607.0       0.504    -3.096               7.760
  6499.184   607.0       0.912    -3.720               7.760
  6499.192   607.0       0.551    -2.369               7.760
  6499.230    14.0       5.863    -3.230
  6499.284    20.0       5.821    -4.889
  6499.339    21.0       4.684    -2.840
  6499.339    21.0       4.684    -3.409
  6499.522   607.0       0.534    -2.295               7.760
  6499.525    23.1       6.101    -2.650
  6499.557   607.0       0.534    -3.066               7.760
  6499.650    20.0       2.523    -0.590
  6499.730   112.0       0.566    -3.656               1.340
  6499.764   112.0       0.695    -4.857               1.340
  6499.834   607.0       0.703    -3.274               7.760
  6499.850    24.0       6.121    -3.463
  6499.906    22.0       1.502    -4.080
  6500.030   607.0       1.731    -1.444               7.760
  6500.142    60.0       1.336    -0.120
  6500.176    26.0       4.835    -3.0  
  6500.281    23.0       1.376    -4.183
  6500.345   112.0       1.358    -0.911               1.340
  6500.345   112.0       1.358    -0.900               1.340
  6500.366    23.0       4.258    -3.120
  6500.476    21.1       7.430     0.226
  6500.492   607.0       1.761    -2.318               7.760
  6500.577   112.0       0.566    -3.624               1.340
  6500.689   607.0       0.498    -3.201               7.760
  6500.704    22.0       3.407    -2.900
  6500.717    21.1       7.430    -0.770
  6500.725    59.0       1.196     0.077
  6500.787   607.0       0.498    -2.316               7.760
  6500.827    27.0       5.368    -4.124
  6500.827   607.0       0.558    -2.339               7.760
  6500.871   607.0       0.503    -3.198               7.760
  6500.987    62.0       0.388    -1.884
  6500.987    62.0       0.388    -1.879
  6500.991   607.0       0.848    -2.492               7.760
  6501.042    24.0       4.855    -3.582
  6501.106   607.0       0.591    -2.275               7.760
  6501.164   607.0       0.591    -2.833               7.760
  6501.185    24.0       0.983    -4.1
  6501.221    14.0       5.984    -2.1  
  6501.503    63.0       1.912    -0.510
  6501.670    26.0       4.0      -2.1
  6501.691    22.0       2.487    -2.168
  6501.837    23.0       3.315    -2.934
  6501.854    24.0       4.207    -2.400