Mn 4966 +/- 10 with hfs  
  4955.018 106.00112     2.856    -2.501               3.456
  4955.035 106.00113     2.853    -3.404               3.456
  4955.082      70.1     7.005    -2.140
  4955.086     607.0     0.574    -3.447               7.650
  4955.095      58.1     1.013    -3.560
  4955.116     607.0     0.614    -4.894               7.650
  4955.186     607.0     0.614    -3.301               7.650
  4955.204     607.0     1.218    -3.141               7.650
  4955.218     607.0     1.788    -4.279               7.650
  4955.234      22.0     2.506    -1.811
  4955.266      44.0     3.325     0.280
  4955.294     607.0     1.627    -3.003               7.650
  4955.308     607.0     1.218    -3.151               7.650
  4955.317     607.0     0.524    -4.184               7.650
  4955.320 106.00113     2.853    -3.393               3.456
  4955.333     607.0     0.524    -3.512               7.650
  4955.350    27.1      11.252    -0.320
  4955.362      23.0     1.711    -3.230
  4955.374 106.00112     2.938    -2.476               3.456
  4955.401 106.00112     2.938    -2.488               3.456
  4955.444      22.0     3.104    -2.483
  4955.539 106.00112     2.167    -2.782               3.456
  4955.544      24.1     8.634    -3.574
  4955.563     607.0     0.513    -4.082               7.650
  4955.574     607.0     0.513    -4.178               7.650
  4955.622 106.00112     2.167    -2.800               3.456
  4955.633     607.0     0.551    -3.328               7.650
  4955.658     607.0     0.551    -4.211               7.650
  4955.705     8.1      26.561    -0.574
  4955.765 106.00113     1.961    -3.060               3.456
  4955.775      92.0     0.948    -0.778
  4955.942      62.1     1.348    -1.231
  4955.956      22.0     3.090    -1.505
  4955.961      58.0     0.493    -0.751
  4955.961 106.00113     1.961    -3.071               3.456
  4956.030      24.1     8.763    -3.070
  4956.043     607.0     0.731    -3.534               7.650
  4956.045      59.0     0.000    -0.766
  4956.049      58.1     1.546    -3.090
  4956.097 106.00112     2.232    -2.781               3.456
  4956.099 106.00112     2.935    -3.237               3.456
  4956.116     607.0     1.246    -2.743               7.650
  4956.123     607.0     0.731    -4.691               7.650
  4956.146      62.1     1.687    -1.222
  4956.146    19.0       1.617    -2.504
  4956.198     607.0     1.246    -2.756               7.650
  4956.222 106.00112     2.347    -3.142               3.456
  4956.241 106.00112     2.347    -2.926               3.456
  4956.245     607.0     0.600    -3.413               7.650
  4956.255      58.1     1.412    -1.250
  4956.281     607.0     0.600    -3.986               7.650
  4956.291 106.00113     2.935    -3.237               3.456
  4956.300 106.00112     2.232    -2.763               3.456
  4956.306     607.0     0.545    -3.682               7.650
  4956.363      26.0     4.294    -4.516
  4956.372 106.00112     2.935    -3.223               3.456
  4956.391      58.1     4.252    -1.340
  4956.425     607.0     1.547    -4.549               7.650
  4956.506     607.0     0.534    -4.178               7.650
  4956.526     607.0     0.534    -3.413               7.650
  4956.527     607.0     1.547    -2.655               7.650
  4956.567      42.0     3.303    -1.177
  4956.568     607.0     0.508    -4.856               7.650
  4956.637      59.1     0.630    -0.909
  4956.640 106.00112     1.091    -3.192               3.456
  4956.654 106.00112     0.751    -4.244               3.456
  4956.657     607.0     1.788    -4.274               7.650
  4956.701      22.0     3.104    -2.109
  4956.711 106.00112     1.091    -3.104               3.456
  4956.711      22.0     2.677    -2.586
  4956.712      70.1     7.003    -2.420
  4956.717      24.0     3.449    -3.335
  4956.718 106.00113     2.935    -3.223               3.456
  4956.719     607.0     0.528    -4.180               7.650
  4956.737     607.0     0.529    -3.460               7.650
  4956.765      25.0     4.332    -2.087
  4956.797      64.0     1.881     0.081
  4956.813     607.0     1.552    -3.836               7.650
  4956.938      58.1     1.013    -2.350
  4956.942      23.0     2.122    -3.088
  4956.947     607.0     0.582    -3.422               7.650
  4956.961      42.0     3.782    -1.294
  4956.976      21.1     8.231    -1.198
  4956.989    27.1      11.150     0.090
  4957.053      42.0     3.318    -1.916
  4957.077      25.1     8.129    -3.181
  4957.082 106.00112     0.751    -4.141               3.456
  4957.084      23.0     1.376    -4.395
  4957.092    56.1       5.983     0.190
  4957.104      70.1     8.423    -2.410
  4957.129     607.0     0.516    -4.044               7.650
  4957.142     607.0     0.516    -4.080               7.650
  4957.160     607.0     1.627    -2.997               7.650
  4957.170      69.0     2.355     0.260
  4957.178      21.1     8.255    -1.213
  4957.220 106.00113     1.949    -3.411               3.456
  4957.226      58.1     1.206    -1.900
  4957.239      20.0     2.526    -3.747
  4957.243      70.1     7.370    -1.060
  4957.291 106.00112     3.381    -2.221               3.456
  4957.291      64.0     1.963     0.372
  4957.299    26.0       2.849    -0.408
  4957.310      69.1     3.947    -2.330
  4957.348      66.1     0.000    -1.090
  4957.356      58.1     1.140    -2.730
  4957.367      69.1     4.531    -2.650
  4957.371      22.0     2.345    -2.108
  4957.372      74.0     1.708    -1.780
  4957.377      21.0     3.057    -4.041
  4957.441      24.0     2.987    -4.997
  4957.442      28.0     4.266    -3.224
  4957.442     607.0     0.534    -3.808               7.650
  4957.472      22.0     1.443    -3.00
  4957.513     607.0     0.510    -4.694               7.650
  4957.515 106.00113     1.949    -3.387               3.456
  4957.530      42.0     2.276    -0.929
  4957.538     607.0     0.848    -4.163               7.650
  4957.551      58.1     1.528    -2.050
  4957.597    26.0       2.806     0.233
  4957.610 106.00113     1.949    -4.820               3.456
  4957.672      23.0     1.712    -4.683
  4957.681     607.0     1.444    -3.007               7.650
  4957.682      26.0     4.191    -0.500
  4957.684      24.1     6.605    -2.930
  4957.721      25.0     4.354    -2.747
  4957.723     607.0     0.690    -4.407               7.650
  4957.726 106.00112     3.382    -2.211               3.456
  4957.740      58.1     1.355    -2.860
  4957.773      23.0     3.099    -3.320
  4957.775 106.00113     3.545    -1.396               3.456
  4957.800      24.1     6.285    -3.016
  4957.893 106.00113     3.381    -2.221               3.456
  4957.896 106.00113     1.962    -2.747               3.456
  4957.935 106.00113     1.962    -3.071               3.456
  4957.954      24.0     4.533    -3.255
  4957.977 106.00112     1.961    -3.060               3.456
  4958.002     107.0     3.148    -3.502               3.450
  4958.007      22.0     2.695    -3.305
  4958.020      20.0     4.624    -3.466
  4958.024 106.00113     1.949    -3.411               3.456
  4958.028     607.0     0.558    -3.291               7.650
  4958.028     107.0     3.148    -3.502               3.450
  4958.055     607.0     0.558    -4.213               7.650
  4958.080      24.0     5.211    -4.241
  4958.110 106.00113     3.545    -1.386               3.456
  4958.136      60.1     0.380    -1.35
  4958.161     607.0     0.539    -4.178               7.650
  4958.181 106.00113     2.234    -2.763               3.456
  4958.182     607.0     0.539    -3.369               7.650
  4958.183 106.00112     1.961    -3.071               3.456
  4958.193      42.0     2.918    -2.190
  4958.234      58.1     1.365    -2.900
  4958.240 106.00113     1.949    -3.387               3.456
  4958.250      26.0     4.607    -1.75
  4958.272      23.1     8.757    -3.515
  4958.273      24.0     3.435    -3.702
  4958.275      22.0     0.900    -3.216
  4958.279 106.00113     2.234    -2.781               3.456
  4958.296    27.1      11.150    -0.450
  4958.306 106.00112     2.856    -3.393               3.456
  4958.362     607.0     0.632    -3.301               7.650
  4958.363     607.0     0.593    -4.268               7.650
  4958.381      26.0     4.256    -3.972
  4958.412      23.0     2.138    -3.034
  4958.415 106.00113     1.949    -4.820               3.456
  4958.433     607.0     0.632    -4.904               7.650
  4958.454      58.1     1.014    -1.210
  4958.464 106.00113     3.382    -2.211               3.456
  4958.695      23.0     2.638    -2.614
  4958.722     607.0     0.731    -3.521               7.650
  4958.724      90.1     0.189    -3.227
  4958.742     607.0     0.609    -3.389               7.650
  4958.758      64.0     1.401     0.117
  4958.768     607.0     1.198    -3.151               7.650
  4958.779     607.0     0.609    -3.993               7.650
  4958.815      64.1     1.102    -1.380
  4958.838 106.00112     2.856    -3.404               3.456
  4958.847      24.0     3.556    -2.146
  4958.852 106.00113     2.300    -2.762               3.456
  4958.863     607.0     0.520    -4.016               7.650
  4958.869      69.1     4.778    -2.200
  4958.870     607.0     1.198    -3.161               7.650
  4958.872      69.1     4.660    -2.310
  4958.872      70.1     5.510    -2.710
  4958.878     607.0     0.520    -3.996               7.650
  4958.911      58.1     2.596    -1.380
  4958.912      24.0     5.529    -4.147
  4958.926      69.1     4.784    -2.700
  4958.938     607.0     1.231    -2.756               7.650
  4958.951      27.0     1.740    -4.262
  4958.965     607.0     0.591    -3.398               7.650
  4958.978      25.1     6.913    -4.066
  4959.009      22.0     1.046    -4.647
  4959.011     607.0     1.231    -2.769               7.650
  4959.061 106.00113     2.300    -2.745               3.456
  4959.076      69.1     4.235    -1.900
  4959.112      58.1     1.544    -3.090
  4959.115      60.1     0.064    -0.800
  4959.175      70.1     5.341    -2.940
  4959.198      26.0     4.835    -1.50
  4959.241      26.0     4.956    -3.432
  4959.346     607.0     1.349    -4.594               7.650
  4959.347      23.0     2.097    -3.892
  4959.353      26.0     4.549    -3.542
  4959.357     607.0     1.398    -2.810               7.650
  4959.369      74.1     2.745    -1.020
  4959.416     107.0     3.160    -3.259               3.450
  4959.436      28.0     3.597    -4.168
  4959.440 106.00113     2.398    -3.142               3.456
  4959.441      20.0     5.018    -3.259
  4959.455      23.0     3.087    -2.998
  4959.467     107.0     3.160    -3.259               3.450
  4959.526     607.0     0.483    -4.930               7.650
  4959.531      24.0     3.556    -2.514
  4959.585 106.00112     1.949    -3.411               3.456
  4959.599      58.1     1.666    -1.500
  4959.603      66.0     2.386     0.269
  4959.634      26.1     6.219    -4.235
  4959.645     607.0     0.545    -4.609               7.650
  4959.650      42.0     1.382    -3.558
  4959.672 106.00113     2.398    -3.122               3.456
  4959.681      27.0     0.629    -4.25
  4959.686 106.00112     1.949    -4.820               3.456
  4959.691     607.0     0.848    -4.154               7.650
  4959.707     607.0     0.545    -3.674               7.650
  4959.763 106.00113     2.941    -2.476               3.456
  4959.782     607.0     1.505    -3.340               7.650
  4959.871      44.0     3.325    -0.030
  4959.897      58.1     1.194    -3.320
  4959.898 106.00112     1.949    -3.387               3.456
  4959.933     607.0     0.715    -3.912               7.650
  4959.972     607.0     0.545    -4.180               7.650
  4959.995     607.0     0.545    -3.329               7.650
  4959.996 106.00112     2.455    -3.833               3.456
  4960.045     607.0     1.444    -4.270               7.650
  4960.085 106.00112     2.455    -3.844               3.456
  4960.090      23.0     2.678    -2.274
  4960.110 106.00112     1.962    -3.060               3.456
  4960.140     607.0     1.444    -3.001               7.650
  4960.159 106.00112     1.962    -3.071               3.456
  4960.160      69.0     2.184    -1.910
  4960.181      24.1     8.576    -2.140
  4960.187     607.0     0.539    -3.758               7.650
  4960.198      63.0     1.970    -0.150
  4960.223 106.00112     2.937    -3.223               3.456
  4960.262      59.0     0.000    -0.474
  4960.272 106.00112     2.234    -2.763               3.456
  4960.296     107.0     3.280    -3.231               3.450
  4960.297 106.00113     2.941    -2.488               3.456
  4960.306      26.0     3.882    -3.623
  4960.310      69.1     4.110    -2.490
  4960.326      27.0     3.053    -3.718
  4960.370 106.00112     2.234    -2.781               3.456
  4960.375 106.00112     2.937    -3.237               3.456
  4960.390 106.00112     1.949    -3.411               3.456
  4960.475      70.1     7.273    -2.070
  4960.489 106.00113     0.777    -4.155               3.456
  4960.491 106.00112     1.949    -4.820               3.456
  4960.495      90.1     1.205    -2.110
  4960.526      24.1     4.294    -4.442
  4960.567 106.00113     2.937    -3.237               3.456
  4960.570 106.00113     2.937    -3.223               3.456
  4960.575     607.0     0.566    -3.257               7.650
  4960.592      58.1     1.520    -3.140
  4960.604     607.0     0.566    -4.216               7.650
  4960.609      26.0     4.796    -2.642
  4960.624 106.00112     1.949    -3.387               3.456
  4960.654     607.0     0.703    -4.416               7.650
  4960.685     107.0     3.280    -3.231               3.450
  4960.691      20.0     6.046    -1.914
  4960.758     607.0     0.524    -3.995               7.650
  4960.775     607.0     0.524    -3.923               7.650
  4960.793      42.0     3.717    -1.587
  4960.826 106.00113     0.777    -4.057               3.456
  4960.844      58.1     1.694    -0.510
  4960.846 106.00113     3.545    -4.215               3.456
  4960.873      20.0     6.046    -2.540
  4960.920     607.0     0.593    -4.262               7.650
  4960.944 106.00112     2.300    -2.762               3.456
  4960.951      20.0     6.046    -2.101
  4961.020      69.1     4.736    -1.630
  4961.045      26.0     4.30     -1.90
  4961.105      70.1     5.671    -2.350
  4961.112      26.0     4.256    -3.433
  4961.113     607.0     0.632    -4.902               7.650
  4961.139 106.00113     3.168    -2.873               3.456
  4961.147     607.0     0.600    -3.375               7.650
  4961.156 106.00112     2.300    -2.745               3.456
  4961.176      26.0     3.929    -4.936
  4961.185     607.0     0.632    -3.289               7.650
  4961.200 106.00112     2.398    -3.142               3.456
  4961.216      58.1     1.355    -2.210
  4961.217      27.1     8.061    -3.526
  4961.225     607.0     0.513    -4.590               7.650
  4961.260      58.1     3.038    -2.620
  4961.301      27.0     1.710    -3.60
  4961.301      58.1     1.274    -2.210
  4961.342     107.0     3.175    -3.116               3.450
  4961.387      60.1     0.631    -0.65
  4961.390 106.00112     2.398    -3.122               3.456
  4961.396     607.0     0.619    -3.366               7.650
  4961.407 106.00113     3.168    -2.860               3.456
  4961.428     107.0     3.175    -3.116               3.450
  4961.435     607.0     0.619    -4.001               7.650
  4961.437      58.1     0.265    -2.940
  4961.441      23.1     2.514    -3.892
  4961.446 106.00113     1.143    -3.104               3.456
  4961.459 106.00113     2.856    -3.393               3.456
  4961.476 106.00113     2.874    -2.581               3.456
  4961.477      42.0     3.390    -2.249
  4961.479      64.0     1.495    -0.302
  4961.489      58.1     0.696    -1.500
  4961.515      25.0     5.349    -1.797
  4961.523 106.00113     1.143    -3.015               3.456
  4961.534      20.0     5.049    -4.643
  4961.578      24.0     5.134    -3.215
  4961.624 106.00112     2.941    -2.476               3.456
  4961.665 106.00113     3.024    -2.464               3.456
  4961.673 106.00113     3.024    -2.476               3.456
  4961.673 106.00113     2.856    -3.404               3.456
  4961.697     607.0     1.217    -2.769               7.650
  4961.769     607.0     1.217    -2.783               7.650
  4961.798     607.0     1.505    -4.755               7.650
  4961.841     607.0     1.634    -4.608               7.650
  4961.843      27.0     4.395    -2.813
  4961.845 106.00113     2.874    -2.567               3.456
  4961.850      24.1     7.943    -3.133
  4961.897 106.00112     3.545    -1.396               3.456
  4961.913      26.0     3.634    -2.60
  4961.914     607.0     1.505    -3.335               7.650
  4961.917 106.00112     3.395    -2.757               3.456
  4961.922      21.1     8.240    -1.362
  4961.935     607.0     0.551    -4.184               7.650
  4961.939      25.1     7.760    -4.452
  4961.940      62.1     0.434    -1.090
  4961.958      26.0     4.186    -2.30
  4961.960     607.0     0.551    -3.292               7.650
  4961.986 106.00113     2.009    -3.068               3.456
  4962.009      58.1     3.847    -2.020
  4962.038     607.0     0.715    -3.904               7.650
  4962.062     607.0     1.725    -3.502               7.650
  4962.084    27.1      11.333    -0.550
  4962.103      58.1     1.103    -1.710
  4962.114 106.00112     3.545    -4.215               3.456
  4962.170 106.00112     2.941    -2.488               3.456
  4962.178 106.00113     2.009    -3.086               3.456
  4962.181      26.0     4.796    -3.927
  4962.204      24.0     5.271    -0.950
  4962.205 106.00112     2.874    -2.581               3.456
  4962.242      40.0     1.858    -0.870
  4962.247 106.00113     2.399    -3.142               3.456
  4962.252 106.00113     2.399    -3.122               3.456
  4962.258     607.0     0.752    -3.524               7.650
  4962.263    38.0       1.847     0.35
  4962.264 106.00113     2.455    -3.844               3.456
  4962.277      22.0     1.053    -4.356
  4962.281     607.0     1.178    -3.161               7.650
  4962.300      58.1     0.897    -2.130
  4962.310      40.1     0.972    -2.000
  4962.323      23.1     5.537    -2.875
  4962.340     607.0     0.752    -4.698               7.650
  4962.355 106.00112     3.395    -2.746               3.456
  4962.356    27.1      11.150     0.550
  4962.365 106.00112     3.545    -1.386               3.456
  4962.380      72.0     2.250    -1.190
  4962.381     607.0     1.178    -3.170               7.650
  4962.488 106.00113     2.455    -3.833               3.456
  4962.491 106.00112     2.874    -2.567               3.456
  4962.509     607.0     0.561    -3.668               7.650
  4962.514      58.1     0.417    -2.750
  4962.545      63.0     1.978    -0.150
  4962.572    26.0       4.175    -1.182
  4962.614      27.0     3.530    -1.928
  4962.693      25.0     4.345    -2.439
  4962.702      28.0     3.768    -3.608
  4962.728     607.0     0.574    -3.225               7.650
  4962.758     607.0     0.574    -4.220               7.650
  4962.777      58.1     1.244    -1.300
  4962.841     607.0     0.528    -3.980               7.650
  4962.859     607.0     0.529    -3.859               7.650
  4962.864      70.1     7.370    -2.340
  4962.891      69.1     4.684    -1.980
  4962.897      42.0     3.198    -2.077
  4962.904      69.1     3.631    -2.210
  4963.078     607.0     0.545    -3.711               7.650
  4963.089      28.0     4.167    -2.536
  4963.190      90.1     1.378    -1.837
  4963.228     607.0     0.516    -4.517               7.650
  4963.230 106.00113     2.302    -2.745               3.456
  4963.263      22.0     0.826    -4.577
  4963.324      60.0     0.626     0.230
  4963.333 106.00112     3.384    -2.211               3.456
  4963.343 106.00113     2.302    -2.762               3.456
  4963.456      23.1     6.101    -4.056
  4963.483      39.0     1.983    -1.690
  4963.487     607.0     0.609    -3.354               7.650
  4963.491      23.1     6.542    -4.472
  4963.515 106.00112     3.024    -2.464               3.456
  4963.528 106.00112     3.385    -2.221               3.456
  4963.535 106.00112     3.024    -2.476               3.456
  4963.573      22.0     3.215    -3.676
  4963.614 106.00112     2.768    -3.404               3.456
  4963.620     607.0     1.634    -4.604               7.650
  4963.644      24.1     6.605    -2.894
  4963.651 106.00112     2.768    -3.415               3.456
  4963.690 106.00113     3.548    -1.386               3.456
  4963.693     607.0     1.725    -3.497               7.650
  4963.703      45.0     1.365    -1.650
  4963.725      23.1     3.973    -2.120
  4963.726     607.0     0.717    -4.424               7.650
  4963.737      22.0     3.323    -2.454
  4963.742      40.0     1.949    -0.700
  4963.772      25.1     7.758    -4.931
  4963.776      22.0     3.583    -0.815
  4963.782      69.1     3.936    -1.570
  4963.817     107.0     3.195    -3.013               3.450
  4963.853      58.1     0.561    -2.970
  4963.946     107.0     3.195    -3.013               3.450
  4963.971 106.00112     2.399    -3.122               3.456
  4963.981      22.1     5.885    -3.210
  4964.006     607.0     1.574    -2.655               7.650
  4964.008      22.1     4.009    -4.365
  4964.008 106.00112     2.399    -3.142               3.456
  4964.016      23.1     6.845    -3.448
  4964.028 106.00113     3.548    -1.396               3.456
  4964.070 106.00113     2.370    -2.744               3.456
  4964.072 106.00113     3.384    -2.211               3.456
  4964.074     607.0     0.558    -4.188               7.650
  4964.091      26.0     3.884    -2.90
  4964.101     607.0     0.558    -3.257               7.650
  4964.111     607.0     1.574    -4.556               7.650
  4964.117      69.1     4.708    -3.200
  4964.119      90.1     1.346    -1.550
  4964.132 106.00113     3.385    -2.220               3.456
  4964.168    27.1      11.150     0.600
  4964.180     607.0     0.630    -3.345               7.650
  4964.195      69.1     3.797    -0.870
  4964.213 106.00112     2.009    -3.00                3.456
  4964.220     607.0     0.630    -4.009               7.650
  4964.223 106.00112     3.168    -2.873               3.456
  4964.289 106.00113     2.370    -2.728               3.456
  4964.292      24.1     3.909    -4.947
  4964.331 106.00113     2.010    -3.068               3.456
  4964.351 106.00113     2.010    -3.086               3.456
  4964.360      58.1     1.500    -1.490
  4964.371 106.00113     3.395    -2.757               3.456
  4964.375      26.0     3.884    -5.118
  4964.402     107.0     3.335    -3.572               3.450
  4964.409      42.0     2.523    -1.271
  4964.415 106.00112     2.009    -3.086               3.456
  4964.421      22.0     3.186    -3.713
  4964.426     607.0     1.203    -2.783               7.650
  4964.430 106.00113     1.978    -3.378               3.456
  4964.480      22.0     1.460    -2.70
  4964.483     607.0     1.203    -2.797               7.650
  4964.526      22.0     3.334    -2.560
  4964.553     607.0     0.651    -3.289               7.650
  4964.566      62.1     0.188    -1.860
  4964.573 106.00112     3.168    -2.860               3.456
  4964.585      23.1     8.730    -4.188
  4964.615      22.0     3.559    -3.944
  4964.627     607.0     0.651    -4.912               7.650
  4964.680      69.0     2.695    -1.380
  4964.704 106.00113     1.978    -3.365               3.456
  4964.716    22.0       1.969    -1.00
  4964.722      58.1     1.613    -2.740
  4964.812 106.00112     0.777    -4.155               3.456
  4964.842      25.0     4.660    -2.763
  4964.852 106.00113     1.978    -4.882               3.456
  4964.898     607.0     0.752    -3.511               7.650
  4964.927      24.0     0.941    -2.527
  4964.950      21.0     2.001    -2.143
  4965.003      19.0     1.617    -3.200
  4965.030      19.0     1.617    -2.240
  4965.038      69.1     4.856    -2.350
  4965.046      64.1     2.406    -0.376
  4965.051 106.00113     3.395    -2.746               3.456
  4965.079    18.1      17.266    -0.234
  4965.081     607.0     0.534    -3.970               7.650
  4965.101     607.0     0.534    -3.802               7.650
  4965.166      28.0     3.796    -1.25
  4965.192 106.00112     0.777    -4.057               3.456
  4965.209      27.0     3.971    -1.501
  4965.258      26.0     4.580    -3.291
  4965.287      69.1     4.340    -2.440
  4965.287     607.0     0.582    -3.195               7.650
  4965.319     607.0     0.582    -4.225               7.650
  4965.327 106.00112     2.302    -2.745               3.456
  4965.372      41.0     1.354    -1.420
  4965.374      23.0     2.130    -3.017
  4965.387 106.00113     1.978    -3.378               3.456
  4965.409      23.1     3.799    -1.043
  4965.419      25.0     4.660    -3.811
  4965.419      26.0     4.607    -3.426
  4965.433 106.00112     1.143    -3.104               3.456
  4965.438 106.00112     2.302    -2.762               3.456
  4965.442      22.0     3.179    -2.672
  4965.480      22.0     3.199    -2.311
  4965.483 106.00112     1.143    -3.015               3.456
  4965.531     607.0     0.520    -4.465               7.650
  4965.532     107.0     3.335    -3.572               3.450
  4965.572 106.00113     1.978    -3.365               3.456
  4965.610      69.1     2.692    -1.720
  4965.662      69.1     4.266    -2.560
  4965.743     607.0     1.159    -3.170               7.650
  4965.780      26.0     2.845    -3.828
  4965.780      60.1     0.550    -1.860
  4965.780      62.1     1.670    -1.200
  4965.787     607.0     0.561    -4.617               7.650
  4965.805      24.0     5.274    -0.884
  4965.808     607.0     0.498    -4.937               7.650
  4965.808 106.00113     1.978    -4.882               3.456
  4965.841     607.0     1.159    -3.181               7.650
  4965.844      25.0     2.888    -4.503
  4965.844      25.0     2.888    -3.088
  4965.844      25.0     2.888    -1.992
  4965.850      25.0     2.888    -4.168
  4965.850      25.0     2.888    -2.900
  4965.850      25.0     2.888    -2.096
  4965.852     607.0     0.561    -3.660               7.650
  4965.855      25.0     2.888    -4.071
  4965.855      25.0     2.888    -2.862
  4965.855      25.0     2.888    -2.209
  4965.859      25.0     2.888    -4.202
  4965.859      25.0     2.888    -2.917
  4965.859      25.0     2.888    -2.331
  4965.862      25.0     2.888    -3.105
  4965.862      25.0     2.888    -2.461
  4965.864      25.0     2.888    -2.594
  4965.978     607.0     0.619    -3.333               7.650
  4965.993      27.0     4.058    -2.188
  4965.998 106.00112     3.547    -2.737               3.456
  4966.008     607.0     0.875    -4.156               7.650
  4966.028      22.0     2.160    -1.411
  4966.028      24.0     5.271    -0.294
  4966.040      21.0     3.172    -3.320
  4966.044     607.0     1.574    -4.554               7.650
  4966.085      23.1     1.793    -3.795
  4966.089    26.0       3.329    -0.871
  4966.111     607.0     0.551    -3.669               7.650
  4966.112      23.0     2.968    -0.335
  4966.119      71.0     0.247    -3.310
  4966.149     607.0     1.574    -2.648               7.650
  4966.156 106.00113     3.171    -2.860               3.456
  4966.169 106.00112     2.370    -2.744               3.456
  4966.183 106.00113     2.768    -3.415               3.456
  4966.231     107.0     3.152    -3.502               3.450
  4966.256     107.0     3.152    -3.502               3.450
  4966.298      20.0     5.181    -2.254
  4966.314      69.1     3.958    -1.290
  4966.359 106.00113     2.876    -2.567               3.456
  4966.365     607.0     0.566    -4.194               7.650
  4966.371      69.1     4.288    -3.210
  4966.374      58.0     0.965    -0.119
  4966.391 106.00112     2.370    -2.728               3.456
  4966.393     607.0     0.566    -3.225               7.650
  4966.408 106.00112     2.458    -3.833               3.456
  4966.435      24.0     4.613    -2.045
  4966.442 106.00113     2.877    -2.581               3.456
  4966.447 106.00113     3.171    -2.873               3.456
  4966.455 106.00113     2.768    -3.404               3.456
  4966.459      42.0     3.782    -1.283
  4966.477     607.0     1.659    -2.997               7.650
  4966.489 106.00112     3.547    -2.727               3.456
  4966.561 106.00112     2.010    -3.068               3.456
  4966.574      24.0     3.122    -4.350
  4966.581      27.0     3.971    -0.80
  4966.581      27.0     0.432    -4.117
  4966.582      70.1     6.570    -2.940
  4966.590 106.00112     2.010    -3.086               3.456
  4966.611      22.0     3.178    -4.235
  4966.623      68.1     2.479    -0.567
  4966.627      69.1     2.508    -3.700
  4966.660      22.0     3.546    -3.962
  4966.671      26.0     5.010    -4.289
  4966.786     607.0     0.616    -4.259               7.650
  4966.795      24.0     3.850    -0.950
  4966.820 106.00112     1.978    -3.378               3.456
  4966.890     107.0     3.218    -2.932               3.450
  4966.903      70.0     2.444    -0.459
  4966.914 106.00112     1.978    -4.882               3.456
  4966.931 106.00112     2.458    -3.844               3.456
  4966.968     607.0     0.731    -4.432               7.650
  4966.975      68.0     0.624    -1.214
  4967.005 106.00112     2.876    -2.567               3.456
  4967.022      26.0     4.956    -3.265
  4967.070     107.0     3.218    -2.932               3.450
  4967.077 106.00112     3.397    -2.746               3.456
  4967.079     607.0     1.189    -2.797               7.650
  4967.100     607.0     0.641    -3.324               7.650
  4967.106 106.00113     3.548    -4.215               3.456
  4967.109 106.00112     1.978    -3.365               3.456
  4967.113      69.1     4.914    -1.530
  4967.116      26.1     6.223    -3.624
  4967.140      60.1     1.160    -1.530
  4967.143     607.0     0.641    -4.017               7.650
  4967.163      22.1     4.009    -4.607
  4967.169     607.0     1.189    -2.811               7.650
  4967.173 106.00112     2.877    -2.581               3.456
  4967.182      69.1     3.955    -1.930
  4967.241      58.1     0.721    -2.190
  4967.244     607.0     0.651    -4.909               7.650
  4967.257      26.0     4.186    -4.945
  4967.284 106.00112     3.398    -2.757               3.456
  4967.296      22.0     0.000    -3.90
  4967.300      24.0     5.277    -0.907
  4967.318     607.0     0.651    -3.278               7.650
  4967.322      92.0     0.471    -1.251
  4967.342      70.1     5.954    -2.020
  4967.394     607.0     1.469    -2.998               7.650
  4967.417    27.1      11.335    -0.160
  4967.454      24.0     3.449    -2.624
  4967.483     607.0     0.539    -3.964               7.650
  4967.504     607.0     0.539    -3.750               7.650
  4967.518      27.0     4.232    -1.204
  4967.520      28.0     3.796    -1.570
  4967.546      25.1     7.760    -3.728
  4967.649     607.0     1.586    -3.834               7.650
  4967.778 106.00112     1.978    -3.378               3.456
  4967.780      41.0     1.613    -0.990
  4967.802 106.00113     3.547    -2.737               3.456
  4967.807 106.00113     2.451    -3.122               3.456
  4967.871 106.00112     1.978    -4.882               3.456
  4967.897      26.0     4.191    -0.617
  4967.901      27.0     4.058    -1.017
  4967.944    38.0       1.847    -0.630
  4967.955 106.00112     3.548    -1.386               3.456
  4967.976      24.0     5.274    -0.117
  4967.978 106.00112     1.978    -3.365               3.456
  4968.034 106.00113     3.028    -2.464               3.456
  4968.047 106.00113     2.451    -3.102               3.456
  4968.081      69.1     4.114    -0.440
  4968.119     607.0     0.591    -3.166               7.650
  4968.142     607.0     0.875    -4.147               7.650
  4968.153     607.0     0.591    -4.230               7.650
  4968.160 106.00112     3.548    -1.396               3.456
  4968.238      22.0     2.236    -3.213
  4968.249     607.0     0.524    -4.426               7.650
  4968.277      26.0     4.549    -2.90
  4968.290      58.1     1.575    -1.560
  4968.351     607.0     0.740    -3.904               7.650
  4968.378 106.00112     3.548    -4.215               3.456
  4968.392      26.0     4.220    -1.95
  4968.395      58.1     1.014    -1.000
  4968.422 106.00113     2.059    -3.084               3.456
  4968.482      26.0     3.301    -3.55
  4968.489 106.00113     3.547    -2.727               3.456
  4968.507      26.0     3.634    -4.00
  4968.516      23.1     2.370    -3.291
  4968.531      73.0     2.775    -0.810
  4968.541     607.0     1.659    -2.991               7.650
  4968.568    22.0       1.981    -0.60
  4968.568      27.0     2.542    -4.904
  4968.572      64.1     2.198    -0.671
  4968.578 106.00113     3.028    -2.476               3.456
  4968.610 106.00113     2.059    -3.109               3.456
  4968.618     607.0     0.630    -3.313               7.650
  4968.636     607.0     0.773    -3.514               7.650
  4968.652 106.00113     2.372    -2.728               3.456
  4968.698      26.0     3.640    -1.80
  4968.718      24.1     8.603    -2.055
  4968.720     607.0     0.773    -4.705               7.650
  4968.754     107.0     3.315    -3.168               3.450
  4968.764      90.0     1.717    -0.637
  4968.775 106.00113     2.372    -2.744               3.456
  4968.825      23.0     2.138    -2.547
  4968.826     607.0     0.574    -4.200               7.650
  4968.832      26.0     4.209    -3.00
  4968.857      21.0     2.010    -2.393
  4968.857     607.0     0.574    -3.195               7.650
  4968.859      23.0     2.115    -2.470
  4968.879      23.1     8.730    -4.013
  4968.879     607.0     0.578    -3.654               7.650
  4968.906      44.0     1.087    -1.530
  4968.906 106.00113     2.458    -3.833               3.456
  4968.916 106.00113     0.805    -4.069               3.456
  4969.000     607.0     1.372    -4.600               7.650
  4969.050      26.0     4.638    -3.556
  4969.095      24.0     3.113    -4.633
  4969.116 106.00113     2.458    -3.844               3.456
  4969.133      25.0     4.726    -1.205
  4969.153     607.0     1.140    -3.181               7.650
  4969.170      23.1     6.857    -2.320
  4969.170      69.1     4.744    -2.230
  4969.172      64.0     1.311    -0.110
  4969.215 106.00113     0.805    -3.975               3.456
  4969.231     107.0     3.315    -3.168               3.450
  4969.250     607.0     1.140    -3.191               7.650
  4969.289     607.0     0.558    -3.630               7.650
  4969.306      21.1     8.088    -1.555
  4969.312     607.0     0.616    -4.253               7.650
  4969.328 106.00112     3.171    -2.860               3.456
  4969.336      27.0     4.049    -4.128
  4969.337     607.0     1.827    -4.274               7.650
  4969.531 106.00112     2.451    -3.122               3.456
  4969.538      23.0     3.066    -3.069
  4969.538 106.00112     3.171    -2.873               3.456
  4969.544     607.0     1.586    -3.830               7.650
  4969.572      20.0     5.045    -3.732
  4969.636      42.0     3.265    -1.225
  4969.652 106.00112     2.771    -3.404               3.456
  4969.693     607.0     1.176    -2.811               7.650
  4969.703     607.0     1.469    -4.276               7.650
  4969.704      23.0     3.798    -4.161
  4969.726 106.00112     2.451    -3.102               3.456
  4969.731 106.00113     2.441    -2.727               3.456
  4969.739      60.0     0.293    -0.178
  4969.743 106.00113     3.398    -2.757               3.456
  4969.751      73.0     1.358    -1.830
  4969.774     607.0     1.176    -2.826               7.650
  4969.778 106.00113     3.397    -2.746               3.456
  4969.793      23.1     6.881    -3.293
  4969.800     607.0     1.469    -2.992               7.650
  4969.843      42.0     3.318    -1.543
  4969.867      26.0     4.956    -4.117
  4969.889 106.00112     3.028    -2.464               3.456
  4969.917      26.0     4.217    -0.840
  4969.927     607.0     0.528    -4.398               7.650
  4969.961 106.00113     2.441    -2.711               3.456
  4969.998      27.0     3.409    -2.379
  4970.029      90.1     1.067    -1.735
  4970.055     607.0     0.545    -3.960               7.650
  4970.062      25.0     4.360    -3.427
  4970.067      21.1     8.244    -1.253
  4970.078     607.0     0.545    -3.703               7.650
  4970.086      20.0     5.181    -3.816
  4970.151      22.0     2.175    -2.772
  4970.171 106.00112     2.771    -3.415               3.456
  4970.203      70.1     2.847    -3.570
  4970.217     607.0     0.652    -3.305               7.650
  4970.256      22.0     3.351    -2.940
  4970.260      25.0     4.827    -2.858
  4970.261     607.0     0.652    -4.025               7.650
  4970.356     607.0     0.745    -4.440               7.650
  4970.371      42.0     4.329    -0.618
  4970.386      57.1     0.321    -1.160
  4970.410      58.1     2.167    -0.390
  4970.411      25.0     4.827    -2.379
  4970.438      70.1     6.950    -1.670
  4970.445 106.00112     3.028    -2.476               3.456
  4970.449     607.0     0.740    -3.896               7.650
  4970.495      77.0     1.606    -2.450
  4970.496    26.0       3.632    -1.740
  4970.580     107.0     3.163    -3.259               3.450
  4970.620     107.0     3.245    -2.865               3.450
  4970.632     107.0     3.163    -3.259               3.450
  4970.639      24.0     5.155    -2.750
  4970.646      26.0     3.960    -1.90
  4970.660      58.0     0.274    -0.802
  4970.665 106.00112     2.059    -3.084               3.456
  4970.729      69.1     4.254    -1.570
  4970.756 106.00112     2.372    -2.728               3.456
  4970.781      23.0     2.684    -0.778
  4970.799     607.0     1.828    -4.269               7.650
  4970.811 106.00113     2.452    -3.102               3.456
  4970.818 106.00113     2.452    -3.122               3.456
  4970.848 106.00113     3.463    -1.408               3.456
  4970.858      21.0     2.509    -3.665
  4970.861     107.0     3.245    -2.865               3.450
  4970.863 106.00112     2.059    -3.109               3.456
  4970.869      69.1     2.421    -0.890
  4970.878 106.00112     2.372    -2.744               3.456
  4970.880      26.1     8.185    -2.975
  4970.903      58.1     3.193    -0.420
  4970.908      60.1     0.321    -1.390
  4970.922     607.0     0.670    -3.278               7.650
  4970.950      65.1     0.439    -1.340
  4970.959      23.0     2.379    -3.117
  4970.986 106.00113     2.060    -3.109               3.456
  4970.989 106.00113     2.060    -3.084               3.456
  4970.994      27.0     2.874    -3.877
  4970.997     607.0     0.670    -4.920               7.650
  4971.016      27.0     2.871    -2.05
  4971.085      27.1     8.785    -4.260
  4971.085 106.00113     3.111    -2.453               3.456
  4971.088 106.00113     3.111    -2.464               3.456
  4971.095 106.00112     3.550    -2.727               3.456
  4971.106     607.0     0.600    -3.140               7.650
  4971.127      23.1     6.542    -4.020
  4971.141     607.0     0.600    -4.237               7.650
  4971.144      22.0     3.148    -2.911
  4971.149 106.00113     3.395    -2.494               3.456
  4971.189      70.1     5.954    -1.680
  4971.193     607.0     1.535    -3.333               7.650
  4971.218    26.1      10.360    -0.500
  4971.221 106.00113     3.463    -1.397               3.456
  4971.240     607.0     0.773    -3.502               7.650
  4971.243      28.0     4.538    -3.798
  4971.259      69.0     2.424    -0.310
  4971.305 106.00112     3.550    -2.737               3.456
  4971.350      26.0     4.40     -0.95
  4971.414      44.0     1.734    -2.800
  4971.439      69.1     4.904    -2.290
  4971.439     607.0     0.582    -4.208               7.650
  4971.452      24.0     5.217    -3.358
  4971.460     607.0     0.641    -3.294               7.650
  4971.466      27.0     4.049    -1.823
  4971.471     607.0     0.582    -3.167               7.650
  4971.480      22.0     3.108    -3.954
  4971.494      58.1     1.786     0.340
  4971.535 106.00113     1.198    -3.015               3.456
  4971.584      28.0     3.679    -9.99
  4971.599 106.00113     1.198    -2.925               3.456
  4971.622 106.00113     3.395    -2.483               3.456
  4971.668    38.0       1.847    -1.800
  4971.750     3.0       1.848    -1.290
  4971.754      17.0     9.282    -2.240
  4971.779      69.1     4.162    -1.960
  4971.809      24.0     5.274    -1.570
  4971.837 106.00112     2.441    -2.727               3.456
  4971.899 106.00113     2.010    -3.358               3.456
  4971.916      41.0     0.000    -2.030
  4971.922      58.0     0.589    -0.492
  4971.926      27.0     3.170    -1.328
  4972.067 106.00112     2.441    -2.711               3.456
  4972.084     607.0     0.578    -4.625               7.650
  4972.102      92.1     0.113    -2.496
  4972.104      23.0     2.723    -4.519
  4972.148 106.00113     2.010    -3.355               3.456
  4972.150     607.0     0.578    -3.647               7.650
  4972.159      24.0     4.239    -1.967
  4972.160    18.1      16.812    -1.140
  4972.161 106.00112     3.395    -2.494               3.456
  4972.170      62.1     0.933    -0.75
  4972.177      90.1     1.903    -1.156
  4972.235      26.0     4.956    -4.488
  4972.235      24.0     5.277    -0.107
  4972.243     607.0     1.164    -2.826               7.650
  4972.246     607.0     0.513    -4.945               7.650
  4972.250      70.1     6.651    -1.230
  4972.323     607.0     1.164    -2.842               7.650
  4972.349 106.00113     2.010    -4.952               3.456
  4972.414      70.1     3.017    -3.950
  4972.418      22.0     2.408    -3.568
  4972.492 106.00112     2.452    -3.102               3.456
  4972.500 106.00113     2.771    -3.404               3.456
  4972.511     607.0     1.122    -3.191               7.650
  4972.539      23.0     1.800    -4.839
  4972.544 106.00112     2.452    -3.122               3.456
  4972.557      74.0     2.387    -1.510
  4972.580     107.0     3.148    -3.247               3.450
  4972.588     107.0     3.148    -3.247               3.450
  4972.589 106.00112     3.395    -2.483               3.456
  4972.605     607.0     1.122    -3.201               7.650
  4972.611     607.0     0.566    -3.593               7.650
  4972.613      64.0     0.865    -0.789
  4972.710 106.00113     2.771    -3.415               3.456
  4972.774      22.0     1.053    -4.879
  4972.785      58.1     1.319    -3.090
  4972.790     607.0     0.551    -3.959               7.650
  4972.815     607.0     0.551    -3.660               7.650
  4972.911      26.0     3.301    -3.65
  4972.930 106.00112     3.111    -2.453               3.456
  4972.945 106.00112     3.111    -2.464               3.456
  4972.997      23.0     2.130    -4.479
  4973.019 106.00113     2.010    -3.358               3.456
  4973.029    22.0       1.997    -0.90
  4973.098 106.00113     3.550    -2.727               3.456
  4973.102      26.0     3.960    -0.90
  4973.113 106.00113     3.550    -2.737               3.456
  4973.138      41.0     1.550    -1.130
  4973.145      23.1     3.803    -1.986
  4973.167 106.00113     2.010    -3.355               3.456
  4973.194     607.0     1.535    -4.760               7.650
  4973.208      58.1     0.701    -2.070
  4973.234 106.00112     2.060    -3.084               3.456
  4973.242 106.00112     2.060    -3.109               3.456
  4973.256      20.0     5.181    -2.426
  4973.259      69.1     4.606    -1.290
  4973.281      24.0     4.616    -3.001
  4973.296      58.1     4.128    -2.470
  4973.296 106.00112     0.805    -4.069               3.456
  4973.312     607.0     1.535    -3.328               7.650
  4973.328      24.0     5.280    -0.048
  4973.354      42.0     2.595    -1.691
  4973.356      25.0     4.713    -3.853
  4973.393      90.1     1.900    -1.160
  4973.394      58.1     3.616    -2.830
  4973.405 106.00112     3.001    -3.224               3.456
  4973.415      23.1     2.372    -3.944
  4973.425      27.0     3.530    -2.275
  4973.430      24.1     6.805    -4.326
  4973.450     607.0     0.664    -3.286               7.650
  4973.469 106.00113     2.010    -4.952               3.456
  4973.496     607.0     0.664    -4.033               7.650
  4973.553     607.0     0.670    -4.917               7.650
  4973.568      66.0     2.289     0.240
  4973.581      69.1     3.483    -0.810
  4973.625      69.1     4.459    -2.000
  4973.629      22.0     1.067    -4.388
  4973.629     607.0     0.670    -3.267               7.650
  4973.638 106.00112     0.805    -3.975               3.456
  4973.672      21.0     2.111    -0.205
  4973.697 106.00112     3.001    -3.211               3.456
  4973.705      58.1     1.582    -1.970
  4973.712      26.0     4.913    -3.50
  4973.739      62.1     0.333    -1.970
  4973.754 106.00113     3.001    -3.224               3.456
  4973.769 106.00112     3.463    -1.408               3.456
  4973.786     607.0     1.601    -2.648               7.650
  4973.807     607.0     0.609    -3.115               7.650
  4973.810      22.0     0.900    -4.416
  4973.810      69.1     3.958    -1.030
  4973.843 106.00113     3.463    -4.215               3.456
  4973.844     607.0     0.609    -4.244               7.650
  4973.881      70.1     5.450    -2.210
  4973.893     607.0     1.601    -4.561               7.650
  4973.897      22.0     1.749    -3.491
  4973.898      64.1     1.134    -1.680
  4973.899     607.0     0.760    -4.449               7.650
  4973.904      26.0     4.584    -3.20
  4973.935      58.1     1.244    -2.300
  4973.972 106.00112     3.463    -4.215               3.456
  4974.039      58.1     1.666    -2.600
  4974.093      58.0     0.295    -0.782
  4974.115      44.0     2.748    -0.750
  4974.131      58.1     0.956    -2.870
  4974.187      26.1     8.259    -4.824
  4974.212 106.00112     3.463    -1.397               3.456
  4974.212 106.00113     3.001    -3.211               3.456
  4974.215     607.0     0.591    -4.215               7.650
  4974.217      21.1     8.240    -1.167
  4974.249     607.0     0.591    -3.140               7.650
  4974.259      69.1     3.312    -2.600
  4974.279      22.1     7.721    -4.519
  4974.311 106.00112     2.010    -3.358               3.456
  4974.341      24.0     4.207    -3.218
  4974.345      25.0     5.199     0.188
  4974.359      28.0     3.796    -2.35
  4974.397 106.00112     2.010    -4.952               3.456
  4974.412      24.0     5.277    -1.116
  4974.426     607.0     0.652    -3.276               7.650
  4974.486      27.0     2.080    -2.70
  4974.493      24.0     4.208    -3.751
  4974.509 106.00113     2.444    -2.711               3.456
  4974.523     607.0     0.534    -4.377               7.650
  4974.576 106.00112     2.010    -3.355               3.456
  4974.642 106.00113     2.444    -2.727               3.456
  4974.652      69.1     4.081    -0.860
  4974.671     607.0     0.904    -4.149               7.650
  4974.696      58.1     1.925    -3.340
  4974.753     607.0     1.151    -2.842               7.650
  4974.816     607.0     1.151    -2.858               7.650
  4974.869      69.1     4.141    -3.250
  4974.912      25.0     2.920    -3.865
  4974.922      59.0     0.171    -0.146
  4974.999 106.00113     2.946    -2.567               3.456
  4975.022     607.0     1.761    -3.497               7.650
  4975.081     107.0     3.276    -2.807               3.450
  4975.110 106.00113     2.111    -3.107               3.456
  4975.127      69.1     2.964    -0.331
  4975.150      41.0     1.532    -1.450
  4975.152      69.1     3.679    -2.190
  4975.156      24.0     4.616    -3.455
  4975.169      58.1     3.466    -2.340
  4975.187     607.0     0.795    -3.505               7.650
  4975.245      26.1     9.100    -1.763
  4975.256      72.0     0.292    -1.530
  4975.273     607.0     0.795    -4.712               7.650
  4975.293 106.00113     2.111    -3.142               3.456
  4975.294      27.0     3.971    -1.745
  4975.309      24.0     2.987    -3.467
  4975.342      22.0     2.506     0.05
  4975.363      26.1     7.869    -4.906
  4975.391     107.0     3.276    -2.807               3.450
  4975.393 106.00113     2.946    -2.554               3.456
  4975.395     607.0     0.640    -4.250               7.650
  4975.412      26.0     3.301    -3.00
  4975.418     607.0     0.596    -3.641               7.650
  4975.422      27.0     4.259    -4.388
  4975.432 106.00112     2.010    -3.358               3.456
  4975.464      23.1     6.881    -3.867
  4975.474      28.0     4.167    -1.90
  4975.484      60.0     0.626     0.344
  4975.489      26.0     4.913    -2.936
  4975.511 106.00112     1.198    -3.015               3.456
  4975.519 106.00112     2.010    -4.952               3.456
  4975.541 106.00112     1.198    -2.925               3.456
  4975.596 106.00112     2.010    -3.355               3.456
  4975.648 106.00112     2.946    -2.567               3.456
  4975.690     607.0     0.558    -3.960               7.650
  4975.717     607.0     0.558    -3.620               7.650
  4975.719      69.1     3.860    -1.900
  4975.749      59.0     0.543     0.360
  4975.752     607.0     1.601    -4.560               7.650
  4975.754      63.0     2.225     0.030
  4975.773      58.1     0.910    -3.940
  4975.786      26.1     9.100    -2.936
  4975.816     607.0     1.104    -3.201               7.650
  4975.830      58.1     1.709    -2.360
  4975.859     607.0     1.601    -2.640               7.650
  4975.891      24.0     4.618    -1.407
  4975.898 106.00113     2.514    -2.710               3.456
  4975.908     607.0     1.104    -3.212               7.650
  4975.949      90.1     1.548    -1.508
  4975.952 106.00112     2.946    -2.554               3.456
  4975.957      62.0     0.000    -0.745
  4975.978      42.0     2.555    -1.886
  4975.978      24.0     3.011    -4.600