linelist_Mn4754
  4749.010      26.0     4.796    -3.188
  4749.022 106.00112     1.208    -4.598               3.456
  4749.022      75.0     1.763    -2.060
  4749.046      70.1     6.020    -2.360
  4749.068     607.0     1.131    -4.682               7.650
  4749.076 106.00113     1.208    -2.701               3.456
  4749.083 106.00113     0.685    -2.870               3.456
  4749.097     607.0     0.043    -4.625               7.650
  4749.102      20.0     4.680    -2.876
  4749.112      25.1     6.186    -2.000
  4749.137      64.0     2.078     0.202
  4749.200      90.0     0.966    -1.288
  4749.209      24.0     3.369    -1.956
  4749.214 106.00113     1.208    -2.678               3.456
  4749.224     607.0     0.089    -4.696               7.650
  4749.229      69.1     4.571    -2.310
  4749.234      58.1     1.212    -1.460
  4749.252 106.00112     1.034    -4.956               3.456
  4749.253      26.0     4.256    -4.131
  4749.254      23.1     1.679    -4.211
  4749.254 106.00113     3.221    -4.215               3.456
  4749.277      24.0     4.204    -1.583
  4749.279 106.00113     3.373    -2.064               3.456
  4749.290 106.00113     0.685    -2.845               3.456
  4749.297      23.1     2.276    -3.066
  4749.304 106.00113     3.466    -4.215               3.456
  4749.347      27.0     4.049    -2.269
  4749.354 106.00112     3.466    -4.215               3.456
  4749.367 106.00112     3.168    -2.789               3.456
  4749.369     107.0     2.801    -3.951               3.450
  4749.404      42.0     3.187    -1.839
  4749.410      66.0     1.447    -2.090
  4749.412      27.0     2.871    -3.968
  4749.444     107.0     2.801    -3.951               3.450
  4749.489      27.0     3.409    -2.147
  4749.506     607.0     0.021    -4.770               7.650
  4749.508      58.1     1.582    -0.770
  4749.518     107.0     3.219    -4.996               3.450
  4749.527      70.1     6.456    -2.300
  4749.550      22.1     5.638    -1.780
  4749.560      60.1     0.559    -1.632
  4749.563 106.00112     3.466    -1.326               3.456
  4749.593      26.0     1.608    -5.114
  4749.608 106.00113     3.374    -2.074               3.456
  4749.619      24.0     4.618    -3.894
  4749.624     607.0     0.948    -2.995               7.650
  4749.649      27.1     8.853    -4.397
  4749.651      26.0     4.154    -4.667
  4749.669      27.0     3.053    -0.321
  4749.670     607.0     0.948    -4.338               7.650
  4749.701      41.0     1.429    -0.660
  4749.703      74.0     2.422    -0.840
  4749.706 106.00112     3.168    -2.777               3.456
  4749.713     607.0     1.020    -3.202               7.650
  4749.730 106.00112     3.466    -1.336               3.456
  4749.735 106.00112     2.979    -2.526               3.456
  4749.748      60.0     0.456     0.130
  4749.762      27.0     4.149    -2.983
  4749.766     607.0     1.020    -4.129               7.650
  4749.769      23.0     2.365    -2.402
  4749.776      24.1     6.605    -2.733
  4749.791      69.1     4.003    -2.810
  4749.800      27.0     4.049    -1.794
  4749.818      58.1     1.140    -2.080
  4749.884      70.1     7.047    -1.760
  4749.891 106.00112     0.685    -2.870               3.456
  4749.895 106.00112     2.979    -2.538               3.456
  4749.920      27.0     4.025    -2.050
  4749.926      22.0     2.305    -4.021
  4749.931      20.0     4.681    -3.514
  4749.948      26.0     4.558    -1.470
  4749.948      70.1     7.393    -0.410
  4749.961      24.0     3.368    -1.971
  4749.971      90.0     1.006    -1.343
  4749.999 106.00112     1.208    -2.701               3.456
  4750.001 106.00112     0.685    -2.845               3.456
  4750.020      60.1     0.205    -2.090
  4750.034     607.0     0.886    -4.042               7.650
  4750.062 106.00112     1.208    -2.678               3.456
  4750.072     607.0     0.886    -3.406               7.650
  4750.073 106.00112     0.685    -4.911               3.456
  4750.105 106.00112     1.208    -4.598               3.456
  4750.117      42.0     3.393    -1.705
  4750.191     607.0     1.018    -4.898               7.650
  4750.196      26.0     4.473    -3.792
  4750.258 106.00113     3.168    -2.789               3.456
  4750.261 106.00113     0.686    -4.911               3.456
  4750.267     607.0     1.018    -3.174               7.650
  4750.286     607.0     0.898    -3.393               7.650
  4750.292 106.00113     2.444    -4.693               3.456
  4750.304 106.00113     0.910    -4.629               3.456
  4750.350      70.1     6.562    -2.730
  4750.372     607.0     0.072    -4.705               7.650
  4750.386      69.1     3.824    -2.020
  4750.390      42.0     2.523    -0.924
  4750.421      57.0     1.230    -0.430
  4750.425 106.00113     3.551    -4.095               3.456
  4750.448 106.00113     3.201    -1.288               3.456
  4750.450 106.00113     3.548    -4.095               3.456
  4750.543 106.00113     0.910    -2.733               3.456
  4750.556     107.0     3.071    -4.926               3.450
  4750.557     607.0     0.936    -3.540               7.650
  4750.586     607.0     1.235    -3.878               7.650
  4750.588      22.0     3.409    -3.614
  4750.588      22.0     2.292    -3.497
  4750.599      58.1     1.533    -3.260
  4750.658 106.00113     3.384    -1.070               3.456
  4750.660     607.0     1.122    -4.530               7.650
  4750.666      22.0     3.334    -3.639
  4750.667 106.00113     3.202    -1.299               3.456
  4750.683      27.0     4.209    -3.038
  4750.695     607.0     0.026    -4.718               7.650
  4750.724      62.0     0.282    -0.444
  4750.733 106.00113     3.168    -2.777               3.456
  4750.750      69.1     3.255    -0.670
  4750.760 106.00113     0.686    -2.870               3.456
  4750.775      23.0     2.256    -3.992
  4750.789 106.00112     3.548    -2.341               3.456
  4750.793 106.00113     0.910    -2.709               3.456
  4750.827 106.00112     3.548    -2.332               3.456
  4750.831      58.0     0.274    -0.852
  4750.832      70.1     7.520    -2.370
  4750.836 106.00113     3.385    -1.081               3.456
  4750.848 106.00113     0.686    -2.845               3.456
  4750.895      20.0     4.535    -2.467
  4750.917     607.0     1.345    -4.637               7.650
  4750.974 106.00113     1.522    -2.401               3.456
  4750.981      23.0     2.055    -0.340
  4750.986     607.0     0.987    -3.974               7.650
  4751.008      23.0     2.332    -3.442
  4751.055      24.0     4.186    -1.395
  4751.084      26.0     4.186    -1.90
  4751.106      26.0     4.733    -2.10
  4751.110 106.00113     1.568    -4.740               3.456
  4751.112      42.0     2.476    -2.128
  4751.112      23.0     1.950    -3.908
  4751.130      23.0     0.287    -4.159
  4751.131      24.0     3.369    -1.519
  4751.156     607.0     0.049    -4.585               7.650
  4751.229 106.00113     1.523    -2.417               3.456
  4751.237     607.0     1.131    -3.416               7.650
  4751.243      23.0     2.242    -4.728
  4751.271     8.1      26.249    -0.762
  4751.272      23.0     2.365    -2.135
  4751.349     607.0     0.098    -4.671               7.650
  4751.360 106.00113     1.142    -2.351               3.456
  4751.364      58.1     2.213    -1.660
  4751.365      26.0     4.435    -2.817
  4751.390 106.00112     3.056    -4.693               3.456
  4751.405 106.00112     1.522    -2.401               3.456
  4751.423 106.00113     1.568    -2.737               3.456
  4751.432 106.00113     0.911    -4.629               3.456
  4751.433      41.0     2.105    -0.530
  4751.439      23.0     2.359    -3.361
  4751.453 106.00112     0.910    -2.733               3.456
  4751.473 106.00113     1.142    -3.303               3.456
  4751.480     107.0     3.220    -4.535               3.450
  4751.507      27.0     4.049    -0.70
  4751.514      70.1     5.912    -2.400
  4751.547      58.1     1.244    -0.40
  4751.559 106.00112     0.686    -2.845               3.456
  4751.568 106.00112     0.686    -2.870               3.456
  4751.573      23.0     1.931    -0.650
  4751.622 106.00112     0.910    -2.709               3.456
  4751.631 106.00112     0.686    -4.911               3.456
  4751.638 106.00113     3.635    -1.745               3.456
  4751.640      69.1     3.295    -3.240
  4751.640 106.00112     3.384    -4.215               3.456
  4751.663 106.00112     0.910    -4.629               3.456
  4751.679      26.0     4.835    -3.833
  4751.690     107.0     2.922    -3.607               3.450
  4751.692      23.0     1.950    -3.177
  4751.724 106.00113     3.221    -1.091               3.456
  4751.726 106.00113     1.568    -2.726               3.456
  4751.755 106.00112     1.523    -2.417               3.456
  4751.771 106.00113     0.911    -2.733               3.456
  4751.775     607.0     0.855    -4.382               7.650
  4751.793      69.1     3.349    -2.290
  4751.794 106.00112     3.221    -4.215               3.456
  4751.794      24.0     3.422    -2.789
  4751.814      21.1     7.981    -4.118
  4751.822    11.0       2.104    -2.00
  4751.828 106.00112     3.384    -1.070               3.456
  4751.846      23.0     2.130    -1.869
  4751.850 106.00113     3.221    -1.102               3.456
  4751.853 106.00112     3.635    -1.745               3.456
  4751.885      58.1     0.900    -3.930
  4751.909      40.0     0.623    -1.890
  4751.923 106.00113     0.911    -2.709               3.456
  4751.932 106.00113     2.979    -2.538               3.456
  4751.953      69.1     4.340    -2.230
  4751.959 106.00112     3.221    -1.091               3.456
  4751.972 106.00112     3.463    -2.055               3.456
  4751.981 106.00113     2.979    -2.526               3.456
  4751.986 106.00112     3.462    -2.064               3.456
  4752.004 106.00113     1.142    -4.476               3.456
  4752.004     607.0     0.031    -4.670               7.650
  4752.006 106.00112     3.385    -1.081               3.456
  4752.033     107.0     2.922    -3.607               3.450
  4752.043     607.0     0.080    -4.680               7.650
  4752.043     107.0     3.220    -4.511               3.450
  4752.051 106.00112     3.635    -4.930               3.456
  4752.087      24.0     4.186     0.60
  4752.088      58.1     0.857    -1.880
  4752.098      26.1     7.988    -3.795
  4752.106 106.00112     3.635    -4.930               3.456
  4752.112      28.0     3.679    -1.772
  4752.121      27.0     4.146    -2.701
  4752.137 106.00112     3.221    -1.102               3.456
  4752.137 106.00113     3.635    -1.735               3.456
  4752.145     607.0     0.860    -4.936               7.650
  4752.160 106.00112     2.444    -4.693               3.456
  4752.169      76.0     4.261    -0.090
  4752.194 106.00112     3.385    -4.215               3.456
  4752.198      58.1     1.767    -2.120
  4752.203      74.0     2.353    -1.150
  4752.205      58.1     0.536    -2.010
  4752.264      58.1     1.520    -1.100
  4752.290      58.1     2.004    -0.870
  4752.293 106.00113     3.466    -1.336               3.456
  4752.302 106.00112     3.221    -4.090               3.456
  4752.304 106.00112     3.635    -1.735               3.456
  4752.309 106.00112     1.568    -2.737               3.456
  4752.324      24.0     4.186    -4.237
  4752.325 106.00113     3.466    -1.326               3.456
  4752.325      23.0     2.616    -2.978
  4752.373      69.1     4.744    -2.970
  4752.402      23.0     2.379    -1.831
  4752.414      90.1     0.770    -0.971
  4752.415      28.0     3.658    -0.700
  4752.426      23.0     1.942    -4.214
  4752.469 106.00112     1.568    -4.740               3.456
  4752.476 106.00113     1.569    -4.740               3.456
  4752.490 106.00113     1.798    -2.281               3.456
  4752.526      65.1     0.000    -0.30
  4752.533      23.0     2.581    -1.449
  4752.535 106.00112     1.568    -2.726               3.456
  4752.576      58.0     0.384    -0.743
  4752.576      74.0     1.650    -1.850
  4752.578      58.1     3.411    -2.790
  4752.594 106.00112     3.201    -1.288               3.456
  4752.624      24.0     4.532    -0.30
  4752.632     607.0     1.345    -4.630               7.650
  4752.658      69.1     2.951    -1.800
  4752.681     8.1      26.249    -1.531
  4752.682 106.00112     0.911    -2.733               3.456
  4752.740      24.1     8.614    -4.182
  4752.740 106.00113     1.798    -2.297               3.456
  4752.752 106.00112     0.911    -2.709               3.456
  4752.761 106.00112     3.551    -4.095               3.456
  4752.763 106.00112     3.202    -1.299               3.456
  4752.784     607.0     1.020    -3.183               7.650
  4752.787      39.0     1.900     0.080
  4752.792 106.00112     0.911    -4.629               3.456
  4752.794      26.0     4.301    -3.338
  4752.897      24.0     3.369    -1.50
  4752.897     107.0     3.231    -4.820               3.450
  4752.903 106.00113     1.569    -2.737               3.456
  4752.908      21.0     3.083    -3.446
  4752.909      70.1     4.014    -1.610
  4752.914 106.00112     1.798    -2.281               3.456
  4752.921      25.0     3.771    -3.182
  4752.939 106.00112     3.202    -4.095               3.456
  4752.998 106.00112     3.551    -0.911               3.456
  4753.061      40.0     1.875    -0.500
  4753.065     607.0     0.948    -4.332               7.650
  4753.093 106.00113     1.569    -2.726               3.456
  4753.111     607.0     0.948    -2.979               7.650
  4753.134 106.00112     3.551    -0.920               3.456
  4753.161      21.0     0.000    -1.95
  4753.164     607.0     0.987    -3.968               7.650
  4753.173     607.0     0.936    -4.615               7.650
  4753.179      25.1     6.133    -4.636
  4753.226      25.0     4.755    -2.437
  4753.243     607.0     0.936    -3.533               7.650
  4753.251 106.00112     1.798    -2.297               3.456
  4753.299 106.00113     2.897    -1.495               3.456
  4753.321      27.0     4.232    -3.304
  4753.330 106.00113     3.202    -4.095               3.456
  4753.340      42.0     2.623    -2.066
  4753.346     107.0     3.220    -4.469               3.450
  4753.357     607.0     0.056    -4.549               7.650
  4753.371 106.00112     3.551    -4.095               3.456
  4753.392     607.0     0.037    -4.627               7.650
  4753.414      24.1     8.490    -3.964
  4753.459      25.0     4.435    -4.165
  4753.500      24.1     8.469    -1.973
  4753.500     107.0     3.260    -4.944               3.450
  4753.513 106.00113     3.385    -4.215               3.456
  4753.516 106.00113     2.897    -1.482               3.456
  4753.590      23.0     1.942    -4.438
  4753.605     607.0     0.108    -4.647               7.650
  4753.632      58.1     1.279    -0.80
  4753.654     107.0     3.335    -3.696               3.450
  4753.692      27.1     3.868    -3.949
  4753.720      69.1     3.744    -1.630
  4753.744      25.1     6.528    -4.469
  4753.789 106.00112     1.569    -2.737               3.456
  4753.818 106.00113     3.551    -0.911               3.456
  4753.825 106.00113     1.720    -2.314               3.456
  4753.836 106.00112     1.569    -4.740               3.456
  4753.857 106.00113     3.551    -0.920               3.456
  4753.861 106.00113     1.720    -2.297               3.456
  4753.867     607.0     0.089    -4.656               7.650
  4753.870 106.00113     3.462    -2.064               3.456
  4753.884 106.00113     3.059    -4.693               3.456
  4753.893      25.0     5.214    -0.965
  4753.902 106.00112     1.569    -2.726               3.456
  4753.929      23.0     2.074    -0.290
  4753.934      19.0     1.617    -2.960
  4753.944     107.0     3.260    -4.926               3.450
  4753.960     607.0     1.052    -4.711               7.650
  4753.997      70.1     5.321    -2.850
  4754.010      24.0     3.375    -1.152
  4754.022      25.0     2.282    -0.653 
  4754.033      25.0     2.282    -0.793
  4754.033 106.00113     3.463    -2.055               3.456
  4754.036      26.0     4.733    -1.970
  4754.043      25.0     2.282    -0.951
  4754.051      25.0     2.282    -1.135
  4754.053      26.0     4.103    -3.155
  4754.054      25.0     2.282    -1.571
  4754.056      25.1     6.139    -3.081
  4754.058 106.00112     3.171    -2.777               3.456
  4754.059      25.0     2.282    -1.357
  4754.060      25.0     2.282    -1.395
  4754.064      25.0     2.282    -1.369
  4754.066      25.0     2.282    -1.642
  4754.068      25.0     2.282    -1.436
  4754.070      25.0     2.282    -1.612
  4754.079      25.0     2.282    -2.391
  4754.079     607.0     0.961    -2.979               7.650
  4754.081      25.0     2.282    -2.311
  4754.081      25.0     2.282    -2.788
  4754.082      25.0     2.282    -2.436
  4754.126      21.0     3.101    -3.469
  4754.127     607.0     0.961    -4.346               7.650
  4754.151      58.1     1.709    -1.550
  4754.204      69.1     4.140    -1.720
  4754.221      23.1     2.026    -4.873
  4754.232 106.00112     3.171    -2.789               3.456
  4754.253     607.0     1.036    -3.189               7.650
  4754.277      22.1     1.231    -9.99
  4754.308     607.0     1.036    -4.137               7.650
  4754.315      26.0     4.260    -4.619
  4754.323 106.00113     3.221    -4.090               3.456
  4754.330     607.0     0.898    -4.049               7.650
  4754.338      27.0     3.231    -1.20
  4754.358      22.0     2.160    -1.601
  4754.370     607.0     0.898    -3.384               7.650
  4754.372 106.00112     1.720    -2.297               3.456
  4754.381      20.0     5.049    -0.50
  4754.409      22.0     3.458    -4.010
  4754.416     107.0     3.096    -3.449               3.450
  4754.420 106.00112     1.720    -2.314               3.456
  4754.468      22.0     3.062    -2.383
  4754.569      23.0     2.278    -3.483
  4754.577     107.0     3.260    -4.900               3.450
  4754.590      69.0     2.076    -1.400
  4754.700      25.0     3.772    -2.021
  4754.740      24.0     3.092    -1.360
  4754.756      28.0     3.635    -0.970
  4754.774      58.1     1.412    -3.670
  4754.825 106.00113     1.441    -2.433               3.456
  4754.849 106.00113     1.442    -2.417               3.456
  4754.875     607.0     0.910    -3.373               7.650
  4754.920 106.00113     3.639    -4.930               3.456
  4754.946      42.0     3.395    -1.701
  4754.957     107.0     3.335    -3.696               3.450
  4754.992      66.1     2.417    -0.090
  4755.037      25.0     3.373    -4.435
  4755.053      27.1     9.008    -2.871
  4755.062 106.00112     1.142    -2.351               3.456
  4755.087 106.00113     3.171    -2.777               3.456
  4755.100 106.00112     1.142    -4.476               3.456
  4755.103     107.0     3.096    -3.449               3.450
  4755.125 106.00113     3.171    -2.789               3.456
  4755.140      24.0     3.011    -1.450
  4755.141 106.00113     3.635    -4.930               3.456
  4755.152      26.0     4.559    -4.251
  4755.168      26.0     4.584    -3.398
  4755.193 106.00113     2.897    -4.090               3.456
  4755.225      69.1     4.563    -1.130
  4755.243 106.00112     1.142    -3.303               3.456
  4755.276      14.0     4.920    -2.90
  4755.313      41.0     1.630    -1.400
  4755.325      42.0     3.302    -1.717
  4755.343      64.1     2.449    -0.235
  4755.347      25.1     6.493    -4.314
  4755.370      62.1     0.277    -1.850
  4755.374     607.0     1.140    -4.537               7.650
  4755.376 106.00112     1.442    -2.417               3.456
  4755.386      25.0     3.378    -4.789
  4755.406 106.00113     0.729    -4.993               3.456
  4755.422     107.0     3.244    -4.692               3.450
  4755.444 106.00112     1.441    -2.433               3.456
  4755.444 106.00113     3.548    -2.341               3.456
  4755.451      24.0     3.845    -3.928
  4755.495    38.0       2.498    -0.670
  4755.500      58.1     1.495    -1.640
  4755.503      64.1     2.525    -0.160
  4755.528 106.00112     2.897    -1.495               3.456
  4755.530      58.1     0.721    -1.20
  4755.551 106.00112     3.056    -2.527               3.456
  4755.580      45.0     1.783    -2.090
  4755.595      69.1     0.000    -2.570
  4755.607      28.1     8.775    -1.534
  4755.621     607.0     0.043    -4.586               7.650
  4755.648 106.00112     2.897    -4.090               3.456
  4755.675 106.00113     1.171    -4.548               3.456
  4755.689     607.0     0.064    -4.514               7.650
  4755.700      26.0     4.70     -1.35
  4755.711      20.0     6.028    -3.776
  4755.711 106.00113     0.729    -4.993               3.456
  4755.727      25.1     5.397    -1.242
  4755.735      92.1     0.000    -2.156
  4755.761      28.1     8.899    -1.905
  4755.786 106.00113     3.548    -2.332               3.456
  4755.796      24.0     4.208    -1.564
  4755.804     607.0     1.120    -3.623               7.650
  4755.806     607.0     0.098    -4.633               7.650
  4755.808     607.0     1.052    -4.706               7.650
  4755.808     107.0     3.231    -4.814               3.450
  4755.809 106.00112     2.897    -1.482               3.456
  4755.822      69.1     4.141    -3.08
  4755.840      26.0     4.50     -1.85
  4755.842 106.00113     1.171    -2.722               3.456
  4755.843      60.0     0.456     0.002
  4755.883 106.00112     3.056    -2.516               3.456
  4755.885      42.0     3.318    -1.441
  4755.905      22.0     3.334    -3.839
  4755.933      21.0     3.083    -3.860
  4755.986     607.0     0.118    -4.624               7.650
  4756.033      59.1     0.055    -1.407
  4756.051      24.0     2.987    -2.912
  4756.080      25.0     3.772    -2.352
  4756.103 106.00113     1.171    -2.696               3.456
  4756.112      24.0     3.104     0.15
  4756.116     607.0     1.155    -3.419               7.650
  4756.164      24.0     4.106    -3.511
  4756.202     607.0     1.155    -4.688               7.650
  4756.238      44.0     1.063    -1.810
  4756.273     607.0     0.865    -4.388               7.650
  4756.314      24.0     4.411    -4.185
  4756.337      69.1     4.162    -1.950
  4756.355      26.0     4.60     -1.95
  4756.354      70.1     7.370    -1.940
  4756.431      23.0     2.583    -3.259
  4756.456      77.0     4.200    -0.150
  4756.510      28.0     3.480    -0.270
  4756.512      73.0     0.491    -1.610
  4756.521      26.0     4.076    -3.522
  4756.582      58.1     0.956    -2.530
  4756.601 106.00113     1.172    -4.548               3.456
  4756.662 106.00112     0.729    -4.993               3.456
  4756.721      27.0     3.930    -0.60
  4756.750      25.1     6.494    -3.991
  4756.757     107.0     3.294    -4.443               3.450
  4756.806      92.0     0.077    -1.014
  4756.838 106.00112     1.171    -2.722               3.456
  4756.852 106.00113     1.172    -2.722               3.456
  4756.869      70.1     7.166    -2.800
  4756.884      26.1     5.569    -4.386
  4756.920 106.00112     3.059    -4.693               3.456
  4756.964      26.0     4.260    -3.685
  4756.967 106.00112     0.729    -4.993               3.456
  4756.979      22.1     5.885    -2.060
  4757.003      23.0     3.066    -2.368
  4757.004      24.0     3.551    -1.962
  4757.025      69.1     4.003    -3.860
  4757.028 106.00112     1.171    -2.696               3.456
  4757.028 106.00113     1.172    -2.696               3.456
  4757.040 106.00113     1.528    -4.678               3.456
  4757.058 106.00112     1.171    -4.548               3.456
  4757.065 106.00112     3.551    -2.332               3.456
  4757.069      23.0     2.359    -3.027
  4757.121      70.1     4.964    -2.810
  4757.151      42.0     3.395    -1.417
  4757.208     107.0     3.260    -4.592               3.450
  4757.237     607.0     0.049    -4.549               7.650
  4757.247     607.0     1.036    -3.171               7.650
  4757.255 106.00113     3.551    -4.095               3.456
  4757.257      28.1     8.973    -3.548
  4757.261      26.1     8.073    -4.730
  4757.302 106.00113     1.528    -2.748               3.456
  4757.305      26.0     4.40     -2.50
  4757.334      21.1     8.015    -1.878
  4757.348      23.0     2.097    -0.907
  4757.348      27.0     4.149    -3.010
  4757.356      24.0     4.239    -0.550
  4757.374      19.0     1.617    -3.580
  4757.387      19.0     1.617    -2.620
  4757.427      58.1     1.500    -1.270
  4757.442     607.0     0.961    -4.341               7.650
  4757.474      23.0     2.029    -0.290
  4757.490     607.0     0.961    -2.963               7.650
  4757.510      60.1     0.205    -2.120
  4757.529      69.1     4.174    -2.900
  4757.542      74.0     0.366    -2.430
  4757.578      26.0     3.274    -1.90
  4757.580      26.0     4.260    -4.874
  4757.580     107.0     3.219    -4.827               3.450
  4757.590      24.0     3.551    -0.920
  4757.594 106.00112     3.551    -2.341               3.456
  4757.610      72.0     1.114    -1.830
  4757.619 106.00113     1.528    -2.734               3.456
  4757.651      26.1     6.807    -4.568
  4757.654     607.0     0.956    -3.529               7.650
  4757.674     607.0     1.120    -3.616               7.650
  4757.679      58.1     1.355    -3.250
  4757.748     607.0     1.265    -3.880               7.650
  4757.760     107.0     2.804    -3.951               3.450
  4757.764      44.0     1.125    -2.670
  4757.771      74.0     1.868    -1.710
  4757.779      26.0     3.267    -4.231
  4757.789      64.1     0.662    -1.920
  4757.803 106.00113     3.056    -2.527               3.456
  4757.836     107.0     2.804    -3.951               3.450
  4757.839     107.0     3.245    -4.678               3.450
  4757.841      58.1     0.956    -0.710
  4757.848 106.00112     1.172    -2.722               3.456
  4757.848      44.0     0.928    -0.960
  4757.866     607.0     0.108    -4.612               7.650
  4757.909      59.1     0.204    -1.220
  4757.918      25.1     6.495    -3.321
  4757.954 106.00112     1.172    -2.696               3.456
  4757.966      77.0     2.068    -2.370
  4757.981 106.00113     1.723    -2.297               3.456
  4757.984 106.00112     1.172    -4.548               3.456
  4758.010      26.0     4.549    -4.361
  4758.036      73.0     1.358    -1.700
  4758.058     107.0     3.274    -4.491               3.450
  4758.083      26.1     6.807    -4.677
  4758.118    22.0       2.249     0.425
  4758.133      21.0     2.320    -1.057
  4758.154     607.0     0.072    -4.482               7.650
  4758.172      27.1     8.928    -3.271
  4758.183      23.1     8.583    -3.648
  4758.197      74.0     2.967    -0.730
  4758.215 106.00113     1.723    -2.314               3.456
  4758.230     607.0     0.043    -4.969               7.650
  4758.237 106.00113     1.528    -4.678               3.456
  4758.262      27.0     4.149    -3.559
  4758.262 106.00112     1.528    -2.748               3.456
  4758.267      64.0     0.066    -1.580
  4758.297      69.1     4.708    -2.460
  4758.299      25.1     6.139    -3.322
  4758.313     107.0     3.278    -4.511               3.450
  4758.342 106.00112     3.639    -4.930               3.456
  4758.353 106.00113     3.056    -2.516               3.456
  4758.353      28.0     3.465    -4.314
  4758.389     607.0     1.155    -3.408               7.650
  4758.412 106.00113     2.900    -1.482               3.456
  4758.415      28.0     3.847    -2.110
  4758.418      24.0     4.535    -3.445
  4758.428 106.00113     3.639    -1.735               3.456
  4758.437 106.00112     1.528    -4.678               3.456
  4758.470      65.1     1.104    -0.800
  4758.493 106.00112     1.723    -2.297               3.456
  4758.501      42.0     3.692    -0.037
  4758.504      60.0     0.000    -1.091
  4758.505 106.00113     3.639    -1.745               3.456
  4758.507 106.00112     1.528    -2.734               3.456
  4758.508     607.0     0.129    -4.603               7.650
  4758.530      58.1     1.706    -2.590
  4758.595 106.00112     3.639    -1.735               3.456
  4758.604 106.00113     1.528    -2.748               3.456
  4758.606      28.0     3.679    -3.452
  4758.647 106.00113     2.900    -1.495               3.456
  4758.666      23.0     1.931    -0.968
  4758.668     107.0     2.825    -3.906               3.450
  4758.678     607.0     0.975    -2.963               7.650
  4758.699 106.00113     2.946    -2.567               3.456
  4758.704      64.0     0.881     0.045
  4758.720 106.00112     3.639    -1.745               3.456
  4758.728     607.0     0.975    -4.355               7.650
  4758.725      26.0     4.50     -2.00
  4758.758      23.0     1.218    -2.221
  4758.772     107.0     3.299    -4.443               3.450
  4758.781     107.0     2.825    -3.906               3.450
  4758.782     607.0     0.910    -4.057               7.650
  4758.792      69.1     3.955    -2.950
  4758.810 106.00112     1.723    -2.314               3.456
  4758.813     107.0     3.190    -4.572               3.450
  4758.817 106.00113     1.528    -2.734               3.456
  4758.824     607.0     0.910    -3.364               7.650
  4758.835      75.0     1.436    -2.180
  4758.847     607.0     1.052    -3.176               7.650
  4758.850      69.1     3.884    -1.640
  4758.900    22.0       0.836    -2.170
  4758.904     607.0     1.052    -4.144               7.650
  4758.951      21.0     2.001    -2.955
  4758.967      23.0     2.247    -4.098
  4758.974 106.00112     3.639    -4.930               3.456
  4758.974      25.0     4.640    -4.196
  4758.975      14.0     4.954    -3.00
  4758.996 106.00113     2.946    -2.554               3.456
  4759.000     607.0     1.210    -4.368               7.650
  4759.028      23.0     2.122    -2.096
  4759.055      22.0     3.179    -3.231
  4759.083      60.0     0.456    -0.400
  4759.136     607.0     0.056    -4.515               7.650
  4759.142      22.0     2.778    -2.543
  4759.186 106.00113     1.444    -2.417               3.456
  4759.196      25.1     6.494    -3.195
  4759.200      58.1     1.355    -3.300
  4759.259     107.0     3.260    -4.574               3.450
  4759.269    22.0       2.256     0.514
  4759.298      21.0     2.338    -3.714
  4759.311     607.0     0.878    -4.943               7.650
  4759.323     107.0     3.231    -4.683               3.450
  4759.341      60.0     0.000    -1.121
  4759.427 106.00112     3.467    -2.055               3.456
  4759.427 106.00113     1.444    -2.433               3.456
  4759.460     107.0     3.190    -4.547               3.450
  4759.470      24.0     4.532    -1.684
  4759.504     607.0     0.922    -3.353               7.650
  4759.565 106.00112     1.528    -2.748               3.456
  4759.627     107.0     3.256    -4.491               3.450
  4759.635 106.00112     1.528    -4.678               3.456
  4759.637 106.00113     1.647    -2.331               3.456
  4759.638      22.0     2.175    -1.80
  4759.648     607.0     1.265    -3.872               7.650
  4759.651      27.0     4.209    -3.546
  4759.653      68.1     0.000    -1.75
  4759.654      42.0     3.734    -1.109
  4759.674 106.00113     1.647    -2.314               3.456
  4759.705 106.00112     1.528    -2.734               3.456
  4759.714 106.00112     1.444    -2.417               3.456
  4759.741      58.1     2.008    -1.540
  4759.753      24.0     3.011    -2.119
  4759.785     107.0     3.054    -4.973               3.450
  4759.789 106.00112     2.946    -2.567               3.456
  4759.804      24.0     3.845    -4.184
  4759.850 106.00113     1.255    -2.834               3.456
  4759.859 106.00113     1.255    -2.925               3.456
  4759.893 106.00113     0.872    -4.580               3.456
  4759.900      58.1     1.194    -2.480
  4759.908      69.0     1.893    -0.520
  4759.910      24.0     3.113    -1.80
  4759.927      58.1     1.092    -1.370
  4759.927 106.00112     3.467    -2.064               3.456
  4759.959 106.00113     0.639    -4.857               3.456
  4759.993      25.0     5.087    -1.935