Mn 4672 +/- 10 with hfs  
  4661.000 106.00113     2.100    -4.693               3.456
  4661.063 106.00112     3.635    -2.004               3.456
  4661.063 106.00112     2.207    -4.573               3.456
  4661.076 106.00113     2.588    -2.256               3.456
  4661.078      73.0     1.655    -1.230
  4661.095      25.0     4.435    -3.035
  4661.102 106.00113     1.091    -2.057               3.456
  4661.113 106.00113     1.846    -2.588               3.456
  4661.128 106.00113     2.588    -2.245               3.456
  4661.134 106.00113     1.091    -2.061               3.456
  4661.160 106.00112     3.080    -2.203               3.456
  4661.193      24.0     3.011    -3.033
  4661.193 106.00113     2.884    -2.224               3.456
  4661.206 106.00113     1.846    -2.571               3.456
  4661.208    17.0       9.282    -1.810
  4661.220      69.1     4.364    -2.120
  4661.228      74.0     2.787    -0.780
  4661.240      23.0     2.578    -4.742
  4661.258 106.00113     2.982    -2.213               3.456
  4661.274 106.00112     2.786    -2.234               3.456
  4661.284      25.0     5.133    -4.007
  4661.295 106.00113     3.024    -2.398               3.456
  4661.320      26.0     2.831    -4.200
  4661.343     607.0     0.825    -3.581               7.650
  4661.376 106.00112     2.949    -2.811               3.456
  4661.400     607.0     0.825    -4.576               7.650
  4661.437     607.0     0.745    -3.365               7.650
  4661.460      24.1     6.605    -4.484
  4661.486     607.0     0.745    -4.786               7.650
  4661.517 106.00113     3.024    -2.388               3.456
  4661.526 106.00112     2.949    -2.823               3.456
  4661.534      26.0     4.558    -1.400
  4661.547      22.1     5.423    -3.539
  4661.547      24.0     5.111    -2.110
  4661.556      27.1     3.459    -4.002
  4661.577     607.0     0.677    -4.489               7.650
  4661.582 106.00113     1.376    -4.948               3.456
  4661.590      26.0     4.549    -4.320
  4661.619     607.0     0.677    -3.762               7.650
  4661.621      58.1     1.533    -1.710
  4661.633     8.1      22.979    -0.278
  4661.634      21.0     1.440    -3.866
  4661.689      21.0     3.101    -1.674
  4661.721 106.00113     1.091    -4.414               3.456
  4661.735      69.1     3.435    -2.200
  4661.736 106.00113     3.187    -4.014               3.456
  4661.758      20.0     4.681    -3.711
  4661.758 106.00113     2.976    -1.137               3.456
  4661.784      40.1     2.409    -0.800
  4661.810      69.1     3.679    -3.890
  4661.847      25.0     2.920    -2.320
  4661.847 106.00112     3.384    -4.215               3.456
  4661.848      20.0     4.763    -2.705
  4661.858      59.1     0.630    -1.810
  4661.864      24.0     4.159    -0.745
  4661.878      63.0     0.000     0.470
  4661.887      23.0     2.863    -1.980
  4661.900 106.00112     2.856    -1.336               3.456
  4661.922      42.0     1.420    -2.042
  4661.970    26.0       2.988    -2.502
  4661.971      74.0     1.917    -1.490
  4661.995 106.00113     2.949    -2.811               3.456
  4661.996      58.1     1.048    -1.610
  4662.006      26.0     4.415    -4.343
  4662.036 106.00113     2.949    -2.823               3.456
  4662.039 106.00112     3.384    -1.335               3.456
  4662.058      58.1     1.796    -1.980
  4662.060      58.1     1.254    -1.580
  4662.065 106.00112     2.856    -1.348               3.456
  4662.084 106.00113     2.663    -2.624               3.456
  4662.089 106.00113     2.976    -1.125               3.456
  4662.097      26.0     2.728    -4.881
  4662.100      24.0     4.449    -3.673
  4662.106 106.00113     2.786    -2.224               3.456
  4662.113      23.0     1.218    -4.421
  4662.117      23.1     8.599    -4.327
  4662.160 106.00112     2.976    -1.137               3.456
  4662.177      70.1     7.211    -3.900
  4662.195 106.00112     2.856    -4.095               3.456
  4662.200 106.00112     3.385    -1.345               3.456
  4662.200     607.0     0.818    -3.714               7.650
  4662.203      69.1     4.329    -2.350
  4662.222     607.0     0.904    -4.435               7.650
  4662.291 106.00112     2.976    -4.090               3.456
  4662.308 106.00113     2.663    -2.609               3.456
  4662.315 106.00112     1.376    -2.620               3.456
  4662.319 106.00113     1.376    -2.639               3.456
  4662.323 106.00112     2.976    -4.090               3.456
  4662.326 106.00112     1.376    -2.639               3.456
  4662.332 106.00113     2.856    -4.095               3.456
  4662.352      22.0     3.285    -4.066
  4662.393      21.1     8.493    -0.982
  4662.402      24.0     3.010    -2.735
  4662.404      27.0     4.149    -4.060
  4662.430 106.00113     1.376    -2.620               3.456
  4662.439 106.00112     1.376    -4.948               3.456
  4662.447 106.00113     2.786    -2.234               3.456
  4662.450      25.0     5.181    -2.867
  4662.454 106.00112     2.976    -1.125               3.456
  4662.478      75.0     1.714    -1.880
  4662.498      57.1     0.000    -1.240
  4662.500 106.00113     3.080    -2.194               3.456
  4662.532 106.00112     2.100    -4.693               3.456
  4662.565     607.0     0.690    -3.752               7.650
  4662.643      23.1     3.799    -3.129
  4662.684 106.00113     3.273    -2.184               3.456
  4662.695      58.1     1.709    -0.850
  4662.724      66.0     2.289     0.570
  4662.741      22.1     1.165    -3.429
  4662.759      42.0     1.470    -1.483
  4662.767     107.0     3.286    -4.729               3.450
  4662.778      22.1     1.180    -3.540
  4662.780 106.00113     3.273    -2.175               3.456
  4662.808      25.0     2.953    -3.906
  4662.817      23.1     8.583    -4.057
  4662.817 106.00113     3.080    -2.203               3.456
  4662.838      69.1     4.104    -2.240
  4662.865      23.0     1.955    -3.761
  4662.880      23.1     8.599    -3.635
  4662.883     607.0     0.936    -3.958               7.650
  4662.960      60.1     0.550    -1.670
  4663.041     607.0     0.731    -4.077               7.650
  4663.054      58.1     1.706    -1.680
  4663.056    13.1      10.598    -0.290
  4663.128      58.1     1.140    -1.590
  4663.178      26.0     3.546    -2.550
  4663.180 106.00112     2.663    -2.624               3.456
  4663.198      69.1     2.784    -3.000
  4663.203      90.0     0.356    -1.921
  4663.208      69.1     3.435    -3.070
  4663.230      58.1     1.500    -0.530
  4663.244      23.1     8.573    -3.818
  4663.275      69.1     4.329    -2.940
  4663.283      27.0     4.149    -4.489
  4663.311      24.0     3.101    -0.710
  4663.341 106.00112     2.688    -2.234               3.456
  4663.363      14.0     4.930    -3.954
  4663.372      26.1     7.845    -3.752
  4663.394 106.00112     2.663    -2.609               3.456
  4663.400      27.0     3.133    -0.250
  4663.435 106.00113     3.384    -1.335               3.456
  4663.460      24.0     5.111    -3.436
  4663.470 106.00113     3.385    -1.345               3.456
  4663.533 106.00113     3.635    -2.013               3.456
  4663.550      62.0     0.282    -0.165
  4663.550      69.1     3.955    -2.450
  4663.559     607.0     1.052    -4.693               7.650
  4663.615      25.0     2.941    -2.935
  4663.644      24.0     4.533    -3.614
  4663.677      22.0     3.351    -1.938
  4663.707      58.1     3.687    -2.900
  4663.708      26.1     2.891    -3.889
  4663.748      92.0     0.077    -1.466
  4663.748      24.0     3.011    -2.936
  4663.757      57.1     1.956    -0.251
  4663.763 106.00112     3.179    -2.184               3.456
  4663.774      26.1     9.688    -3.705
  4663.785      22.0     3.334    -1.867
  4663.787 106.00113     2.976    -4.090               3.456
  4663.816      24.0     3.111    -0.543
  4663.818      41.0     0.197    -0.740
  4663.824      76.0     1.908    -1.280
  4663.833 106.00112     2.688    -2.245               3.456
  4663.882      26.0     4.593    -3.999
  4663.962      69.1     4.265    -2.150
  4663.970      27.0     3.687    -2.581
  4663.972 106.00112     3.028    -2.388               3.456
  4663.998      26.0     4.446    -3.994
  4664.009      23.0     1.873    -1.963
  4664.011      20.0     5.049    -4.128
  4664.014      26.0     3.984    -3.660
  4664.044      21.0     4.967    -3.663
  4664.046      20.0     5.928    -1.400
  4664.057     607.0     0.641    -4.823               7.650
  4664.061 106.00112     1.091    -2.057               3.456
  4664.077 106.00112     1.091    -4.444               3.456
  4664.086      24.0     3.013    -2.038
  4664.098 106.00112     1.091    -4.414               3.456
  4664.108     607.0     0.825    -3.564               7.650
  4664.114 106.00112     1.091    -2.061               3.456
  4664.129 106.00113     2.339    -3.072               3.456
  4664.138      72.1     1.602    -1.150
  4664.149 106.00112     1.848    -2.571               3.456
  4664.149      58.1     0.559    -2.680
  4664.177 106.00113     3.635    -2.004               3.456
  4664.192      21.1     7.981    -3.177
  4664.231      25.1     6.186    -4.018
  4664.246 106.00112     3.179    -2.194               3.456
  4664.249 106.00113     2.339    -3.053               3.456
  4664.257      21.0     2.608    -1.234
  4664.263      64.1     2.209    -0.271
  4664.319      28.0     3.635    -4.572
  4664.327      28.1     9.909    -4.129
  4664.392 106.00113     2.102    -4.693               3.456
  4664.418 106.00112     1.848    -2.588               3.456
  4664.460 106.00112     3.028    -2.398               3.456
  4664.460 106.00113     1.377    -4.948               3.456
  4664.463      26.0     4.549    -3.725
  4664.467      24.0     3.011    -3.183
  4664.472     607.0     0.745    -4.781               7.650
  4664.516 106.00113     2.688    -2.234               3.456
  4664.522     607.0     0.745    -3.350               7.650
  4664.531      24.0     4.159    -1.245
  4664.555 106.00113     1.848    -2.571               3.456
  4664.566      20.1     8.438    -3.381
  4664.566      20.1     8.438    -2.080
  4664.599      26.1     4.837    -4.642
  4664.603      25.0     4.794    -3.200
  4664.641      26.0     4.209    -4.355
  4664.653      59.1     0.422    -0.850
  4664.667      66.1     0.538    -1.658
  4664.695 106.00113     1.848    -2.588               3.456
  4664.718      26.0     2.845    -3.592
  4664.730 106.00112     2.492    -2.256               3.456
  4664.768      26.0     4.473    -2.079
  4664.778      25.0     4.640    -3.612
  4664.781      24.0     3.125    -0.478
  4664.811    11.0       2.102    -1.565
  4664.823 106.00112     2.492    -2.267               3.456
  4664.828      20.1     8.438    -2.235
  4664.841 106.00113     2.979    -4.090               3.456
  4664.844      26.0     4.559    -1.770
  4664.858 106.00113     2.688    -2.245               3.456
  4664.875      69.1     4.563    -1.910
  4664.955      58.1     3.335    -2.730
  4665.000      23.0     1.893    -2.498
  4665.016      24.0     3.422    -3.188
  4665.115      27.0     4.149    -3.359
  4665.119      62.1     0.434    -1.420
  4665.129     607.0     0.731    -4.070               7.650
  4665.144     607.0     1.908    -4.842               7.650
  4665.193 106.00112     1.377    -2.620               3.456
  4665.196      26.0     4.608    -5.085
  4665.206      69.1     3.797    -3.330
  4665.234      26.0     4.209    -3.553
  4665.255      26.0     4.387    -1.409
  4665.278      23.0     2.359    -2.286
  4665.280      58.1     1.212    -0.850
  4665.281      58.1     2.004    -0.500
  4665.309 106.00113     1.377    -2.620               3.456
  4665.317 106.00112     1.377    -4.948               3.456
  4665.320      41.0     1.524    -1.480
  4665.325     607.0     1.052    -4.684               7.650
  4665.378      42.0     2.476    -2.141
  4665.387 106.00113     1.377    -2.639               3.456
  4665.394 106.00112     1.377    -2.639               3.456
  4665.470      23.1     6.100    -3.840
  4665.511      22.0     2.267    -4.631
  4665.548      28.1     6.856    -1.821
  4665.549      26.0     4.076    -2.970
  4665.556      24.0     3.092    -3.259
  4665.563 106.00113     2.492    -2.267               3.456
  4665.609 106.00113     2.492    -2.256               3.456
  4665.629      23.0     2.555    -4.897
  4665.729 106.00112     3.672    -4.534               3.456
  4665.772      58.1     0.900    -2.090
  4665.772 106.00113     3.179    -2.184               3.456
  4665.789      70.1     5.868    -2.410
  4665.829      21.0     2.338    -1.262
  4665.906      24.0     3.556    -0.530
  4665.927 106.00112     2.102    -4.693               3.456
  4665.986 106.00113     2.665    -2.609               3.456
  4665.992      69.1     3.247    -2.100
  4666.005      90.1     0.765    -1.934
  4666.077 106.00113     3.179    -2.194               3.456
  4666.086 106.00112     2.339    -3.072               3.456
  4666.087     607.0     0.842    -3.569               7.650
  4666.096      26.0     4.988    -2.844
  4666.097 106.00113     2.666    -2.624               3.456
  4666.110      26.0     4.313    -1.995
  4666.116     607.0     0.760    -3.350               7.650
  4666.117      27.0     4.058    -3.096
  4666.121      23.0     1.893    -1.249
  4666.125      70.1     3.965    -3.760
  4666.139     607.0     0.690    -4.497               7.650
  4666.146     607.0     0.843    -4.584               7.650
  4666.168     607.0     0.760    -4.794               7.650
  4666.183     607.0     0.690    -3.743               7.650
  4666.197      24.0     2.967    -0.980
  4666.207      26.0     3.274    -3.767
  4666.240      69.1     4.469    -1.920
  4666.245      41.0     1.395    -0.490
  4666.262 106.00112     2.339    -3.053               3.456
  4666.433      64.1     1.372    -1.300
  4666.438      24.0     4.440    -2.905
  4666.472      23.0     1.711    -3.200
  4666.478      24.0     3.144    -0.505
  4666.502      24.0     4.106    -2.134
  4666.512      24.0     3.556    -0.913
  4666.535      22.0     3.128    -1.771
  4666.541      25.0     4.640    -1.977
  4666.694 106.00113     3.639    -4.930               3.456
  4666.702      69.1     2.947    -0.326
  4666.710      69.0     2.164    -1.360
  4666.713      58.1     0.561    -1.340
  4666.758      26.1     2.828    -3.368
  4666.785 106.00112     1.780    -2.586               3.456
  4666.797      26.1     7.940    -3.833
  4666.799      90.0     0.789    -1.157
  4666.816 106.00112     1.780    -2.604               3.456
  4666.850      92.1     0.036    -1.950
  4666.855 106.00112     3.639    -4.930               3.456
  4666.863      22.0     3.399    -2.645
  4666.875 106.00113     2.979    -1.125               3.456
  4666.880     607.0     0.793    -4.777               7.650
  4666.889      58.1     0.792    -1.970
  4666.916 106.00112     2.592    -2.245               3.456
  4666.947     107.0     3.096    -3.829               3.450
  4666.964      27.0     4.146    -3.201
  4666.968 106.00113     1.780    -2.604               3.456
  4666.982      28.0     3.796    -0.990
  4667.001 106.00113     2.979    -1.137               3.456
  4667.011      22.0     2.677    -3.177
  4667.062 106.00113     1.780    -2.586               3.456
  4667.062      24.0     3.551    -2.185
  4667.073 106.00112     2.665    -2.609               3.456
  4667.110 106.00112     2.979    -4.090               3.456
  4667.114 106.00112     3.639    -2.004               3.456
  4667.125      40.0     0.623    -1.630
  4667.138 106.00113     3.028    -2.388               3.456
  4667.140     607.0     0.840    -3.714               7.650
  4667.145      23.0     2.332    -3.326
  4667.149      70.1     7.211    -2.590
  4667.163      24.0     2.967    -1.484
  4667.195 106.00112     2.666    -2.624               3.456
  4667.201 106.00113     2.341    -3.053               3.456
  4667.212      24.0     3.556    -1.864
  4667.219 106.00112     3.639    -2.013               3.456
  4667.221      41.0     0.267    -1.160
  4667.241 106.00112     2.979    -1.125               3.456
  4667.295      69.1     1.111    -2.640
  4667.312 106.00112     3.300    -1.355               3.456
  4667.326 106.00113     2.341    -3.072               3.456
  4667.336 106.00113     3.300    -4.215               3.456
  4667.358      69.1     4.443    -1.860
  4667.363      24.0     3.013    -2.396
  4667.376      22.0     2.175    -2.783
  4667.389 106.00113     3.028    -2.398               3.456
  4667.404 106.00112     2.979    -1.137               3.456
  4667.406 106.00112     2.592    -2.256               3.456
  4667.449      26.0     4.796    -4.786
  4667.453    26.0       3.600    -0.751
  4667.465      23.1     6.101    -1.859
  4667.465 106.00112     1.082    -2.739               3.456
  4667.467 106.00113     1.082    -2.758               3.456
  4667.468     607.0     0.703    -3.734               7.650
  4667.473      39.0     1.983    -0.200
  4667.484      70.1     5.954    -2.870
  4667.487 106.00112     1.082    -2.758               3.456
  4667.493 106.00112     3.372    -2.165               3.456
  4667.509 106.00112     3.300    -4.215               3.456
  4667.520     607.0     1.834    -4.010               7.650
  4667.524      22.0     1.046    -2.948
  4667.526      24.1     8.469    -3.451
  4667.535 106.00112     2.979    -4.090               3.456
  4667.539      58.1     1.676    -3.240
  4667.576 106.00113     1.082    -2.739               3.456
  4667.581 106.00112     3.372    -2.175               3.456
  4667.584    22.0       0.021    -1.132
  4667.589      24.1     8.414    -3.179
  4667.666      26.0     4.415    -3.168
  4667.687 106.00112     3.300    -1.345               3.456
  4667.711     107.0     3.096    -3.829               3.450
  4667.714      25.0     4.666    -0.291
  4667.727      24.0     4.207    -3.045
  4667.755      28.0     3.706    -1.008
  4667.830      58.1     1.058    -2.800
  4667.860      24.0     4.208    -3.618
  4667.942 106.00113     2.592    -2.245               3.456
  4667.952     607.0     0.961    -3.960               7.650
  4668.053 106.00112     3.111    -2.378               3.456
  4668.062      26.0     3.686    -1.514
  4668.062 106.00112     3.111    -2.388               3.456
  4668.121      27.0     2.871    -4.204
  4668.121      69.1     4.480    -3.100
  4668.134      26.0     3.266    -1.340
  4668.139      26.0     4.371    -2.693
  4668.172      90.0     0.930    -0.763
  4668.193      58.1     4.322    -2.340
  4668.230      26.0     4.076    -3.991
  4668.279      69.1     3.824    -1.960
  4668.287 106.00113     2.592    -2.256               3.456
  4668.307      69.1     4.368    -0.760
  4668.347      22.0     1.053    -1.998
  4668.371      58.1     1.342    -1.800
  4668.415 106.00113     2.897    -4.693               3.456
  4668.455      23.1     8.619    -4.132
  4668.459      74.0     1.917    -1.440
  4668.476      47.0     3.778    -1.213
  4668.540      20.0     5.018    -4.725
  4668.548      58.1     1.613    -1.830
  4668.560    11.0       2.104    -1.312
  4668.598      20.0     4.769    -3.988
  4668.619      28.0     4.236    -2.329
  4668.697      21.0     1.943    -3.385
  4668.699      24.0     4.446    -1.718
  4668.704      70.1     6.651    -3.640
  4668.728      58.1     1.676    -2.390
  4668.731      24.0     3.375    -3.099
  4668.752      58.1     1.709    -0.700
  4668.763      24.0     4.440    -2.158
  4668.764 106.00112     3.278    -2.175               3.456
  4668.785      24.0     4.411    -4.061
  4668.793      42.0     3.393    -1.395
  4668.793      23.0     2.122    -4.646
  4668.797      21.0     2.608    -2.022
  4668.820     607.0     0.843    -3.552               7.650
  4668.835     607.0     0.652    -4.830               7.650
  4668.890     607.0     0.793    -4.771               7.650
  4668.893      57.1     1.782    -0.420
  4668.895      25.1     6.493    -3.822
  4668.923      26.1     7.845    -2.655
  4668.950      21.1     7.981    -3.660
  4668.982      77.0     1.997    -2.000
  4669.035 106.00113     2.979    -4.090               3.456
  4669.076 106.00113     2.281    -4.573               3.456
  4669.081     607.0     0.760    -4.790               7.650
  4669.106      26.1     4.818    -4.718
  4669.131      44.0     1.838    -1.570
  4669.133     607.0     0.760    -3.336               7.650
  4669.139      73.0     1.147    -1.510
  4669.140     607.0     1.627    -3.787               7.650
  4669.171    26.0       3.651    -1.211
  4669.176      27.0     4.110    -4.563
  4669.183      23.0     2.359    -1.677
  4669.202      58.1     0.740    -2.550
  4669.218 106.00112     2.341    -3.053               3.456
  4669.229      70.1     7.321    -1.780
  4669.230      22.0     1.739    -2.648
  4669.242      72.0     1.306    -1.950
  4669.244 106.00112     3.278    -2.184               3.456
  4669.253     607.0     0.840    -3.705               7.650
  4669.267      26.1     7.693    -3.294
  4669.277      70.1     5.572    -2.280
  4669.285 106.00112     2.341    -3.072               3.456
  4669.301      23.0     0.069    -3.541
  4669.310     607.0     1.690    -4.340               7.650
  4669.317      24.0     3.168    -0.486
  4669.318      26.1     7.653    -4.054
  4669.368      23.0     1.955    -3.734
  4669.375 106.00113     3.648    -4.014               3.456
  4669.379      24.1     8.415    -1.759
  4669.386      62.1     0.104    -0.600
  4669.391      69.1     3.958    -3.790
  4669.419      58.1     1.546    -2.700
  4669.427 106.00113     3.300    -1.355               3.456
  4669.475      22.0     3.424    -3.587
  4669.498      58.1     1.420    -0.410
  4669.512 106.00113     2.589    -1.553               3.456
  4669.572     107.0     3.149    -3.792               3.450
  4669.628      42.0     3.739    -1.240
  4669.640      62.1     0.277    -0.530
  4669.642      58.1     1.194    -1.620
  4669.664      24.0     3.092    -2.474
  4669.674 106.00113     2.589    -1.539               3.456
  4669.728      23.1     6.686    -1.723
  4669.776 106.00113     3.372    -2.175               3.456
  4669.809      24.1     8.490    -4.130
  4669.859      25.1     6.493    -4.422
  4669.863      41.0     1.369    -1.530
  4669.879 106.00113     3.372    -2.165               3.456
  4669.907      24.1     8.415    -2.182
  4669.940 106.00112     1.782    -2.586               3.456
  4669.961      26.0     4.796    -2.238
  4669.964 106.00113     3.667    -1.057               3.456
  4669.975      44.0     0.928    -1.910
  4669.977 106.00113     3.300    -1.345               3.456
  4669.984      90.0     1.022    -0.928
  4670.020     607.0     0.961    -3.950               7.650
  4670.042      69.1     4.736    -1.850
  4670.091      24.0     4.440    -1.951
  4670.098      58.1     0.902    -1.070
  4670.116 106.00112     2.397    -2.267               3.456
  4670.139      20.0     5.045    -3.869
  4670.147 106.00113     3.639    -2.013               3.456
  4670.182      26.1     2.583    -4.073
  4670.191 106.00112     1.782    -2.604               3.456
  4670.210 106.00112     2.397    -2.279               3.456
  4670.217 106.00113     1.782    -2.586               3.456
  4670.236 106.00113     3.639    -2.004               3.456
  4670.247      25.1     6.494    -4.846
  4670.262     607.0     0.752    -4.066               7.650
  4670.289      22.1     5.428    -4.811
  4670.296      58.1     1.421    -2.460
  4670.320      66.0     0.938    -2.730
  4670.334      26.1     7.869    -2.300
  4670.339      24.0     4.447    -3.295
  4670.343 106.00113     1.782    -2.604               3.456
  4670.396      22.0     3.323    -3.953
  4670.400      24.1     5.871    -2.553
  4670.406    21.1       1.357    -0.580
  4670.419      42.0     3.156    -1.516
  4670.426      69.1     3.936    -2.020
  4670.444      58.1     1.206    -1.520
  4670.447     107.0     3.149    -3.792               3.450
  4670.483 106.00112     1.084    -2.739               3.456
  4670.487      23.0     1.081    -0.570
  4670.512      58.1     1.676    -1.120
  4670.524      21.0     3.172    -2.584
  4670.557 106.00112     2.281    -4.573               3.456
  4670.559      60.1     0.064    -1.280
  4670.585      70.1     3.017    -1.990
  4670.594 106.00113     1.084    -2.739               3.456
  4670.599      27.1     8.562    -3.535
  4670.609      23.0     2.575    -2.817
  4670.627      58.1     1.042    -1.550
  4670.640      25.0     4.685    -2.941
  4670.677 106.00113     1.084    -2.758               3.456
  4670.690      62.1     0.544    -1.590
  4670.697 106.00112     1.084    -2.758               3.456
  4670.725      58.1     0.674    -0.890
  4670.736      23.0     1.955    -3.238
  4670.743      23.1     1.679    -4.301
  4670.749      25.0     4.685    -2.726
  4670.756      62.0     0.185    -0.041
  4670.815 106.00113     2.397    -2.279               3.456
  4670.826      62.0     0.185    -0.041
  4670.858 106.00113     2.397    -2.267               3.456
  4670.867     607.0     0.703    -4.505               7.650
  4670.882      20.0     5.932    -1.893
  4670.896      58.0     0.411    -0.338
  4670.904      27.0     2.871    -3.448
  4670.912     607.0     0.703    -3.725               7.650
  4670.925      58.1     0.977    -1.450
  4670.961 106.00113     3.278    -2.175               3.456
  4670.963     607.0     0.776    -3.336               7.650
  4670.965 106.00112     3.648    -4.014               3.456
  4670.970 106.00113     2.589    -4.090               3.456
  4670.992     607.0     1.690    -4.336               7.650
  4671.008     607.0     1.627    -3.782               7.650
  4671.017     607.0     0.776    -4.803               7.650
  4671.027     607.0     0.860    -3.557               7.650
  4671.037      27.0     4.240    -3.448
  4671.084      60.0     0.140    -0.544
  4671.088     607.0     0.860    -4.592               7.650
  4671.090      69.1     4.744    -2.740
  4671.101 106.00112     3.648    -0.811               3.456
  4671.101 106.00112     3.648    -0.802               3.456
  4671.103 106.00112     2.897    -4.693               3.456
  4671.132      69.1     4.756    -3.340
  4671.184      26.1     9.130    -4.619
  4671.201      21.0     2.338    -0.734
  4671.212      25.1     6.494    -4.294
  4671.220      69.0     2.040    -1.970
  4671.234 106.00113     3.111    -2.388               3.456
  4671.236 106.00112     3.648    -4.014               3.456
  4671.258 106.00113     3.278    -2.184               3.456
  4671.271 106.00112     3.667    -4.123               3.456
  4671.293      22.0     2.117    -4.003
  4671.311      70.1     7.003    -2.790
  4671.330 106.00113     1.314    -4.948               3.456
  4671.354      24.1     5.662    -2.809
  4671.373 106.00112     2.496    -2.256               3.456
  4671.389      70.1     6.020    -2.210
  4671.395      58.1     0.897    -1.370
  4671.397      92.1     0.569    -1.571
  4671.397 106.00112     3.667    -1.057               3.456
  4671.415      26.0     4.652    -3.581
  4671.424      58.1     4.128    -1.780
  4671.428 106.00112     2.589    -1.553               3.456
  4671.472 106.00113     3.111    -2.378               3.456
  4671.517 106.00112     2.589    -4.090               3.456
  4671.648 106.00112     2.589    -1.539               3.456
  4671.651      25.0     2.888    -2.237
  4671.656      25.0     2.888    -3.155
  4671.661      25.0     2.888    -4.372
  4671.667      25.0     2.888    -2.377
  4671.672      25.0     2.888    -2.979
  4671.675      25.0     2.888    -4.020
  4671.680      25.0     2.888    -2.535
  4671.684      25.0     2.888    -2.953
  4671.685      69.1     4.081    -1.250
  4671.687      25.0     2.888    -3.895
  4671.690      25.0     2.888    -2.719
  4671.692      69.1     3.580    -2.590
  4671.693      25.0     2.888    -3.020
  4671.695      25.0     2.888    -3.974
  4671.697      25.0     2.888    -2.941
  4671.699      25.0     2.888    -3.196
  4671.701      25.0     2.888    -3.226
  4671.731      23.0     1.869    -2.689
  4671.803      57.1     1.956    -0.409
  4671.820      69.1     3.797    -3.120
  4671.858 106.00112     2.496    -2.267               3.456
  4671.895      42.0     2.646    -0.744
  4671.933      58.1     1.194    -2.650
  4671.980      21.1     4.836    -2.703
  4671.988      69.1     3.255    -0.023
  4672.001      20.0     2.933    -2.587
  4672.011 106.00113     1.314    -2.640               3.456
  4672.051      26.0     4.796    -4.390
  4672.087      59.1     0.216    -0.781
  4672.094 106.00113     0.994    -2.367               3.456
  4672.094      41.0     0.348    -0.540
  4672.131 106.00113     1.314    -2.637               3.456
  4672.135 106.00112     1.314    -2.640               3.456
  4672.137 106.00112     1.314    -2.637               3.456
  4672.146      20.0     4.769    -4.656
  4672.159      25.1     6.495    -3.369
  4672.217      58.1     1.296    -2.180
  4672.227 106.00113     0.994    -2.348               3.456
  4672.253 106.00112     1.314    -4.948               3.456
  4672.255 106.00113     2.496    -2.256               3.456
  4672.297 106.00113     3.303    -4.215               3.456
  4672.318     607.0     0.717    -3.717               7.650
  4672.386      25.0     4.425    -3.440
  4672.440      72.1     2.211    -2.840
  4672.448 106.00113     1.716    -4.948               3.456
  4672.469 106.00112     3.303    -4.215               3.456
  4672.479      26.1     9.941    -4.261
  4672.536     607.0     1.083    -4.686               7.650
  4672.574 106.00113     0.994    -4.319               3.456
  4672.600 106.00113     2.496    -2.267               3.456
  4672.648 106.00112     3.303    -1.345               3.456
  4672.657 106.00113     3.648    -0.811               3.456
  4672.669      26.0     4.103    -4.796
  4672.692      24.1     8.414    -2.251
  4672.742      24.0     4.144    -0.710
  4672.746     607.0     0.752    -4.060               7.650
  4672.786 106.00113     3.648    -0.802               3.456
  4672.794      20.0     5.045    -4.432
  4672.812 106.00112     3.303    -1.355               3.456
  4672.830      26.0     1.608    -4.370
  4672.887      27.0     4.149    -3.386
  4672.896      26.0     4.733    -4.145
  4672.931      24.0     4.455    -2.384
  4673.007 106.00112     3.635    -1.179               3.456
  4673.027      58.1     0.232    -2.970
  4673.029      42.0     2.276    -2.441
  4673.053      58.1     1.355    -1.600
  4673.128      24.0     4.193    -0.496
  4673.151 106.00112     1.716    -2.602               3.456
  4673.156      58.1     1.027    -3.050
  4673.158      68.0     0.000    -1.402
  4673.164      26.0     3.654    -1.189
  4673.173 106.00112     1.716    -2.621               3.456
  4673.190      58.1     1.582    -2.010
  4673.199 106.00112     3.635    -4.095               3.456
  4673.205 106.00113     1.716    -2.621               3.456
  4673.211      26.0     4.435    -1.904
  4673.270      26.0     3.654    -1.380
  4673.284 106.00112     1.716    -4.948               3.456
  4673.304 106.00113     1.716    -2.602               3.456
  4673.369      58.1     1.042    -2.470
  4673.411      58.1     1.212    -2.340
  4673.413      21.0     1.954    -3.486
  4673.418      69.1     4.288    -3.370
  4673.423     4.1      12.157     0.763
  4673.431      22.0     2.345    -2.003
  4673.459 106.00112     3.635    -1.170               3.456
  4673.575 106.00113     2.900    -4.693               3.456
  4673.583      41.0     2.236    -0.680
  4673.584      58.1     1.404    -1.650
  4673.592 106.00113     3.667    -4.123               3.456
  4673.597      66.1     2.112    -0.690
  4673.615      56.0     1.190    -0.970
  4673.649      23.0     2.374    -1.656
  4673.659     607.0     0.860    -3.541               7.650
  4673.661      90.0     0.356    -1.411
  4673.668      69.1     4.311    -3.740
  4673.732     8.1      22.979    -1.090
  4673.769     607.0     0.664    -4.837               7.650
  4673.771 106.00112     3.114    -2.378               3.456
  4673.779      26.0     4.580    -4.284
  4673.851     607.0     0.776    -4.798               7.650
  4673.891 106.00113     2.283    -4.573               3.456
  4673.904     607.0     0.776    -3.322               7.650
  4673.959      60.0     0.293    -0.439
  4673.970 106.00113     2.591    -1.539               3.456
  4673.972      21.0     3.101    -2.827
  4674.003 106.00113     1.315    -4.948               3.456
  4674.017      58.1     3.803    -2.470
  4674.079      24.0     4.193    -1.388
  4674.085     107.0     3.252    -4.759               3.450
  4674.093 106.00113     3.635    -4.095               3.456
  4674.127      69.1     4.480    -2.640
  4674.128      27.0     4.113    -3.471
  4674.147      26.0     4.435    -2.757
  4674.149      69.1     4.030    -2.220
  4674.167 106.00113     2.591    -1.553               3.456
  4674.216      69.1     2.951    -1.450
  4674.252 106.00113     2.938    -1.335               3.456
  4674.267 106.00112     3.114    -2.388               3.456
  4674.281     607.0     1.083    -4.678               7.650
  4674.355 106.00113     3.373    -4.095               3.456
  4674.356     607.0     0.864    -3.705               7.650
  4674.418      27.0     4.232    -4.306
  4674.484      58.0     0.206    -0.311
  4674.497 106.00113     2.938    -1.323               3.456
  4674.536      17.0     9.203    -1.690
  4674.590      62.1     0.185    -0.560
  4674.610     107.0     3.252    -4.732               3.450
  4674.648      26.0     1.557    -4.920
  4674.649      70.1     5.341    -2.990
  4674.654      44.0     1.461    -1.280
  4674.697      22.0     3.128    -3.833
  4674.715      69.1     3.744    -1.660
  4674.751      28.0     3.635    -1.830
  4674.780      29.0     5.153    -0.814
  4674.805 106.00113     1.315    -2.637               3.456
  4674.812 106.00112     1.315    -2.637               3.456
  4674.842      23.1     8.583    -4.150
  4674.849      39.0     0.066    -0.460
  4674.862 106.00113     1.315    -2.640               3.456
  4674.871      20.0     5.018    -4.456
  4674.910      24.1     6.578    -4.121
  4674.927 106.00112     1.315    -4.948               3.456
  4674.932 106.00113     3.303    -1.355               3.456
  4674.932      20.0     5.983    -3.738
  4674.939      20.0     4.763    -3.310
  4674.943 106.00113     3.303    -1.345               3.456
  4674.987 106.00112     1.315    -2.640               3.456
  4675.015      24.1     8.415    -2.151
  4675.019      28.0     3.465    -3.568
  4675.022      45.0     0.706    -1.780
  4675.050      20.0     5.983    -3.591
  4675.094      26.0     4.103    -1.481
  4675.101      24.0     3.104    -3.416
  4675.116    22.0       1.067    -1.372
  4675.182      69.1     4.355    -1.880
  4675.197      22.0     0.900    -4.203
  4675.235      69.1     2.784    -2.490
  4675.256     607.0     0.987    -3.952               7.650
  4675.264      25.0     5.133    -3.006
  4675.277      69.1     4.096    -2.210
  4675.301      23.0     2.578    -2.606
  4675.319      70.1     5.581    -3.630
  4675.320      69.0     1.893    -0.390
  4675.376 106.00112     2.283    -4.573               3.456
  4675.376      26.0     4.387    -2.526
  4675.378      41.0     0.267    -0.690
  4675.404 106.00113     1.718    -4.948               3.456
  4675.472 106.00112     0.994    -2.367               3.456
  4675.503 106.00112     0.994    -4.319               3.456
  4675.517      60.0     0.456    -0.347
  4675.550      26.1     7.804    -4.676
  4675.589      28.0     3.606    -2.840
  4675.618      68.1     1.323    -0.265
  4675.627 106.00113     2.591    -4.090               3.456
  4675.653      70.1     7.005    -1.370
  4675.673 106.00112     0.994    -2.348               3.456
  4675.686      58.1     3.435    -2.620
  4675.699     607.0     0.717    -4.513               7.650
  4675.717 106.00113     3.276    -1.174               3.456
  4675.719      69.1     4.481    -1.890
  4675.746     607.0     0.717    -3.708               7.650
  4675.776 106.00113     3.276    -1.185               3.456
  4675.780      24.0     4.144    -2.036
  4675.835     607.0     0.820    -4.769               7.650
  4675.892      23.1     8.583    -4.010
  4675.927 106.00112     3.377    -2.165               3.456
  4675.949 106.00112     2.591    -1.539               3.456
  4675.950     607.0     0.792    -3.322               7.650
  4675.964      22.1     5.885    -4.252
  4676.004     607.0     0.792    -4.811               7.650
  4676.020      26.1     7.869    -4.986
  4676.052     607.0     0.878    -3.545               7.650
  4676.055      90.0     1.291    -0.549
  4676.073 106.00113     3.648    -4.014               3.456
  4676.086 106.00112     2.591    -1.553               3.456
  4676.087      25.0     4.679    -3.473
  4676.108 106.00112     1.718    -2.602               3.456
  4676.115     607.0     0.878    -4.599               7.650
  4676.135 106.00112     2.938    -1.335               3.456
  4676.152      24.0     4.440    -3.869
  4676.161 106.00112     2.303    -2.279               3.456
  4676.176 106.00112     2.591    -4.090               3.456
  4676.235     8.1      22.999    -0.394
  4676.242 106.00112     1.718    -4.948               3.456
  4676.255 106.00112     2.303    -2.291               3.456
  4676.261 106.00113     1.718    -2.602               3.456
  4676.266      21.0     1.448    -4.979
  4676.268 106.00112     2.900    -4.693               3.456
  4676.275 106.00112     2.938    -4.095               3.456
  4676.331      24.0     3.556    -1.589
  4676.336 106.00112     1.718    -2.621               3.456
  4676.347 106.00112     3.373    -0.940               3.456
  4676.369 106.00113     1.718    -2.621               3.456
  4676.399 106.00112     3.377    -2.175               3.456
  4676.418      26.1     9.439    -4.519
  4676.428 106.00112     2.938    -1.323               3.456
  4676.436     607.0     0.864    -3.696               7.650
  4676.467 106.00113     2.938    -4.095               3.456
  4676.520      26.0     4.446    -3.713
  4676.524      22.0     2.677    -1.907
  4676.526 106.00112     3.373    -4.095               3.456
  4676.552 106.00112     3.373    -4.095               3.456
  4676.565      20.0     5.049    -4.226
  4676.592 106.00112     2.401    -2.267               3.456
  4676.606      69.1     3.783    -1.510
  4676.622      74.0     2.422    -0.840
  4676.690 106.00113     2.165    -4.693               3.456
  4676.692       6.0     7.488    -4.140
  4676.710      27.0     3.530    -1.815
  4676.730 106.00113     2.303    -2.291               3.456
  4676.732 106.00112     3.373    -0.930               3.456
  4676.765      70.1     6.877    -3.290
  4676.767 106.00113     2.303    -2.279               3.456
  4676.802      22.0     3.285    -3.041
  4676.806 106.00112     3.471    -2.157               3.456
  4676.824      58.1     1.406    -2.550
  4676.876 106.00113     3.373    -0.940               3.456
  4676.880      69.0     2.449    -1.770
  4676.881 106.00113     3.652    -4.014               3.456
  4676.894 106.00112     3.471    -2.165               3.456
  4676.900      62.1     0.040    -0.870
  4676.940      24.0     3.556    -1.885
  4676.952      22.0     2.506    -0.131
  4676.956      26.1     7.946    -3.118
  4676.999 106.00113     3.635    -1.179               3.456
  4677.031      58.1     2.373    -2.250
  4677.071 106.00112     2.401    -2.279               3.456
  4677.080      27.1     7.909    -4.287
  4677.198 106.00113     3.114    -2.378               3.456
  4677.199      24.0     4.446    -2.200
  4677.231      27.0     0.629    -4.451
  4677.302     607.0     0.987    -3.942               7.650
  4677.336 106.00113     2.401    -2.267               3.456
  4677.340 106.00112     3.276    -4.014               3.456
  4677.342 106.00113     3.373    -0.930               3.456
  4677.377      58.1     1.767    -2.750
  4677.398     607.0     0.731    -3.700               7.650
  4677.400      26.0     4.218    -2.376
  4677.447 106.00113     3.114    -2.388               3.456
  4677.469      69.1     4.110    -2.790
  4677.476 106.00112     3.276    -1.174               3.456
  4677.485      22.0     3.062     0.059
  4677.485      24.0     4.440    -4.457
  4677.504 106.00112     3.276    -1.185               3.456
  4677.506      27.0     0.582    -4.330
  4677.524     607.0     0.766    -4.369               7.650
  4677.533     607.0     0.763    -4.385               7.650
  4677.564     607.0     0.773    -4.056               7.650
  4677.580      58.1     2.373    -2.000
  4677.588      26.0     4.154    -2.410
  4677.603      24.0     2.967    -3.684
  4677.637      22.0     3.294    -2.894
  4677.658     607.0     0.770    -4.357               7.650
  4677.675     607.0     0.759    -4.408               7.650
  4677.677 106.00113     2.401    -2.279               3.456
  4677.688      74.0     2.458    -0.730
  4677.699 106.00113     3.635    -1.170               3.456
  4677.743      23.0     2.608    -3.936
  4677.765      17.0     9.203    -3.850
  4677.860      69.1     0.029    -2.754
  4677.860      69.1     4.531    -3.140
  4677.903     607.0     0.775    -4.349               7.650
  4677.944     607.0     0.757    -4.440               7.650
  4678.010      58.1     2.129    -0.810
  4678.051      23.0     2.575    -3.118
  4678.089      25.0     5.214    -3.408
  4678.149      48.0     3.734    -0.970
  4678.172      22.0     3.392    -2.882
  4678.176      59.1     0.508    -1.109
  4678.202      42.0     3.033    -2.050
  4678.247      64.0     2.050     0.458
  4678.263      26.1     9.100    -4.334
  4678.283 106.00112     2.165    -4.693               3.456
  4678.285     607.0     0.780    -4.344               7.650
  4678.314      22.0     3.392    -3.004
  4678.321 106.00113     3.377    -2.165               3.456
  4678.326    38.0       2.498    -0.360
  4678.338     607.0     0.754    -4.482               7.650
  4678.356      39.0     2.374    -0.110
  4678.410      26.0     3.417    -3.601
  4678.456      27.0     4.259    -3.103
  4678.456 106.00113     3.276    -4.014               3.456
  4678.467      41.0     1.043    -1.350
  4678.501      58.1     0.265    -2.570
  4678.600      58.1     0.721    -1.090
  4678.603 106.00113     3.377    -2.175               3.456
  4678.612 106.00112     3.652    -0.802               3.456
  4678.675     607.0     0.878    -3.530               7.650
  4678.737      69.1     2.185    -3.120
  4678.744      28.0     4.538    -3.361
  4678.748 106.00112     3.652    -4.014               3.456
  4678.764     607.0     0.792    -4.807               7.650
  4678.802     607.0     0.785    -4.342               7.650
  4678.819     607.0     0.792    -3.309               7.650
  4678.833     607.0     0.677    -4.844               7.650
  4678.846    26.0       3.600    -0.833
  4678.846      24.0     4.447    -2.765
  4678.858     607.0     0.753    -4.541               7.650
  4678.916      24.1     4.143    -4.978
  4678.937      58.1     1.206    -1.590
  4678.945 106.00112     3.652    -4.014               3.456
  4678.977      58.1     0.495    -3.250
  4679.039      74.0     2.267    -1.220
  4679.060      66.1     2.112    -1.100
  4679.061      68.1     1.536    -0.668
  4679.076      59.1     0.630    -1.125
  4679.078 106.00113     1.654    -4.948               3.456
  4679.080 106.00112     3.652    -0.811               3.456
  4679.090      58.1     1.348    -1.130
  4679.159      28.1     6.989    -1.748
  4679.181      64.0     1.548     0.452
  4679.218      26.0     4.559    -1.479
  4679.220      26.0     3.368    -2.270
  4679.225    26.0       3.249    -2.418
  4679.227      20.0     5.049    -4.946
  4679.282 106.00112     3.639    -4.095               3.456
  4679.289 106.00113     3.471    -2.165               3.456
  4679.297 106.00113     1.017    -2.769               3.456
  4679.307      26.1     7.806    -4.136
  4679.319      21.0     3.101    -2.645
  4679.323      24.0     4.099    -3.042
  4679.398 106.00113     3.471    -2.157               3.456
  4679.412      58.1     0.495    -2.930
  4679.413 106.00113     1.017    -2.757               3.456
  4679.433 106.00112     1.017    -2.757               3.456
  4679.442 106.00112     1.017    -2.769               3.456
  4679.458     607.0     0.791    -4.342               7.650
  4679.502     607.0     0.751    -4.624               7.650
  4679.510      26.0     4.076    -3.306
  4679.539      26.0     4.260    -3.527
  4679.539      69.1     3.860    -2.560
  4679.543 106.00112     3.639    -1.170               3.456
  4679.593 106.00113     3.672    -1.057               3.456
  4679.629      26.0     4.733    -2.938
  4679.646      24.0     2.915    -4.891
  4679.648 106.00112     3.639    -1.179               3.456
  4679.691      22.0     2.480    -2.055
  4679.693      58.1     3.371    -2.690
  4679.717      22.0     1.053    -2.933
  4679.719      58.1     3.460    -3.570
  4679.735 106.00112     3.198    -2.378               3.456
  4679.738 106.00112     3.198    -2.368               3.456
  4679.786 106.00113     1.654    -2.638               3.456
  4679.807      26.0     4.446    -4.119
  4679.851 106.00112     1.654    -2.619               3.456
  4679.867 106.00112     1.654    -2.638               3.456
  4679.867 106.00113     3.373    -4.095               3.456
  4679.884 106.00113     1.654    -2.619               3.456
  4679.927      69.1     2.772    -1.950
  4679.936      58.1     1.092    -1.340
  4679.964      26.0     4.218    -3.083
  4679.979 106.00112     1.654    -4.948               3.456
  4679.994      25.1     7.758    -4.267
  4680.034     607.0     0.773    -4.049               7.650
  4680.044      25.0     5.087    -2.553
  4680.047      64.0     0.927     0.023
  4680.057 106.00113     2.941    -1.323               3.456
  4680.095      23.1     6.109    -2.945
  4680.119      58.1     1.058    -0.430
  4680.134      30.0     4.006    -0.815
  4680.134      70.1     6.954    -1.910
  4680.153     607.0     0.962    -4.421               7.650
  4680.160      69.0     2.449    -1.610
  4680.178 106.00113     3.639    -4.095               3.456
  4680.182      27.0     2.877    -3.593
  4680.190      22.0     3.305    -2.785
  4680.204      25.0     4.194    -3.358
  4680.233      25.0     4.429    -3.961
  4680.238     607.0     0.798    -4.343               7.650
  4680.272     607.0     0.750    -4.750               7.650
  4680.274 106.00113     2.941    -1.335               3.456
  4680.285 106.00113     3.376    -4.095               3.456
  4680.295    26.0       1.607    -3.774
  4680.303 106.00113     2.167    -4.693               3.456
  4680.303 106.00113     3.652    -0.802               3.456
  4680.382     607.0     1.659    -3.780               7.650
  4680.403      24.0     4.855    -4.364
  4680.404      21.0     2.614    -1.073
  4680.417      22.0     3.407    -2.068
  4680.442      58.1     0.864    -1.070
  4680.467      26.0     2.858    -2.858
  4680.474      24.0     3.111    -0.941
  4680.496      21.0     2.320    -0.927
  4680.501      26.0     4.435    -5.107
  4680.513      74.0     0.599    -1.506
  4680.552      26.0     4.584    -1.981
  4680.554      23.0     2.581    -3.423
  4680.560      26.0     4.218    -3.382
  4680.581      26.0     4.473    -3.661
  4680.584      28.0     3.833    -3.261
  4680.625      26.0     4.209    -3.855
  4680.642 106.00113     3.652    -0.811               3.456
  4680.646      90.1     0.765    -2.273
  4680.660      27.1     5.208    -2.783
  4680.709     607.0     0.731    -4.521               7.650
  4680.735      27.0     4.021    -2.058
  4680.737      60.1     0.064    -1.179
  4680.740      66.0     1.056    -1.790
  4680.758     607.0     0.731    -3.692               7.650
  4680.841      26.0     4.154    -1.927
  4680.845      26.0     4.435    -2.190
  4680.853      24.0     3.092    -0.810
  4680.853      24.0     3.449    -1.631
  4680.875      23.0     1.873    -0.606
  4680.888      26.0     4.733    -2.075
  4680.904      26.0     4.608    -2.331
  4680.905 106.00112     3.672    -4.123               3.456
  4680.921      26.0     4.446    -3.559
  4680.986      58.1     1.366    -0.890
  4680.995      26.0     4.796    -3.857
  4681.033 106.00112     3.672    -1.057               3.456
  4681.035      42.0     3.782    -0.990
  4681.036      28.0     3.635    -3.384
  4681.039      25.0     5.133    -3.686
  4681.100     607.0     0.808    -3.308               7.650
  4681.105    49.1      12.685     0.770
  4681.116      58.1     4.090    -1.990
  4681.127      23.1     8.619    -3.421
  4681.156     607.0     0.808    -4.819               7.650
  4681.163     607.0     0.805    -4.346               7.650
  4681.167     607.0     0.750    -4.977               7.650
  4681.173 106.00113     1.254    -4.932               3.456
  4681.241     607.0     0.897    -3.534               7.650
  4681.305     607.0     0.897    -4.607               7.650
  4681.320      26.0     3.943    -4.707
  4681.320      69.0     2.449    -1.800
  4681.368      23.0     2.359    -3.716
  4681.401      22.1     5.423    -4.678
  4681.402      22.0     2.495    -1.704
  4681.439      26.0     4.584    -4.221
  4681.440 106.00113     2.401    -3.052               3.456
  4681.473      26.0     4.607    -1.479
  4681.554      62.0     0.185    -0.370
  4681.561 106.00113     2.401    -3.033               3.456
  4681.623      42.0     2.496    -2.283
  4681.651      58.1     0.464    -3.240
  4681.664     607.0     1.114    -4.680               7.650
  4681.684      23.0     1.931    -3.361
  4681.741     607.0     0.887    -3.696               7.650
  4681.785      44.0     1.139    -1.120
  4681.802 106.00113     1.254    -2.644               3.456
  4681.834     607.0     0.962    -4.414               7.650
  4681.839 106.00113     1.656    -4.948               3.456
  4681.844     607.0     1.725    -4.335               7.650
  4681.848      24.0     4.449    -1.599
  4681.871     607.0     0.751    -4.557               7.650
  4681.874      73.0     0.249    -1.570
  4681.874     607.0     0.751    -4.304               7.650
  4681.885      69.1     4.340    -3.400
  4681.899 106.00112     2.167    -4.693               3.456
  4681.908     607.0     0.753    -4.383               7.650
  4681.908    22.0       0.048    -1.009
  4681.913     607.0     0.753    -4.215               7.650
  4681.918      58.1     1.155    -2.030
  4681.918      58.1     1.495    -1.960
  4681.920      69.0     1.088    -1.040
  4681.927 106.00113     1.254    -2.638               3.456
  4681.933      42.0     3.156    -1.826
  4681.942      24.1     8.617    -3.239
  4681.966     607.0     0.750    -4.832               7.650
  4681.969     607.0     0.750    -4.433               7.650
  4681.993 106.00112     2.941    -1.323               3.456