linelist_Mn60136021
  6008.009 106.00112     2.294    -4.582               3.456
  6008.031 106.00113     2.440    -4.180               3.456
  6008.103 106.00112     2.871    -4.260               3.456
  6008.129     607.0     0.842    -1.997               7.650
  6008.157      21.0     3.083    -3.970
  6008.179 106.00112     1.922    -4.415               3.456
  6008.190      25.1     6.865    -3.465
  6008.201     607.0     0.745    -3.262               7.650
  6008.227     607.0     0.843    -3.567               7.650
  6008.284     607.0     0.745    -2.390               7.650
  6008.323      15.0     8.132    -2.200
  6008.323 106.00112     2.871    -4.276               3.456
  6008.327 106.00113     2.160    -4.102               3.456
  6008.348      26.0     4.301    -3.906
  6008.359      69.1     3.295    -3.110
  6008.470     7.0      11.603    -1.110
  6008.554      59.0     1.095    -0.199
  6008.556      26.0     3.884    -1.116
  6008.580      27.1     8.536    -2.993
  6008.612     607.0     0.751    -3.109               7.650
  6008.627     607.0     0.912    -4.036               7.650
  6008.641      21.0     4.594    -2.002
  6008.674      23.0     1.183    -2.340
  6008.705      64.0     1.924     0.080
  6008.747     607.0     1.178    -2.954               7.650
  6008.766     607.0     0.912    -2.191               7.650
  6008.792      70.1     4.597    -2.580
  6008.854      92.0     1.271    -0.920
  6008.896      26.0     4.985    -4.566
  6008.916     607.0     0.785    -2.545               7.650
  6008.936     607.0     0.991    -4.713               7.650
  6008.941      66.0     0.874    -1.309
  6008.977 106.00113     3.245    -4.239               3.456
  6009.078 106.00113     3.310    -4.210               3.456
  6009.087     607.0     0.775    -2.456               7.650
  6009.110     607.0     0.991    -2.702               7.650
  6009.114     607.0     0.775    -3.177               7.650
  6009.184      39.0     2.122    -0.060
  6009.186     607.0     0.820    -2.440               7.650
  6009.213      24.0     3.890    -1.775
  6009.215      74.0     2.242    -1.900
  6009.229     607.0     0.820    -2.918               7.650
  6009.251 106.00113     2.280    -4.071               3.456
  6009.251 106.00113     3.310    -4.224               3.456
  6009.304      60.1     0.380    -1.893
  6009.306      58.1     0.587    -3.690
  6009.306      20.0     5.994    -4.447
  6009.330      66.0     1.569    -1.450
  6009.351      22.0     2.396    -4.164
  6009.438      26.0     2.198    -5.079
  6009.451      42.0     3.904    -0.903
  6009.498      26.0     4.985    -4.047
  6009.519      23.0     4.218    -4.178
  6009.548 106.00113     2.280    -4.050               3.456
  6009.555      70.1     5.341    -2.120
  6009.580 106.00113     3.245    -4.225               3.456
  6009.774      22.0     2.427    -4.843
  6009.795      14.0     5.954    -2.882
  6009.800     607.0     0.750    -3.205               7.650
  6009.822      26.0     4.584    -3.782
  6009.827      26.0     3.252    -4.547
  6009.862      69.1     2.784    -3.950
  6009.913      73.0     3.040    -0.730
  6010.065      42.0     3.265    -1.536
  6010.110     607.0     0.763    -3.020               7.650
  6010.133     607.0     0.791    -2.510               7.650
  6010.161      90.0     0.356    -2.500
  6010.198      23.0     4.111    -3.527
  6010.257      58.1     2.281    -1.790
  6010.335 106.00113     2.086    -4.516               3.456
  6010.345      58.1     0.737    -4.000
  6010.379      23.0     4.258    -2.300
  6010.401      26.0     5.386    -4.079
  6010.403      24.0     3.850    -4.408
  6010.426 106.00113     2.286    -4.805               3.456
  6010.467     607.0     0.795    -2.559               7.650
  6010.480 106.00113     2.286    -4.805               3.456
  6010.487      55.0     1.386    -1.210
  6010.545 106.00113     2.161    -4.115               3.456
  6010.563      20.0     5.578    -3.406
  6010.577     607.0     0.760    -2.383               7.650
  6010.615      58.1     1.626    -2.450
  6010.628      25.0     4.660    -2.837
  6010.636      28.0     4.419    -2.326
  6010.653 106.00113     2.086    -4.516               3.456
  6010.670      58.1     4.489    -2.110
  6010.675       6.0     8.640    -1.937
  6010.675      24.1     6.605    -3.125
  6010.689     607.0     0.690    -3.584               7.650
  6010.776      25.0     5.696    -3.242
  6010.783      22.1     8.114    -0.950
  6010.794 106.00113     2.161    -4.102               3.456
  6010.804     607.0     0.956    -2.202               7.650
  6010.820      66.0     0.513    -1.320
  6010.863      92.0     1.283    -0.909
  6010.867     607.0     0.922    -3.352               7.650
  6010.870      58.1     3.728    -3.200
  6010.928 106.00113     2.413    -4.228               3.456
  6011.127      64.1     1.157    -1.970
  6011.138      23.0     1.849    -3.772
  6011.152 106.00112     2.439    -4.199               3.456
  6011.219     607.0     0.750    -3.306               7.650
  6011.232 106.00113     2.086    -4.453               3.456
  6011.282      62.1     1.463    -1.083
  6011.286      58.1     3.822    -3.270
  6011.326      42.0     3.275    -1.006
  6011.344      21.0     4.275    -2.220
  6011.398      27.0     3.632    -1.986
  6011.407      24.0     3.013    -3.048
  6011.409 106.00113     2.413    -4.200               3.456
  6011.427 106.00113     1.758    -4.618               3.456
  6011.434 106.00112     2.589    -4.557               3.456
  6011.492 106.00112     2.589    -4.572               3.456
  6011.495 106.00113     2.086    -4.453               3.456
  6011.503 106.00112     2.439    -4.180               3.456
  6011.528     607.0     0.780    -2.404               7.650
  6011.538     607.0     0.690    -4.065               7.650
  6011.546      70.1     5.450    -2.590
  6011.557     607.0     0.780    -3.169               7.650
  6011.566     607.0     0.798    -2.478               7.650
  6011.569     607.0     1.415    -4.876               7.650
  6011.662      69.1     4.778    -2.540
  6011.694      22.0     3.148    -2.731
  6011.725     607.0     0.828    -2.411               7.650
  6011.772     607.0     0.828    -2.924               7.650
  6011.789      24.0     3.010    -2.920
  6011.842 106.00112     3.310    -4.210               3.456
  6011.842 106.00113     1.758    -4.583               3.456
  6011.860      69.0     2.449    -2.170
  6011.892      58.1     0.823    -2.570
  6011.933      22.1     8.098    -0.987
  6011.942     107.0     3.643    -3.462               3.450
  6011.944 106.00113     2.805    -4.293               3.456
  6011.983 106.00113     2.413    -4.228               3.456
  6012.023 106.00113     2.059    -4.183               3.456
  6012.030 106.00112     3.245    -4.239               3.456
  6012.052      58.1     1.495    -2.790
  6012.070 106.00112     2.279    -4.071               3.456
  6012.085 106.00113     2.286    -4.646               3.456
  6012.114 106.00113     2.286    -4.646               3.456
  6012.157      70.1     5.868    -2.240
  6012.161 106.00112     3.310    -4.224               3.456
  6012.173      42.0     2.598    -2.031
  6012.179      63.0     1.932    -0.320
  6012.208     107.0     3.643    -3.462               3.450
  6012.210    26.0       2.221    -4.038
  6012.225       6.0     8.640    -2.004
  6012.251 106.00113     2.059    -4.152               3.456
  6012.291 106.00112     2.160    -4.115               3.456
  6012.331      24.1     8.415    -4.156
  6012.345 106.00113     2.413    -4.200               3.456
  6012.403 106.00112     2.279    -4.050               3.456
  6012.407 106.00112     2.440    -4.199               3.456
  6012.437      26.0     4.796    -3.580
  6012.450 106.00113     2.805    -4.277               3.456
  6012.451      20.0     5.585    -3.338
  6012.464     607.0     0.751    -3.303               7.650
  6012.470     607.0     0.751    -3.124               7.650
  6012.490 106.00112     3.245    -4.225               3.456
  6012.515      70.1     7.618    -0.920
  6012.530      63.0     1.891    -0.130
  6012.562      23.0     2.583    -4.717
  6012.563     607.0     0.750    -3.355               7.650
  6012.567     607.0     0.750    -3.379               7.650
  6012.587     607.0     0.753    -3.256               7.650
  6012.591 106.00112     2.160    -4.102               3.456
  6012.596     607.0     0.753    -2.962               7.650
  6012.602      24.0     3.845    -3.160
  6012.620 106.00112     2.440    -4.180               3.456
  6012.695     607.0     0.842    -3.564               7.650
  6012.736      22.0     2.427    -1.707
  6012.739 106.00113     2.663    -4.336               3.456
  6012.750      22.1     8.132     1.103
  6012.756      26.0     4.559    -2.328
  6012.773      14.0     5.954    -2.084
  6012.793     607.0     0.843    -1.984               7.650
  6012.804      22.1     8.114     0.743
  6012.808      74.0     2.436    -1.080
  6012.855 106.00113     2.663    -4.321               3.456
  6012.856      26.1     8.568    -1.879
  6012.936     607.0     0.754    -3.218               7.650
  6012.938      20.0     5.586    -3.042
  6012.947     607.0     0.754    -2.839               7.650
  6012.974      69.1     4.706    -3.050
  6013.020      42.0     3.399    -0.955
  6013.148 106.00113     1.758    -4.618               3.456
  6013.163     607.0     0.766    -2.941               7.650
  6013.165       6.0     8.647    -1.314
  6013.206      24.1     8.415    -3.329
  6013.213       6.0     8.647    -1.673
  6013.214     607.0     0.805    -2.448               7.650
  6013.234      58.1     1.274    -2.300
  6013.293      23.0     4.130    -4.513
  6013.303      24.0     5.607    -3.938
  6013.324      69.1     4.571    -2.400
  6013.338      26.0     5.010    -4.013
  6013.347      26.1     8.073    -3.402
  6013.416      22.0     1.067    -3.100
  6013.419 106.00113     1.758    -4.583               3.456
  6013.420      58.0     0.302    -0.526
  6013.478      25.0     3.073    -0.766
  6013.499      25.0     3.073    -0.978
  6013.518      25.0     3.073    -1.251
  6013.527      25.0     3.073    -1.455
  6013.529     607.0     0.757    -3.189               7.650
  6013.533      25.0     3.073    -1.661
  6013.538      25.0     3.073    -1.309
  6013.543     607.0     0.757    -2.739               7.650
  6013.547      25.0     3.073    -1.330
  6013.552      25.0     3.073    -1.485
  6013.562      25.0     3.073    -1.807
  6013.566      25.0     3.073    -1.853
  6013.566      25.0     3.073    -2.409
  6013.567      25.0     3.073    -2.029
  6013.568      58.1     1.645    -1.200
  6013.591      26.0     5.033    -4.327
  6013.634     607.0     0.848    -3.056               7.650
  6013.640      27.0     4.475    -2.870
  6013.734      23.1     6.522    -4.633
  6013.821     607.0     1.131    -3.772               7.650
  6013.853 106.00112     2.280    -4.071               3.456
  6013.915      26.0     5.100    -2.263
  6013.962      22.1     8.108    -2.575
  6014.020 106.00112     2.280    -4.050               3.456
  6014.053      92.0     1.841    -0.358
  6014.128     607.0     0.785    -2.357               7.650
  6014.159     607.0     0.785    -3.164               7.650
  6014.190     607.0     0.934    -3.361               7.650
  6014.281      24.0     3.845    -4.013
  6014.303      58.1     0.977    -2.930
  6014.318     607.0     0.795    -3.749               7.650
  6014.336     607.0     0.759    -3.168               7.650
  6014.353     607.0     0.759    -2.655               7.650
  6014.374      25.0     4.332    -1.323
  6014.429      27.0     3.812    -3.043
  6014.443     607.0     0.795    -2.552               7.650
  6014.464     607.0     0.836    -2.385               7.650
  6014.513     607.0     0.836    -2.931               7.650
  6014.559     607.0     0.976    -2.206               7.650
  6014.599 106.00113     2.591    -4.557               3.456
  6014.610      21.0     3.633    -2.455
  6014.613 106.00113     3.247    -4.225               3.456
  6014.675     607.0     0.976    -3.370               7.650
  6014.696 106.00112     3.624    -4.821               3.456
  6014.765      22.0     2.333    -2.403
  6014.769 106.00113     3.247    -4.239               3.456
  6014.783      24.0     3.892    -2.506
  6014.826      68.0     1.309    -0.476
  6014.830       6.0     8.643    -1.585
  6014.845 106.00113     1.656    -3.427               3.456
  6014.846      26.0     5.320    -4.477
  6014.856 106.00112     3.624    -4.810               3.456
  6014.888 106.00113     3.182    -4.255               3.456
  6014.934      58.1     2.250    -1.890
  6014.979 106.00112     2.161    -4.115               3.456
  6014.986      21.0     2.509    -2.793
  6015.062 106.00112     2.161    -4.102               3.456
  6015.065 106.00113     2.591    -4.572               3.456
  6015.071     607.0     0.812    -2.420               7.650
  6015.079      69.1     5.197    -3.550
  6015.080      24.1     8.416    -2.375
  6015.116 106.00113     2.389    -4.264               3.456
  6015.120 106.00113     1.656    -3.354               3.456
  6015.173      26.0     5.319    -4.411
  6015.190     607.0     1.093    -2.435               7.650
  6015.205     607.0     0.751    -3.478               7.650
  6015.212     607.0     0.751    -3.958               7.650
  6015.222      24.0     3.011    -2.974
  6015.244      26.0     2.223    -4.810
  6015.261      70.1     6.570    -2.570
  6015.307      69.1     4.778    -1.810
  6015.322      21.0     3.607    -1.533
  6015.347     607.0     1.093    -3.829               7.650
  6015.362     607.0     0.763    -3.152               7.650
  6015.381     607.0     0.763    -2.581               7.650
  6015.384      27.0     4.395    -1.355
  6015.388 106.00112     2.086    -4.516               3.456
  6015.422      90.1     1.898    -1.408
  6015.442      24.0     3.888    -3.405
  6015.467 106.00113     3.182    -4.240               3.456
  6015.524      58.1     3.959    -1.000
  6015.558      63.0     2.413     0.160
  6015.565 106.00112     2.286    -4.805               3.456
  6015.619 106.00112     2.286    -4.805               3.456
  6015.626 106.00113     2.389    -4.229               3.456
  6015.672     607.0     0.760    -3.271               7.650
  6015.706 106.00112     2.086    -4.516               3.456
  6015.724 106.00112     2.413    -4.228               3.456
  6015.729      26.1     7.880    -2.226
  6015.731 106.00113     2.060    -4.152               3.456
  6015.733      68.1     2.705    -0.490
  6015.753      22.1     8.116    -0.040
  6015.753      24.0     3.551    -4.184
  6015.758     607.0     0.760    -2.374               7.650
  6015.775 106.00112     2.805    -4.293               3.456
  6015.775     607.0     0.860    -1.984               7.650
  6015.778 106.00112     3.640    -4.624               3.456
  6015.779      76.0     2.641    -1.640
  6015.782 106.00113     2.060    -4.183               3.456
  6015.855      26.0     4.260    -5.070
  6015.858      58.1     0.536    -3.280
  6015.876     607.0     0.860    -3.575               7.650
  6015.890     607.0     0.936    -2.191               7.650
  6015.891      73.0     2.155    -1.600
  6015.923      20.0     6.054    -1.089
  6015.992 106.00113     2.389    -4.264               3.456
  6015.992 106.00113     2.246    -4.097               3.456
  6016.032     607.0     0.936    -4.044               7.650
  6016.050      26.0     4.991    -2.292
  6016.057      23.0     2.678    -0.672
  6016.089      58.1     1.626    -3.730
  6016.108 106.00112     2.413    -4.200               3.456
  6016.122 106.00112     1.758    -4.618               3.456
  6016.130 106.00112     2.805    -4.277               3.456
  6016.180 106.00112     2.086    -4.453               3.456
  6016.192     607.0     0.715    -4.753               7.650
  6016.210      14.0     5.984    -1.655
  6016.300 106.00112     2.059    -4.183               3.456
  6016.304      58.1     1.674    -1.650
  6016.322 106.00112     2.059    -4.152               3.456
  6016.336 106.00112     1.758    -4.583               3.456
  6016.356     607.0     0.770    -2.872               7.650
  6016.378      58.1     2.017    -3.000
  6016.401 106.00113     2.389    -4.229               3.456
  6016.444       6.0     8.643    -1.834
  6016.444     607.0     0.753    -3.272               7.650
  6016.445 106.00112     2.086    -4.453               3.456
  6016.448 106.00112     3.640    -4.612               3.456
  6016.453     607.0     0.753    -3.607               7.650
  6016.474 106.00113     2.247    -4.071               3.456
  6016.502      22.0     2.345    -3.539
  6016.513      59.1     1.004    -0.788
  6016.588      58.0     0.159    -1.181
  6016.604      70.1     5.771    -1.670
  6016.605      26.0     3.547    -4.911
  6016.621     607.0     0.766    -3.141               7.650
  6016.643     607.0     0.766    -2.516               7.650
  6016.660      26.0     3.547    -1.950
  6016.673      25.0     3.073    -0.216
  6016.709 106.00112     2.663    -4.321               3.456
  6016.721      14.0     5.954    -2.020
  6016.742      22.1     8.097    -2.169
  6016.743      92.0     0.714    -1.794
  6016.747      26.0     5.070    -4.677
  6016.760 106.00112     2.663    -4.336               3.456
  6016.767      72.0     3.412     0.050
  6016.781 106.00112     2.413    -4.228               3.456
  6016.803      62.0     1.809    -0.286
  6016.902     607.0     0.848    -4.432               7.650
  6016.915     607.0     0.791    -2.314               7.650
  6016.918      69.1     4.110    -2.420
  6016.940      26.0     4.593    -4.911
  6016.949     607.0     0.791    -3.162               7.650
  6016.995      22.0     1.053    -3.630
  6017.046 106.00112     2.413    -4.200               3.456
  6017.062     607.0     0.848    -3.050               7.650
  6017.123     607.0     0.820    -2.393               7.650
  6017.162 106.00112     2.286    -4.646               3.456
  6017.162      57.0     1.644    -0.780
  6017.191 106.00112     2.286    -4.646               3.456
  6017.223 106.00113     3.624    -4.821               3.456
  6017.259      21.0     3.619    -0.990
  6017.261      58.1     3.513    -1.830
  6017.263      66.0     1.142    -1.142
  6017.281      21.0     3.172    -3.843
  6017.310      69.1     2.855    -2.370
  6017.381      92.1     0.584    -2.366
  6017.386      62.1     1.266    -1.400
  6017.397     607.0     0.845    -2.359               7.650
  6017.405      22.0     3.154    -2.157
  6017.448     607.0     0.846    -2.938               7.650
  6017.527 106.00112     3.247    -4.225               3.456
  6017.546 106.00113     2.247    -4.097               3.456
  6017.546      22.0     2.334    -2.185
  6017.563      92.0     0.775    -1.412
  6017.704      70.1     5.510    -2.340
  6017.705      23.0     1.218    -3.446
  6017.717     607.0     0.948    -3.369               7.650
  6017.767      59.1     1.112    -0.358
  6017.770 106.00113     2.281    -4.851               3.456
  6017.770 106.00113     2.281    -4.851               3.456
  6017.817 106.00113     2.807    -4.277               3.456
  6017.828 106.00112     3.247    -4.239               3.456
  6017.832 106.00113     3.624    -4.810               3.456
  6017.846 106.00112     1.758    -4.618               3.456
  6017.849      24.0     4.096    -4.177
  6017.864 106.00113     2.807    -4.293               3.456
  6017.879 106.00113     2.247    -4.071               3.456
  6017.891      26.1     7.845    -1.996
  6017.912     607.0     0.754    -3.158               7.650
  6017.915 106.00112     1.758    -4.583               3.456
  6017.915      23.0     1.195    -2.360
  6017.924     607.0     0.754    -3.396               7.650
  6017.956      58.1     3.960    -2.080
  6018.085     607.0     0.770    -3.133               7.650
  6018.093 106.00112     3.182    -4.255               3.456
  6018.108     607.0     0.770    -2.458               7.650
  6018.150      63.0     0.000    -1.280
  6018.161     607.0     1.295    -4.219               7.650
  6018.216      23.1     2.522    -4.920
  6018.246      22.0     3.112    -3.925
  6018.266      24.1     9.189    -3.639
  6018.269      26.0     4.988    -3.038
  6018.299      26.0     4.652    -2.212
  6018.305      69.1     4.373    -2.100
  6018.341      58.1     0.740    -2.230
  6018.369     607.0     1.093    -2.425               7.650
  6018.374     607.0     0.776    -2.368               7.650
  6018.376      58.1     3.448    -2.100
  6018.395      22.0     2.154    -1.196
  6018.483     607.0     0.976    -2.193               7.650
  6018.484      22.0     3.351    -3.813
  6018.524     607.0     0.703    -3.592               7.650
  6018.527 106.00112     3.182    -4.240               3.456
  6018.556 106.00112     2.591    -4.557               3.456
  6018.571 106.00113     1.976    -4.372               3.456
  6018.571      15.0     8.132    -4.110
  6018.572      26.0     5.357    -4.488
  6018.639      22.0     1.053    -2.142
  6018.642      26.0     5.446    -3.870
  6018.661 106.00113     1.898    -4.480               3.456
  6018.740      24.0     3.889    -2.445
  6018.788      24.0     4.096    -2.482
  6018.791      58.0     0.172    -1.928
  6018.795 106.00113     1.976    -4.352               3.456
  6018.850      69.1     3.744    -0.780
  6018.912      58.1     2.008    -1.260
  6018.954     607.0     1.210    -2.956               7.650
  6018.957      22.0     1.887    -3.780
  6018.973 106.00113     2.665    -4.321               3.456
  6018.984 106.00113     2.367    -4.309               3.456
  6018.993      90.1     1.878    -1.826
    6019.073      69.1     4.854    -3.560
  6019.119     607.0     1.021    -2.702               7.650
  6019.145     607.0     0.936    -4.042               7.650
  6019.146     607.0     1.211    -4.497               7.650
  6019.185     607.0     1.681    -3.641               7.650
  6019.191      92.0     0.552    -1.750
  6019.198      69.1     4.003    -2.670
  6019.209 106.00112     2.591    -4.572               3.456
  6019.216     607.0     0.753    -4.107               7.650
  6019.286     607.0     0.936    -2.183               7.650
  6019.296     607.0     1.021    -4.720               7.650
  6019.320      69.1     4.235    -1.820
  6019.343      26.0     5.064    -3.695
  6019.361 106.00113     1.898    -4.441               3.456
  6019.366      26.0     3.573    -3.490
  6019.408     607.0     0.828    -2.368               7.650
  6019.415 106.00113     2.666    -4.336               3.456
  6019.444      69.1     4.433    -1.950
  6019.445      58.1     1.319    -3.860
  6019.455 106.00113     1.898    -4.480               3.456
  6019.470    56.0       1.120    -0.360
  6019.490    27.1      11.700    -0.290
  6019.538 106.00113     2.367    -4.265               3.456
  6019.554      24.0     3.890    -3.337
  6019.577      24.0     3.847    -3.923
  6019.608     607.0     0.757    -3.083               7.650
  6019.622     607.0     0.757    -3.244               7.650
  6019.659      22.0     3.323    -3.017
  6019.683      25.0     4.332    -2.072
  6019.694 106.00113     2.367    -4.309               3.456
  6019.783     607.0     0.775    -3.129               7.650
  6019.801     607.0     0.775    -2.810               7.650
  6019.807 106.00112     2.060    -4.152               3.456
  6019.809     607.0     0.775    -2.406               7.650
  6019.859     607.0     0.798    -2.274               7.650
  6019.890      22.0     3.113    -2.842
  6019.893       6.0     8.643    -2.736
  6019.895     607.0     0.798    -3.162               7.650
  6019.901 106.00112     3.641    -4.612               3.456
  6019.941      20.0     5.578    -4.405
  6020.010 106.00112     2.389    -4.264               3.456
  6020.040      24.0     3.013    -3.995
  6020.064 106.00112     2.060    -4.183               3.456
  6020.064 106.00113     1.898    -4.441               3.456
  6020.158 106.00113     2.367    -4.265               3.456
  6020.169      26.0     4.607    -0.400
  6020.209 106.00112     3.626    -4.810               3.456
  6020.283     607.0     0.860    -3.572               7.650
  6020.285 106.00112     3.641    -4.624               3.456
  6020.384     607.0     0.860    -1.973               7.650
  6020.397 106.00113     3.640    -4.624               3.456
  6020.430 106.00112     2.389    -4.229               3.456
  6020.452      26.1     7.517    -4.959
  6020.495 106.00113     3.184    -4.240               3.456
  6020.513     607.0     0.855    -2.335               7.650
  6020.550      70.1     5.168    -1.290
  6020.567     607.0     0.855    -2.945               7.650
  6020.591      58.1     1.828    -3.690
  6020.605      58.0     0.516    -1.236
  6020.630 106.00113     3.184    -4.255               3.456
  6020.644      58.1     1.855    -2.140
  6020.654      69.1     4.041    -2.450
  6020.675      32.1     7.737    -0.027
  6020.694      69.1     4.854    -1.470
  6020.696      24.0     3.122    -4.193
  6020.717      73.0     1.210    -1.550
  6020.727 106.00112     2.246    -4.097               3.456
  6020.753      22.1     8.097    -0.839
  6020.865      24.0     3.435    -4.520
  6020.887 106.00112     2.389    -4.264               3.456
  6020.912      69.1     2.725    -2.640
  6020.991      28.0     5.363    -2.964
  6020.992 106.00113     2.281    -4.745               3.456
  6020.996 106.00113     2.281    -4.745               3.456
  6021.036      90.0     0.966    -1.708
  6021.086 106.00112     2.247    -4.071               3.456
  6021.105 106.00113     3.120    -4.271               3.456
  6021.123      64.0     0.841    -1.189
  6021.144 106.00112     3.626    -4.821               3.456
  6021.150     607.0     0.818    -2.549               7.650
  6021.165      28.0     5.280    -3.539
  6021.192      69.1     3.884    -2.190
  6021.206 106.00112     2.389    -4.229               3.456
  6021.260      24.0     3.847    -2.593
  6021.276      20.0     5.585    -4.150
  6021.346      69.1     4.531    -1.490
  6021.420     607.0     0.961    -3.377               7.650
  6021.503 106.00112     2.807    -4.277               3.456
  6021.525      74.0     2.246    -1.430
  6021.526     607.0     0.759    -3.031               7.650
  6021.529 106.00113     2.119    -4.131               3.456
  6021.542     607.0     0.759    -3.124               7.650
  6021.630 106.00113     3.640    -4.612               3.456
  6021.656 106.00113     3.121    -4.255               3.456
  6021.660      21.0     2.109    -1.367
  6021.667      58.1     1.582    -2.560
  6021.682     607.0     0.780    -3.128               7.650
  6021.703 106.00112     2.807    -4.293               3.456
  6021.711     607.0     0.780    -2.359               7.650
  6021.738      62.1     1.375    -1.310
  6021.746      25.0     3.075    -2.668
  6021.764      20.0     5.586    -4.783
  6021.769     607.0     1.211    -2.948               7.650
  6021.772      25.0     3.075    -1.451
  6021.774      25.0     3.075    -2.316
  6021.783     607.0     0.754    -3.804               7.650
  6021.788     607.0     1.021    -4.718               7.650
  6021.789      26.0     2.198    -4.055
  6021.795      25.0     3.075    -1.275
  6021.798      25.0     3.075    -2.191
  6021.804      25.0     3.075    -0.533
  6021.813      26.0     4.283    -3.908
  6021.813      25.0     3.075    -1.249
  6021.817      25.0     3.075    -2.271
  6021.821      25.0     3.075    -0.673
  6021.827      25.0     3.075    -1.316
  6021.834      25.0     3.075    -0.831
  6021.835      26.0     4.283    -3.546
  6021.837      25.0     3.075    -1.492
  6021.843      25.0     3.075    -1.015
  6021.846      25.0     3.075    -1.522
  6021.847      25.0     3.075    -1.237
  6021.874     607.0     0.836    -2.344               7.650
  6021.902      70.1     6.719    -1.120
  6021.916      24.0     3.847    -3.419
  6021.923      70.1     7.393    -0.080
  6021.965     607.0     1.021    -2.695               7.650
  6022.002      26.0     4.985    -4.355
  6022.004 106.00113     2.119    -4.116               3.456
  6022.015 106.00113     2.073    -4.575               3.456
  6022.044      58.1     3.822    -2.640
  6022.050     607.0     1.155    -3.779               7.650
  6022.102      42.0     3.265    -1.473
  6022.112      26.0     5.273    -4.900
  6022.157     607.0     1.798    -4.741               7.650
  6022.229 106.00113     2.073    -4.575               3.456
  6022.229      14.0     5.863    -1.946
  6022.283 106.00112     2.247    -4.097               3.456
  6022.323      25.0     4.320    -3.283
  6022.325     607.0     0.710    -4.072               7.650
  6022.357      22.0     3.148    -3.069
  6022.360      26.1     7.703    -3.775
  6022.365      58.1     3.038    -0.850
  6022.421 106.00112     3.308    -4.904               3.456
  6022.487      26.0     5.010    -4.649
  6022.494 106.00112     2.247    -4.071               3.456
  6022.501 106.00113     2.348    -4.366               3.456
  6022.513     607.0     0.997    -2.196               7.650
  6022.563      68.0     1.069    -0.609
  6022.574      25.0     5.338    -4.080
  6022.632     607.0     0.997    -3.377               7.650
  6022.643      23.0     2.684    -3.821
  6022.675 106.00112     1.976    -4.352               3.456
  6022.697      22.1     8.108    -0.367
  6022.697 106.00112     1.976    -4.372               3.456
  6022.825      24.0     4.613    -4.301
  6022.835 106.00112     2.665    -4.321               3.456
  6022.918      22.1     8.098    -0.798
  6022.926      22.1     8.089    -1.572
  6022.936 106.00112     3.308    -4.892               3.456
  6022.980 106.00112     2.281    -4.851               3.456
  6022.980 106.00112     2.281    -4.851               3.456
  6023.010     607.0     0.805    -2.237               7.650
  6023.014      24.0     3.857    -4.578
  6023.049     607.0     0.805    -3.163               7.650
  6023.060 106.00113     2.348    -4.366               3.456
  6023.082 106.00113     2.073    -4.499               3.456
  6023.114 106.00113     2.348    -4.311               3.456
  6023.140      63.0     1.877    -0.370
  6023.190 106.00113     3.626    -4.810               3.456
  6023.252 106.00113     2.073    -4.499               3.456
  6023.304      26.1     5.569    -4.049
  6023.329      26.0     5.393    -4.449
  6023.345     607.0     0.780    -2.754               7.650
  6023.397     607.0     0.776    -3.279               7.650
  6023.407      39.0     0.000    -2.020
  6023.437 106.00113     1.978    -4.352               3.456
  6023.445 106.00112     2.666    -4.336               3.456
  6023.467      14.0     5.964    -3.409
  6023.485     607.0     0.776    -2.360               7.650
  6023.557 106.00113     1.978    -4.372               3.456
  6023.561 106.00112     3.184    -4.240               3.456
  6023.593 106.00113     2.348    -4.311               3.456
  6023.624     607.0     0.878    -1.973               7.650
  6023.632      24.0     3.890    -2.850
  6023.648 106.00112     1.898    -4.480               3.456
  6023.671     607.0     0.763    -2.993               7.650
  6023.677 106.00113     3.626    -4.821               3.456
  6023.690     607.0     0.763    -3.026               7.650
  6023.711      58.1     3.508    -3.270
  6023.728     607.0     0.878    -3.583               7.650
  6023.803     607.0     0.785    -3.128               7.650
  6023.826      69.1     5.147    -2.230
  6023.834     607.0     0.785    -2.315               7.650
  6023.834     607.0     0.865    -2.313               7.650
  6023.840 106.00112     3.184    -4.255               3.456
  6023.884      22.0     3.128    -3.191
  6023.890     607.0     0.865    -2.953               7.650
  6023.945 106.00113     2.120    -4.131               3.456
  6023.964 106.00112     2.367    -4.309               3.456
  6024.036 106.00113     2.216    -4.128               3.456
  6024.058      26.0     4.548    -0.250
  6024.069 106.00112     1.656    -3.427               3.456
  6024.076      70.1     5.169    -1.290
  6024.174      23.0     3.406    -0.111
  6024.195      58.0     0.396    -0.268
  6024.203 106.00112     1.898    -4.441               3.456
  6024.225 106.00113     2.120    -4.116               3.456
  6024.288      24.0     5.611    -4.074
  6024.327      23.0     2.582    -4.500
  6024.352 106.00112     1.656    -3.354               3.456
  6024.398      24.0     4.535    -4.064
  6024.413      69.1     5.368    -2.270
  6024.432      23.0     3.529    -2.851
  6024.439 106.00112     2.367    -4.265               3.456
  6024.443 106.00112     1.898    -4.480               3.456
  6024.457 106.00112     3.120    -4.271               3.456
  6024.486      23.0     2.575    -4.438
  6024.537 106.00113     2.216    -4.097               3.456
  6024.553      58.1     2.108    -2.670
  6024.561     607.0     0.846    -2.322               7.650
  6024.575     607.0     0.757    -3.642               7.650
  6024.675 106.00112     2.367    -4.309               3.456
  6024.867 106.00112     3.121    -4.255               3.456
  6024.907      70.1     7.321    -2.580
  6024.907 106.00112     1.898    -4.441               3.456
  6024.911 106.00113     3.641    -4.624               3.456
  6024.926      22.1     8.132    -3.801
  6024.932     607.0     0.818    -3.756               7.650
  6024.933      22.1     8.093    -0.091
  6024.940      22.1     8.086     0.152
  6024.949     607.0     1.450    -4.880               7.650
  6025.060 106.00112     2.367    -4.265               3.456
  6025.061     607.0     0.818    -2.543               7.650
  6025.063      20.0     5.490    -4.065
  6025.089      23.1     2.276    -4.901
  6025.089 106.00113     3.641    -4.612               3.456
  6025.143      24.0     3.892    -2.054
  6025.147      58.1     1.456    -1.920
  6025.202 106.00113     2.743    -4.311               3.456
  6025.223 106.00113     3.308    -4.904               3.456
  6025.306      24.0     4.099    -2.653
  6025.327      22.0     2.408    -4.022
  6025.347     607.0     0.975    -3.386               7.650
  6025.372      40.0     0.154    -2.730
  6025.372 106.00113     2.217    -4.128               3.456
  6025.412      23.0     1.853    -1.660
  6025.430      69.0     2.164    -1.210
  6025.476      42.0     3.395    -0.857
  6025.482      22.0     3.128    -3.230
  6025.533      60.0     0.626    -1.020
  6025.630 106.00113     2.330    -4.438               3.456
  6025.685 106.00113     2.743    -4.294               3.456
  6025.731      62.1     1.348    -1.630
  6025.732      59.1     1.440    -0.106
  6025.743 106.00113     2.217    -4.097               3.456
  6025.751      28.0     4.236    -1.760
  6026.024      78.0     4.983     0.140
  6026.031     607.0     0.766    -2.965               7.650
  6026.033 106.00113     1.610    -4.737               3.456
  6026.048      21.0     4.534    -3.344
  6026.048      21.0     4.534    -2.775
  6026.051 106.00113     2.331    -4.438               3.456
  6026.052     607.0     0.766    -2.942               7.650
  6026.055      22.1     8.071    -2.981
  6026.091     607.0     1.120    -2.427               7.650
  6026.117      77.0     1.728    -3.160
  6026.137      58.1     1.355    -3.400
  6026.139 106.00112     2.119    -4.131               3.456
  6026.141     607.0     0.791    -3.131               7.650
  6026.149 106.00112     2.281    -4.745               3.456
  6026.153      21.0     2.111    -0.805
  6026.153 106.00112     2.281    -4.745               3.456
  6026.175     607.0     0.791    -2.275               7.650
  6026.247      24.0     4.099    -4.059
  6026.252     607.0     1.120    -3.834               7.650
  6026.280 106.00113     3.308    -4.892               3.456
  6026.320 106.00113     2.331    -4.369               3.456
  6026.337     607.0     0.812    -2.203               7.650
  6026.379     607.0     0.812    -3.166               7.650
  6026.386      23.0     4.224    -4.223
  6026.399      24.0     5.466    -3.978
  6026.399     607.0     0.997    -2.183               7.650
  6026.404 106.00113     1.611    -4.706               3.456
  6026.404     607.0     0.792    -2.354               7.650
  6026.455 106.00112     2.119    -4.116               3.456
  6026.588     607.0     0.717    -3.600               7.650
  6026.622      21.0     5.568    -3.614
  6026.622      21.0     5.568    -2.872
  6026.634      26.0     5.348    -5.004
  6026.641     607.0     0.875    -3.048               7.650
  6026.644 106.00113     3.122    -4.255               3.456
  6026.661      58.1     3.451    -4.000
  6026.663     607.0     0.961    -2.183               7.650
  6026.676 106.00113     2.331    -4.369               3.456
  6026.763 106.00113     3.122    -4.271               3.456
  6026.803      23.1     2.556    -3.788
  6026.808     607.0     0.961    -4.050               7.650
  6026.980      26.0     4.209    -4.560