linelist_Mn4783
  4778.032 106.00113     2.976    -1.481               3.456
  4778.034      27.0     2.787    -2.876
  4778.071      23.0     2.365    -2.895
  4778.084     607.0     0.961    -4.090               7.650
  4778.089      23.0     3.113    -2.401
  4778.095      69.1     4.684    -1.770
  4778.096      92.0     1.283    -0.460
  4778.107      23.0     1.945    -3.881
  4778.119 106.00112     1.440    -4.948               3.456
  4778.125      21.0     2.509    -4.234
  4778.133     607.0     0.961    -3.291               7.650
  4778.153      24.0     4.096    -4.125
  4778.160      77.0     1.606    -1.890
  4778.189 106.00113     3.289    -1.288               3.456
  4778.203 106.00113     2.055    -2.296               3.456
  4778.208      27.1     8.185    -3.636
  4778.224      27.0     4.064    -0.297
  4778.225      22.0     3.441    -3.791
  4778.233 106.00112     1.440    -2.368               3.456
  4778.233 106.00113     2.055    -2.281               3.456
  4778.240 106.00113     1.440    -4.948               3.456
  4778.249 106.00112     1.440    -2.387               3.456
  4778.255      22.0     2.236    -0.60
  4778.267 106.00113     2.976    -1.468               3.456
  4778.294      90.0     0.000    -2.251
  4778.303     607.0     1.326    -3.859               7.650
  4778.306      24.1     6.805    -4.376
  4778.326      70.1     7.273    -2.120
  4778.358      23.0     2.365    -1.294
  4778.395      60.0     0.140    -0.845
  4778.404      21.1     4.878    -4.277
  4778.411      70.1     5.856    -1.820
  4778.415      23.0     2.583    -1.479
  4778.453      58.1     0.956    -2.660
  4778.461      70.1     5.633    -2.620
  4778.476      28.0     3.699    -3.284
  4778.491      24.0     4.203    -1.341
  4778.512      24.0     3.013    -2.979
  4778.584     607.0     1.066    -3.950               7.650
  4778.612 106.00113     0.805    -4.494               3.456
  4778.628     607.0     1.036    -2.905               7.650
  4778.630 106.00113     2.165    -2.997               3.456
  4778.639     607.0     1.230    -3.394               7.650
  4778.655 106.00113     0.805    -2.809               3.456
  4778.674 106.00113     2.111    -2.956               3.456
  4778.683      27.0     4.064    -3.722
  4778.684     607.0     1.036    -4.387               7.650
  4778.731     607.0     1.230    -4.706               7.650
  4778.747 106.00112     2.055    -2.281               3.456
  4778.757     107.0     2.884    -3.824               3.450
  4778.795 106.00112     2.055    -2.296               3.456
  4778.826     607.0     0.080    -4.775               7.650
  4778.904      69.1     4.329    -2.240
  4778.916 106.00113     2.165    -2.978               3.456
  4778.939      23.0     2.616    -2.028
  4778.952 106.00113     2.111    -2.995               3.456
  4778.959     107.0     3.112    -4.681               3.450
  4778.970      69.1     4.355    -2.740
  4778.971     107.0     2.884    -3.824               3.450
  4778.980      60.1     0.471    -1.50
  4778.988      69.1     4.096    -1.870
  4779.018 106.00113     0.805    -2.774               3.456
  4779.053      24.1     5.670    -2.409
  4779.055     607.0     1.122    -3.128               7.650
  4779.058      17.0     9.203    -3.060
  4779.062      23.0     2.374    -2.425
  4779.073      69.1     3.506    -3.400
  4779.081      22.0     1.739    -4.103
  4779.119     607.0     1.122    -4.175               7.650
  4779.136      24.0     3.556    -3.783
  4779.137      25.0     4.640    -1.031
  4779.144 106.00112     2.165    -2.997               3.456
  4779.189     607.0     0.140    -4.305               7.650
  4779.220      62.1     0.544    -2.130
  4779.229      59.1     0.950    -1.013
  4779.240      23.1     6.496    -2.235
  4779.252 106.00113     2.221    -2.979               3.456
  4779.254      21.0     3.057    -4.172
  4779.258 106.00112     2.601    -2.183               3.456
  4779.259      26.0     4.209    -5.062
  4779.274      69.1     4.174    -1.430
  4779.281 106.00113     0.806    -4.494               3.456
  4779.286 106.00112     2.111    -2.956               3.456
  4779.290      21.0     3.057    -4.030
  4779.306 106.00112     2.601    -2.195               3.456
  4779.327 106.00112     2.165    -2.978               3.456
  4779.329 106.00113     2.059    -2.925               3.456
  4779.343 106.00113     3.300    -1.091               3.456
  4779.347 106.00113     2.601    -2.195               3.456
  4779.348      21.0     0.021    -2.15
  4779.352 106.00113     1.080    -2.806               3.456
  4779.386 106.00113     1.080    -4.364               3.456
  4779.395      69.1     3.580    -3.890
  4779.395 106.00113     0.806    -2.809               3.456
  4779.407 106.00113     2.601    -2.183               3.456
  4779.410      24.0     3.321    -4.497
  4779.422      58.1     1.319    -2.210
  4779.439    26.0       3.412    -2.20
  4779.455      60.0     0.293     0.058
  4779.466 106.00112     2.111    -2.995               3.456
  4779.473      23.0     2.316    -3.587
  4779.475      21.0     3.101    -3.981
  4779.526      27.0     4.146    -3.168
  4779.530      21.1     8.023    -2.937
  4779.542 106.00113     2.221    -2.961               3.456
  4779.569       6.0     8.537    -4.960
  4779.581 106.00112     3.300    -1.091               3.456
  4779.606 106.00113     2.059    -2.955               3.456
  4779.628      92.1     0.113    -2.351
  4779.663 106.00112     2.221    -2.979               3.456
  4779.686 106.00113     3.545    -4.215               3.456
  4779.688 106.00113     0.806    -2.774               3.456
  4779.745 106.00113     1.080    -2.767               3.456
  4779.750 106.00113     1.219    -2.487               3.456
  4779.756 106.00112     3.300    -4.215               3.456
  4779.770 106.00113     2.283    -2.236               3.456
  4779.772      24.0     3.556    -3.000
  4779.775      23.0     1.942    -3.470
  4779.782 106.00113     3.300    -1.081               3.456
  4779.782      25.1     6.128    -3.200
  4779.786 106.00112     3.300    -4.215               3.456
  4779.793 106.00113     1.219    -2.468               3.456
  4779.798 106.00112     0.805    -2.809               3.456
  4779.836     607.0     0.975    -3.283               7.650
  4779.846 106.00112     2.221    -2.961               3.456
  4779.891      24.0     3.011    -2.118
  4779.898 106.00113     1.080    -4.364               3.456
  4779.926 106.00113     1.080    -2.806               3.456
  4779.941      24.0     3.321    -4.288
  4779.960 106.00113     2.361    -2.222               3.456
  4779.962      58.1     1.296    -2.050
  4779.962 106.00112     3.300    -1.081               3.456
  4779.969      23.1     8.619    -3.811
  4779.971      24.0     4.440    -2.531
  4779.985      22.1     2.048    -1.260
  4779.987      27.0     3.279    -0.219
  4779.991      58.1     2.915    -2.490
  4780.021      26.1     7.929    -2.573
  4780.024 106.00112     2.283    -2.236               3.456
  4780.033 106.00112     2.059    -2.925               3.456
  4780.054 106.00113     2.976    -4.215               3.456
  4780.070     607.0     0.129    -4.305               7.650
  4780.076 106.00113     2.283    -2.250               3.456
  4780.088 106.00112     0.805    -4.494               3.456
  4780.088      58.1     1.421    -1.760
  4780.090 106.00112     0.805    -2.774               3.456
  4780.113 106.00113     1.984    -2.313               3.456
  4780.120 106.00112     2.361    -2.222               3.456
  4780.145      58.1     3.736    -1.700
  4780.147 106.00113     1.984    -2.296               3.456
  4780.152 106.00113     2.206    -2.250               3.456
  4780.172      39.0     1.887    -0.910
  4780.174     607.0     1.006    -4.059               7.650
  4780.183     607.0     1.010    -4.042               7.650
  4780.192      92.0     1.250    -0.494
  4780.193 106.00112     3.289    -1.277               3.456
  4780.195 106.00113     1.291    -4.748               3.456
  4780.218 106.00112     2.059    -2.955               3.456
  4780.246      58.1     1.482    -0.680
  4780.257 106.00113     1.080    -2.767               3.456
  4780.280 106.00113     2.362    -2.236               3.456
  4780.287      24.0     3.321    -4.551
  4780.301     607.0     1.003    -4.082               7.650
  4780.323 106.00113     1.291    -4.748               3.456
  4780.324      58.1     0.322    -2.120
  4780.330      23.1     4.244    -2.655
  4780.330     607.0     1.014    -4.030               7.650
  4780.343      26.1     7.695    -4.042
  4780.348 106.00112     2.976    -1.481               3.456
  4780.360 106.00112     3.289    -1.288               3.456
  4780.394      21.0     4.534    -1.150
  4780.410      27.0     4.064    -1.635
  4780.419 106.00112     2.283    -2.250               3.456
  4780.421      26.0     4.796    -2.750
  4780.444 106.00113     2.207    -2.265               3.456
  4780.461      25.0     5.349    -0.892
  4780.476 106.00112     2.976    -4.215               3.456
  4780.495 106.00112     2.206    -2.250               3.456
  4780.512     607.0     0.203    -4.470               7.650
  4780.534 106.00112     2.362    -2.236               3.456
  4780.538 106.00112     0.806    -2.809               3.456
  4780.550 106.00112     3.289    -4.095               3.456
  4780.550 106.00113     2.009    -2.900               3.456
  4780.552 106.00112     1.080    -2.806               3.456
  4780.560     607.0     1.000    -4.114               7.650
  4780.591 106.00112     1.219    -2.468               3.456
  4780.593     607.0     0.217    -4.477               7.650
  4780.593 106.00113     2.279    -2.962               3.456
  4780.608     607.0     1.018    -4.021               7.650
  4780.618 106.00112     3.545    -1.326               3.456
  4780.619     607.0     1.277    -4.356               7.650
  4780.626     607.0     0.098    -4.728               7.650
  4780.630 106.00112     1.219    -2.487               3.456
  4780.648 106.00112     2.976    -1.468               3.456
  4780.655 106.00113     1.442    -2.368               3.456
  4780.668     607.0     1.066    -3.944               7.650
  4780.684      69.1     4.030    -1.880
  4780.687      25.0     4.425    -3.373
  4780.712      21.1     8.015    -1.738
  4780.739 106.00112     1.984    -2.296               3.456
  4780.758 106.00112     0.806    -4.494               3.456
  4780.760 106.00112     0.806    -2.774               3.456
  4780.782     607.0     1.230    -3.384               7.650
  4780.783 106.00112     1.984    -2.313               3.456
  4780.799 106.00113     2.441    -2.209               3.456
  4780.802     107.0     3.112    -4.617               3.450
  4780.808      22.0     2.175    -3.308
  4780.809      26.0     4.076    -2.90
  4780.809      26.0     3.252    -3.490
  4780.815 106.00113     1.442    -2.387               3.456
  4780.824 106.00113     2.009    -2.923               3.456
  4780.845      23.1     8.619    -3.373
  4780.851 106.00112     3.545    -4.215               3.456
  4780.861 106.00112     2.441    -2.209               3.456
  4780.865 106.00112     1.080    -4.364               3.456
  4780.874 106.00112     2.207    -2.265               3.456
  4780.879      25.0     4.608    -4.340
  4780.883 106.00112     1.080    -2.767               3.456
  4780.893 106.00113     2.279    -2.945               3.456
  4780.897 106.00112     2.279    -2.962               3.456
  4780.920      73.0     1.325    -1.410
  4780.943 106.00113     3.548    -2.089               3.456
  4780.958     607.0     0.998    -4.157               7.650
  4780.983      64.0     1.401    -0.139
  4781.021 106.00113     3.289    -4.095               3.456
  4781.022      58.1     1.676    -3.080
  4781.024     607.0     1.023    -4.016               7.650
  4781.025      39.0     1.398    -0.460
  4781.034 106.00113     3.635    -2.332               3.456
  4781.041 106.00113     2.131    -2.265               3.456
  4781.078 106.00112     3.545    -1.316               3.456
  4781.082 106.00112     2.279    -2.945               3.456
  4781.110      44.0     1.866    -2.410
  4781.126 106.00112     1.080    -2.806               3.456
  4781.130 106.00113     2.441    -2.222               3.456
  4781.133      64.0     1.495    -0.046
  4781.151     607.0     0.922    -4.420               7.650
  4781.158      70.1     7.064    -1.660
  4781.199 106.00113     3.548    -2.079               3.456
  4781.199      24.0     3.556    -3.932
  4781.228      24.0     4.186    -1.764
  4781.245 106.00113     2.112    -2.956               3.456
  4781.271     107.0     2.855    -3.863               3.450
  4781.290 106.00112     2.441    -2.222               3.456
  4781.316 106.00113     2.131    -2.280               3.456
  4781.327      23.0     2.359    -2.072
  4781.333      69.1     2.766    -1.420
  4781.336 106.00113     2.112    -2.995               3.456
  4781.343 106.00112     2.009    -2.900               3.456
  4781.364      24.0     5.180    -3.760
  4781.368      38.1     5.919    -2.735
  4781.368      26.1     7.139    -4.993
  4781.377 106.00112     1.080    -4.364               3.456
  4781.396 106.00112     1.080    -2.767               3.456
  4781.400 106.00113     2.167    -2.997               3.456
  4781.405 106.00113     3.635    -2.323               3.456
  4781.430      27.0     1.883    -2.50
  4781.432     107.0     2.855    -3.863               3.450
  4781.451      23.0     2.616    -3.790
  4781.455     607.0     1.239    -4.572               7.650
  4781.471 106.00112     2.131    -2.265               3.456
  4781.479      58.1     1.581    -2.110
  4781.480 106.00113     2.167    -2.978               3.456
  4781.487 106.00112     1.442    -2.368               3.456
  4781.505     607.0     0.996    -4.215               7.650
  4781.528 106.00112     2.009    -2.923               3.456
  4781.570     607.0     1.036    -4.383               7.650
  4781.578     607.0     1.029    -4.014               7.650
  4781.585 106.00112     1.442    -4.948               3.456
  4781.624 106.00112     1.291    -4.748               3.456
  4781.626     607.0     1.036    -2.891               7.650
  4781.669      24.0     4.203    -2.387
  4781.704 106.00113     2.060    -2.925               3.456
  4781.707 106.00113     1.442    -4.948               3.456
  4781.711    22.0       0.848    -1.960
  4781.716 106.00112     1.442    -2.387               3.456
  4781.738      58.1     3.862    -1.700
  4781.742      26.0     3.573    -3.20
  4781.752 106.00112     1.291    -4.748               3.456
  4781.794     607.0     0.936    -4.965               7.650
  4781.799      20.0     4.554    -2.105
  4781.805 106.00113     2.060    -2.955               3.456
  4781.818     107.0     3.050    -3.483               3.450
  4781.828      62.1     0.485    -1.470
  4781.830 106.00112     2.131    -2.280               3.456
  4781.851 106.00112     2.112    -2.995               3.456
  4781.853      58.1     4.029    -1.810
  4781.858 106.00112     2.112    -2.956               3.456
  4781.860      15.0     7.404    -2.000
  4781.866     607.0     1.122    -3.112               7.650
  4781.892 106.00112     2.167    -2.978               3.456
  4781.901 106.00113     0.557    -4.806               3.456
  4781.915 106.00112     2.167    -2.997               3.456
  4781.921      20.0     5.045    -3.752
  4781.922      20.0     5.994    -2.470
  4781.926      64.0     0.124    -0.917
  4781.930      66.1     2.387    -1.210
  4781.939      69.1     3.505    -1.260
  4781.972      23.1     6.165    -3.021
  4781.974 106.00113     1.394    -4.452               3.456
  4781.974 106.00113     3.300    -4.215               3.456
  4782.006 106.00113     1.394    -2.825               3.456
  4782.063     107.0     3.266    -3.360               3.450
  4782.075      26.0     4.435    -2.079
  4782.095 106.00113     0.557    -2.945               3.456
  4782.099     607.0     0.089    -4.746               7.650
  4782.137     607.0     0.995    -4.299               7.650
  4782.141      25.0     4.273    -4.260
  4782.169     607.0     1.277    -4.350               7.650
  4782.203      69.1     4.481    -1.890
  4782.221 106.00113     2.223    -2.979               3.456
  4782.228 106.00113     3.545    -1.326               3.456
  4782.261     607.0     1.034    -4.014               7.650
  4782.267      23.0     2.115    -3.716
  4782.274      69.1     3.312    -3.040
  4782.283      70.1     5.073    -3.590
  4782.285 106.00113     1.961    -2.883               3.456
  4782.290 106.00113     2.223    -2.961               3.456
  4782.295 106.00112     2.684    -2.171               3.456
  4782.301      26.0     4.415    -2.90
  4782.301      24.0     3.322    -4.675
  4782.322 106.00112     2.522    -2.195               3.456
  4782.338 106.00112     2.684    -2.183               3.456
  4782.349 106.00113     3.303    -4.215               3.456
  4782.363      74.1     2.908    -1.090
  4782.363      27.0     3.952    -1.976
  4782.363 106.00113     1.914    -2.330               3.456
  4782.363 106.00113     2.522    -2.195               3.456
  4782.370 106.00113     2.058    -2.281               3.456
  4782.391 106.00113     0.557    -2.913               3.456
  4782.393 106.00113     1.914    -2.313               3.456
  4782.409 106.00112     2.060    -2.925               3.456
  4782.415      58.1     3.959    -3.310
  4782.418 106.00112     2.060    -2.955               3.456
  4782.418 106.00113     1.394    -2.795               3.456
  4782.419     107.0     3.050    -3.483               3.450
  4782.429 106.00112     3.639    -2.323               3.456
  4782.430      24.0     3.322    -4.305
  4782.487 106.00113     2.684    -2.183               3.456
  4782.517      24.0     4.618    -2.558
  4782.553 106.00113     2.684    -2.171               3.456
  4782.560 106.00113     1.961    -2.898               3.456
  4782.562      27.0     0.923    -4.070
  4782.587 106.00113     1.395    -4.452               3.456
  4782.594 106.00112     2.223    -2.961               3.456
  4782.631 106.00113     2.058    -2.296               3.456
  4782.633 106.00112     2.223    -2.979               3.456
  4782.688 106.00113     1.394    -2.825               3.456
  4782.704 106.00113     2.522    -2.208               3.456
  4782.713 106.00113     2.339    -2.946               3.456
  4782.722      20.0     5.049    -3.568
  4782.727 106.00113     2.010    -2.900               3.456
  4782.740     607.0     0.152    -4.285               7.650
  4782.741      72.0     2.260    -0.260
  4782.761      90.1     0.830    -2.353
  4782.766 106.00112     2.522    -2.208               3.456
  4782.788      26.0     3.237    -3.70
  4782.841 106.00113     2.010    -2.923               3.456
  4782.841 106.00113     3.545    -1.316               3.456
  4782.846 106.00113     1.598    -4.988               3.456
  4782.885 106.00112     2.058    -2.281               3.456
  4782.889      67.0     1.134    -0.492
  4782.903 106.00112     2.339    -2.946               3.456
  4782.917 106.00113     0.558    -4.806               3.456
  4782.917      42.0     2.597    -1.163
  4782.933      24.0     3.013    -2.979
  4782.939      58.1     0.553    -3.520
  4782.941     607.0     0.994    -4.425               7.650
  4782.956      69.1     4.692    -3.210
  4782.960 106.00112     3.639    -2.332               3.456
  4782.972      42.0     2.496    -1.596
  4782.979      24.1     9.971    -4.620
  4782.991      14.0     4.954    -2.35
  4783.024 106.00113     2.339    -2.930               3.456
  4783.031 106.00113     1.395    -2.795               3.456
  4783.042      24.0     4.175    -0.314
  4783.063 106.00112     1.914    -2.313               3.456
  4783.089      27.0     3.952    -3.852
  4783.095 106.00112     2.339    -2.930               3.456
  4783.100      62.0     0.036    -0.268
  4783.103     107.0     3.266    -3.360               3.450
  4783.104 106.00112     1.914    -2.330               3.456
  4783.114 106.00113     1.598    -4.988               3.456
  4783.164 106.00112     1.961    -2.883               3.456
  4783.180 106.00112     0.557    -2.945               3.456
  4783.201 106.00113     0.558    -2.945               3.456
  4783.201     107.0     3.090    -4.771               3.450
  4783.223 106.00112     2.058    -2.296               3.456
  4783.226 106.00113     1.376    -2.407               3.456
  4783.235 106.00112     1.394    -2.825               3.456
  4783.243      24.0     3.079    -2.50
  4783.290 106.00113     1.376    -2.387               3.456
  4783.294 106.00113     2.979    -1.468               3.456
  4783.295      44.0     1.734    -2.370
  4783.301 106.00112     3.218    -2.506               3.456
  4783.306    22.0       0.818    -2.40
  4783.308      21.0     1.943    -4.202
  4783.352      59.1     0.372    -0.983
  4783.352     607.0     0.140    -4.285               7.650
  4783.354 106.00112     1.961    -2.898               3.456
  4783.389     607.0     0.975    -4.098               7.650
  4783.391 106.00112     0.557    -2.913               3.456
  4783.391      25.0     2.300    -1.559
  4783.394      58.1     0.553    -1.170
  4783.403      25.0     2.300    -1.377
  4783.407 106.00113     0.558    -2.913               3.456
  4783.414      25.0     2.300    -1.346
  4783.415      25.0     2.300    -0.568
  4783.423      25.0     2.300    -1.410
  4783.423 106.00112     0.557    -4.806               3.456 
  4783.424      25.0     2.300    -0.738
  4783.430      25.0     2.300    -0.923
  4783.431      25.0     2.300    -1.609
  4783.436      25.0     2.300    -1.115
  4783.439      25.0     2.300    -1.290
  4783.439     607.0     0.975    -3.275               7.650
  4783.442      25.0     2.300    -1.354
  4783.445 106.00113     1.221    -2.468               3.456
  4783.448      25.0     2.300    -1.559
  4783.450      25.0     2.300    -1.609
  4783.451      25.0     2.300    -1.377
  4783.452      25.0     2.300    -1.410
  4783.452      25.0     2.300    -1.346
  4783.459      64.0     1.449    -0.303
  4783.467     607.0     1.450    -4.620               7.650
  4783.496 106.00112     1.394    -4.452               3.456
  4783.517      21.0     2.338    -1.466
  4783.521 106.00112     2.010    -2.900               3.456
  4783.539 106.00112     3.648    -2.046               3.456
  4783.539 106.00113     2.979    -1.481               3.456
  4783.542 106.00112     3.648    -2.037               3.456
  4783.546 106.00112     2.010    -2.923               3.456
  4783.556      64.0     1.467    -0.286
  4783.569      23.1     8.599    -3.960
  4783.587 106.00112     1.394    -2.795               3.456
  4783.590      24.0     3.323    -4.628
  4783.613      21.0     3.189    -4.230
  4783.631 106.00113     1.221    -2.487               3.456
  4783.646      69.1     3.804    -1.100
  4783.675      58.1     0.737    -2.590
  4783.675     607.0     1.206    -3.602               7.650
  4783.677 106.00112     3.218    -2.495               3.456
  4783.720      26.1     7.971    -4.373
  4783.725      23.1     6.166    -2.437
  4783.759 106.00113     2.281    -2.962               3.456
  4783.792      24.0     3.966    -2.796
  4783.798       6.0     7.946    -2.560
  4783.821 106.00113     2.281    -2.945               3.456
  4783.828      60.1     0.064    -1.10
  4783.841 106.00113     0.693    -4.810               3.456
  4783.859      69.1     4.834    -2.900
  4783.897     607.0     0.993    -4.652               7.650
  4783.903      58.1     0.521    -2.910
  4783.917 106.00112     1.394    -2.825               3.456
  4783.939     607.0     0.217    -4.455               7.650
  4783.952      58.1     3.960    -1.700
  4783.963      58.1     1.582    -0.520
  4783.981 106.00113     0.693    -4.810               3.456
  4783.985     607.0     1.052    -2.891               7.650
  4783.995      26.0     4.65     -1.40
  4784.011 106.00112     2.281    -2.945               3.456
  4784.040      90.0     1.937    -0.578
  4784.043     607.0     1.052    -4.395               7.650
  4784.064 106.00112     2.281    -2.962               3.456
  4784.066 106.00113     1.376    -4.948               3.456
  4784.073 106.00112     1.376    -4.948               3.456
  4784.073      69.1     4.647    -1.410
  4784.086 106.00113     1.986    -2.296               3.456
  4784.096 106.00113     1.916    -4.939               3.456
  4784.100 106.00113     3.548    -4.930               3.456
  4784.109 106.00112     1.395    -4.452               3.456
  4784.121     607.0     1.047    -4.017               7.650
  4784.192 106.00112     1.376    -2.387               3.456
  4784.194 106.00112     1.376    -2.407               3.456
  4784.201 106.00112     1.395    -2.795               3.456
  4784.206     5.1      18.678    -0.470
  4784.215 106.00113     3.635    -4.930               3.456
  4784.227     607.0     0.232    -4.462               7.650
  4784.244 106.00112     1.221    -2.468               3.456
  4784.270 106.00113     1.962    -2.883               3.456
  4784.270      44.0     1.419    -1.710
  4784.286 106.00112     0.558    -2.945               3.456
  4784.320    38.0       1.798    -0.510
  4784.327 106.00113     1.986    -2.313               3.456
  4784.327      21.0     2.109    -2.756
  4784.342     107.0     3.090    -4.738               3.450
  4784.350 106.00112     1.598    -4.988               3.456
  4784.367     607.0     0.108    -4.702               7.650
  4784.398 106.00113     1.962    -2.898               3.456
  4784.398      69.1     4.288    -1.350
  4784.407 106.00112     0.558    -2.913               3.456
  4784.413      42.0     3.438    -1.249
  4784.439 106.00112     0.558    -4.806               3.456
  4784.467      23.0     0.017    -2.670
  4784.473 106.00113     3.635    -4.095               3.456
  4784.489      27.1     8.736    -3.082
  4784.496 106.00113     1.916    -2.871               3.456
  4784.512 106.00112     1.221    -2.487               3.456
  4784.597 106.00112     2.604    -2.183               3.456
  4784.602     607.0     1.140    -3.117               7.650
  4784.603     607.0     0.995    -4.234               7.650
  4784.607     607.0     0.995    -3.980               7.650
  4784.613     607.0     0.996    -4.060               7.650
  4784.618 106.00112     1.598    -4.988               3.456
  4784.618     607.0     0.996    -3.890               7.650
  4784.625      25.1     6.573    -1.505
  4784.638      64.0     0.985     0.113
  4784.668     607.0     1.140    -4.182               7.650
  4784.679 106.00112     1.986    -2.296               3.456
  4784.685     607.0     0.994    -4.509               7.650
  4784.687     607.0     0.994    -4.109               7.650
  4784.697      24.0     3.113    -3.349
  4784.720       6.0     7.946    -3.470
  4784.746 106.00113     2.604    -2.183               3.456
  4784.757      23.0     2.374    -3.967
  4784.773 106.00113     1.916    -2.881               3.456
  4784.785      58.0     0.521    -0.512
  4784.802     607.0     0.998    -3.931               7.650
  4784.809     607.0     0.998    -3.826               7.650
  4784.872 106.00113     3.548    -4.215               3.456
  4784.890 106.00113     1.846    -2.348               3.456
  4784.913      40.0     0.687    -0.490
  4784.927 106.00113     1.846    -2.330               3.456
  4784.984 106.00113     3.303    -1.081               3.456
  4784.989 106.00112     3.303    -4.215               3.456
  4784.998 106.00112     1.986    -2.313               3.456
  4785.028      24.1     8.554    -4.481
  4785.055 106.00112     2.604    -2.195               3.456
  4785.057      58.1     3.562    -3.510
  4785.062      27.0     3.952    -0.70
  4785.085 106.00113     1.197    -3.306               3.456
  4785.096      27.1     8.775    -3.442
  4785.096 106.00113     2.604    -2.195               3.456
  4785.105 106.00113     2.589    -4.693               3.456
  4785.106     607.0     1.000    -3.826               7.650
  4785.110 106.00113     3.303    -1.091               3.456
  4785.115     607.0     1.000    -3.778               7.650
  4785.118      42.0     2.260    -1.131
  4785.149 106.00112     1.962    -2.883               3.456
  4785.149 106.00113     2.732    -2.961               3.456
  4785.165 106.00112     3.303    -1.081               3.456
  4785.174      22.0     1.873    -2.10
  4785.192 106.00112     1.962    -2.898               3.456
  4785.197      58.1     1.500    -1.530
  4785.197 106.00113     1.197    -3.213               3.456
  4785.207     607.0     1.450    -4.614               7.650
  4785.225 106.00112     0.693    -4.810               3.456
  4785.225      58.1     0.875    -2.670
  4785.246     607.0     1.055    -4.021               7.650
  4785.266      23.1     8.645    -3.174
  4785.280      23.0     1.945    -3.033
  4785.312 106.00113     2.732    -2.946               3.456
  4785.330     607.0     0.990    -3.267               7.650
  4785.332      27.0     2.718    -4.984
  4785.336      26.0     4.796    -4.839
  4785.348 106.00112     3.303    -1.091               3.456
  4785.364 106.00112     0.693    -4.810               3.456
  4785.380 106.00112     3.548    -2.089               3.456
  4785.432      71.1     2.149    -1.910
  4785.454 106.00112     1.916    -2.871               3.456
  4785.512     607.0     0.098    -4.718               7.650
  4785.515     607.0     1.206    -3.595               7.650
  4785.525 106.00112     3.303    -4.215               3.456
  4785.539     607.0     1.003    -3.738               7.650
  4785.549     607.0     1.003    -3.743               7.650
  4785.554 106.00112     1.846    -4.948               3.456
  4785.566 106.00113     2.979    -4.215               3.456
  4785.589 106.00112     1.916    -4.939               3.456
  4785.607 106.00112     3.548    -4.930               3.456
  4785.625 106.00113     3.300    -1.431               3.456
  4785.653 106.00112     1.916    -2.881               3.456
  4785.669 106.00112     1.846    -2.330               3.456
  4785.674 106.00113     2.401    -2.931               3.456
  4785.680 106.00112     2.979    -1.468               3.456
  4785.687      41.0     1.610    -1.420
  4785.690      26.0     4.55     -1.90
  4785.690 106.00112     3.243    -2.778               3.456
  4785.701 106.00112     1.846    -2.348               3.456
  4785.723      26.0     4.076    -4.438
  4785.737     607.0     0.994    -4.276               7.650
  4785.738      27.0     4.149    -3.592
  4785.739     607.0     0.994    -4.577               7.650
  4785.745 106.00112     2.401    -2.931               3.456
  4785.752      58.1     1.575    -2.120
  4785.756 106.00113     1.917    -4.939               3.456
  4785.763      27.0     4.149    -4.031
  4785.802      23.0     1.931    -4.391
  4785.804 106.00112     3.548    -2.079               3.456
  4785.806      25.0     4.666    -3.276
  4785.813 106.00113     3.648    -2.046               3.456
  4785.814      58.1     4.192    -2.570
  4785.814      24.0     3.464    -4.300
  4785.816     107.0     3.131    -4.970               3.450
  4785.845 106.00113     1.846    -4.948               3.456
  4785.861 106.00112     2.979    -1.481               3.456
  4785.871 106.00113     3.300    -1.420               3.456
  4785.878      62.0     0.101    -0.319
  4785.920      92.0     0.480    -1.256
  4785.936      24.0     5.180    -3.776
  4785.939 106.00112     2.401    -2.915               3.456
  4785.957      26.0     4.143    -1.85
  4785.985      58.1     1.520    -2.180
  4785.986     607.0     1.357    -3.860               7.650
  4785.990 106.00112     2.979    -4.215               3.456
  4785.992 106.00113     2.401    -2.915               3.456
  4786.003 106.00113     3.648    -2.037               3.456
  4786.029 106.00113     3.218    -2.506               3.456
  4786.040 106.00112     3.548    -4.215               3.456
  4786.049 106.00112     3.244    -2.767               3.456
  4786.074 106.00113     2.341    -2.946               3.456
  4786.106     607.0     1.006    -3.662               7.650
  4786.109      60.1     0.182    -1.30
  4786.118     607.0     1.006    -3.716               7.650
  4786.129 106.00113     1.916    -2.313               3.456
  4786.129 106.00113     2.341    -2.930               3.456
  4786.196      23.0     1.950    -3.350
  4786.201 106.00112     2.341    -2.930               3.456
  4786.246      27.0     4.175    -3.872
  4786.265 106.00112     2.341    -2.946               3.456
  4786.267 106.00112     3.548    -1.316               3.456
  4786.278      28.0     1.676    -3.00
  4786.290      23.0     2.575    -4.539
  4786.292 106.00113     1.917    -2.871               3.456
  4786.297      67.0     2.075     0.365
  4786.320 106.00113     1.377    -2.387               3.456
  4786.320     607.0     1.146    -4.691               7.650
  4786.349 106.00112     2.768    -2.159               3.456
  4786.359 106.00113     1.916    -2.330               3.456
  4786.386 106.00112     2.768    -2.171               3.456
  4786.396     107.0     3.090    -4.665               3.450
  4786.397     607.0     0.995    -4.037               7.650
  4786.401     607.0     0.995    -4.347               7.650
  4786.432 106.00112     3.548    -1.326               3.456
  4786.434 106.00113     1.917    -2.881               3.456
  4786.440     607.0     0.164    -4.265               7.650
  4786.455 106.00113     1.377    -2.407               3.456
  4786.456      42.0     1.335    -2.371
  4786.456     607.0     1.255    -3.386               7.650
  4786.469      23.1     8.645    -3.368
  4786.479     607.0     1.062    -4.026               7.650
  4786.485      23.1     8.599    -4.063
  4786.491    19.0       1.610    -3.150
  4786.493      20.0     4.554    -4.298
  4786.508      23.0     2.074     0.110
  4786.531      28.0     3.420    -0.160
  4786.549     607.0     1.255    -4.711               7.650
  4786.559      58.1     4.192    -2.580
  4786.572      58.1     1.828    -2.350
  4786.573      58.0     0.206    -0.727
  4786.574 106.00113     0.987    -4.595               3.456
  4786.580      39.1     1.033    -1.290
  4786.597      21.0     3.101    -3.453
  4786.608     607.0     0.934    -4.428               7.650
  4786.613      70.1     3.922    -0.030
  4786.623      70.1     5.910    -2.230
  4786.627      25.0     3.772    -2.683
  4786.641 106.00113     3.218    -2.495               3.456
  4786.645 106.00113     2.768    -2.171               3.456
  4786.647 106.00113     0.987    -4.595               3.456
  4786.657      73.0     1.203    -2.210
  4786.664      23.0     2.295    -4.784
  4786.686 106.00112     3.635    -0.911               3.456
  4786.689      27.0     4.149    -3.039
  4786.723 106.00113     2.768    -2.159               3.456
  4786.732 106.00113     3.243    -2.778               3.456
  4786.757      64.0     1.531     0.216
  4786.763      58.1     0.295    -2.930
  4786.785     607.0     0.152    -4.265               7.650
  4786.787 106.00113     1.872    -4.905               3.456
  4786.801 106.00112     1.916    -2.313               3.456
  4786.805     607.0     1.010    -3.596               7.650
  4786.807    26.0       3.015    -1.606
  4786.819     607.0     1.010    -3.697               7.650
  4786.850      22.0     2.738    -1.819
  4786.861      25.0     5.232    -0.710
  4786.876      39.0     1.919     0.120
  4786.888 106.00112     3.635    -4.095               3.456
  4786.888     607.0     1.052    -4.391               7.650
  4786.908      64.1     1.134    -1.090
  4786.920      66.1     0.000    -2.389
  4786.933      58.1     2.799    -2.210
  4786.941 106.00112     3.635    -4.095               3.456
  4786.946     607.0     1.052    -2.878               7.650
  4786.996 106.00113     1.055    -2.841               3.456
  4787.000      23.0     2.365    -1.690
  4787.006      69.1     3.744    -2.590
  4787.101 106.00112     1.916    -2.330               3.456
  4787.107     607.0     0.996    -3.853               7.650
  4787.113     607.0     0.996    -4.218               7.650
  4787.115 106.00113     1.055    -4.307               3.456
  4787.117 106.00112     2.589    -4.693               3.456
  4787.136 106.00113     1.872    -2.864               3.456
  4787.142 106.00112     3.635    -0.901               3.456
  4787.163      21.0     2.111    -4.411
  4787.164      58.1     0.879    -9.99
  4787.165     607.0     1.260    -4.579               7.650
  4787.198      27.0     4.072    -4.165
  4787.223 106.00112     1.377    -2.387               3.456
  4787.236 106.00113     3.244    -2.767               3.456
  4787.250 106.00112     1.917    -4.939               3.456
  4787.250 106.00112     1.917    -2.871               3.456
  4787.257 106.00113     3.635    -1.745               3.456
  4787.275      58.1     3.740    -2.650
  4787.278      20.0     6.046    -3.654
  4787.296 106.00113     1.377    -4.948               3.456
  4787.301      25.0     4.827    -1.977
  4787.302      24.0     3.551    -2.859
  4787.303 106.00112     1.377    -4.948               3.456
  4787.306     607.0     1.140    -3.102               7.650
  4787.314 106.00112     1.917    -2.881               3.456
  4787.410      60.0     0.140    -0.958
  4787.420 106.00113     1.872    -2.868               3.456
  4787.424 106.00112     1.377    -2.407               3.456
  4787.447      20.0     6.046    -2.734
  4787.447 106.00113     1.055    -2.841               3.456
  4787.457 106.00113     1.055    -2.796               3.456
  4787.495      26.0     3.018    -4.10
  4787.496      58.1     1.775    -1.990
  4787.507     607.0     0.232    -4.440               7.650
  4787.514 106.00113     1.055    -4.307               3.456
  4787.516 106.00113     3.551    -2.079               3.456
  4787.518 106.00113     3.635    -0.911               3.456
  4787.521      20.0     6.046    -2.320
  4787.550      24.0     4.389    -4.379
  4787.590 106.00112     2.732    -2.961               3.456
  4787.608      20.0     5.955    -4.898
  4787.625      42.0     2.496    -1.982
  4787.635      22.0     0.818    -3.35
  4787.645     607.0     1.014    -3.536               7.650
  4787.654 106.00113     1.780    -2.367               3.456
  4787.660     607.0     1.014    -3.682               7.650
  4787.667 106.00113     0.777    -2.841               3.456
  4787.695 106.00113     1.780    -2.348               3.456
  4787.700 106.00113     0.777    -4.427               3.456
  4787.704 106.00113     3.635    -1.735               3.456
  4787.725 106.00113     3.020    -2.554               3.456
  4787.740      24.0     3.122    -2.470
  4787.748 106.00113     3.303    -4.215               3.456
  4787.773 106.00113     3.639    -2.323               3.456
  4787.775 106.00112     2.687    -2.171               3.456
  4787.779     107.0     3.071    -4.841               3.450
  4787.821 106.00112     2.732    -2.946               3.456
  4787.823 106.00113     1.149    -2.507               3.456
  4787.827      26.0     2.998    -2.660
  4787.835 106.00113     3.551    -2.089               3.456
  4787.856 106.00113     1.055    -2.796               3.456
  4787.856     607.0     1.357    -3.853               7.650
  4787.874 106.00113     1.149    -2.487               3.456
  4787.895      23.1     2.276    -4.288
  4787.915      27.1     8.010    -3.980
  4787.924      74.0     1.655    -1.930
  4787.926     607.0     1.070    -4.032               7.650
  4787.953      24.0     5.180    -3.739
  4787.971     607.0     0.998    -3.712               7.650
  4787.978     607.0     0.998    -4.133               7.650
  4787.982 106.00112     3.545    -1.326               3.456
  4787.984 106.00112     0.987    -4.595               3.456
  4787.985      69.1     3.505    -1.210
  4787.986      20.0     5.955    -4.254
  4787.986 106.00113     3.639    -2.332               3.456
  4787.996     607.0     1.040    -3.488               7.650
  4788.014     607.0     0.247    -4.447               7.650
  4788.025      25.0     3.772    -3.755
  4788.029      20.0     4.554    -4.564
  4788.034 106.00113     3.548    -1.316               3.456
  4788.034 106.00113     2.687    -2.171               3.456
  4788.041 106.00113     3.020    -2.541               3.456
  4788.046 106.00113     3.548    -1.326               3.456
  4788.057 106.00112     0.987    -4.595               3.456
  4788.069 106.00113     3.300    -4.215               3.456
  4788.080 106.00113     3.635    -0.901               3.456
  4788.085 106.00113     0.777    -2.801               3.456
  4788.121     607.0     1.093    -3.942               7.650
  4788.130     7.1      20.654    -0.366
  4788.154     607.0     1.146    -4.686               7.650
  4788.163      24.0     5.080    -3.439
  4788.170 106.00112     1.872    -2.864               3.456
  4788.174      42.0     2.291    -1.857
  4788.216 106.00112     3.545    -4.215               3.456
  4788.216      46.0     4.224     0.040
  4788.219      26.0     4.446    -2.863
  4788.230      58.1     1.042    -1.180
  4788.236 106.00113     3.545    -4.215               3.456
  4788.238 106.00113     0.777    -4.427               3.456
  4788.242     607.0     0.118    -4.677               7.650
  4788.248 106.00112     2.687    -2.183               3.456
  4788.257 106.00112     1.055    -2.841               3.456
  4788.268 106.00113     0.777    -2.841               3.456
  4788.273 106.00113     1.873    -4.905               3.456
  4788.282      59.0     0.000    -0.967
  4788.314 106.00112     1.872    -4.905               3.456
  4788.316 106.00113     1.314    -4.948               3.456
  4788.328      15.0     7.404    -2.500
  4788.333      15.0     7.404    -2.500
  4788.339 106.00113     1.368    -2.854               3.456
  4788.374 106.00113     1.368    -4.415               3.456
  4788.378 106.00112     1.872    -2.868               3.456
  4788.392 106.00112     1.780    -4.948               3.456
  4788.397 106.00113     2.687    -2.183               3.456
  4788.397    47.1      11.146    -1.780
  4788.400      66.0     0.513    -2.200
  4788.404      25.0     4.425    -1.879
  4788.425      58.0     0.493    -0.247
  4788.427      74.0     2.037    -1.650
  4788.438      25.1     6.133    -4.841
  4788.445 106.00112     3.545    -1.316               3.456
  4788.456 106.00113     1.848    -2.330               3.456
  4788.507 106.00112     1.780    -2.348               3.456
  4788.515      70.1     6.189    -3.120
  4788.532 106.00112     1.780    -2.367               3.456
  4788.553 106.00113     1.780    -4.948               3.456
  4788.589     607.0     1.255    -3.376               7.650
  4788.619 106.00112     1.055    -4.307               3.456
  4788.623     607.0     1.018    -3.483               7.650
  4788.624 106.00113     0.777    -2.801               3.456
  4788.639     607.0     1.018    -3.673               7.650
  4788.661 106.00112     1.055    -2.796               3.456
  4788.665 106.00113     1.848    -2.348               3.456
  4788.684      40.0     0.730    -1.190
  4788.709 106.00112     1.055    -2.841               3.456
  4788.719      42.0     2.595    -2.365
  4788.725     607.0     0.990    -4.106               7.650
  4788.739      58.1     0.740    -2.470
  4788.748 106.00113     1.873    -2.864               3.456
  4788.757    26.0       3.234    -1.763
  4788.757 106.00112     1.149    -2.487               3.456
  4788.759      58.1     0.823    -2.420
  4788.776     607.0     0.990    -3.259               7.650
  4788.779      26.0     4.143    -2.759
  4788.782 106.00112     1.149    -2.507               3.456
  4788.787 106.00112     3.635    -1.745               3.456
  4788.791 106.00113     1.368    -2.818               3.456
  4788.807 106.00112     3.020    -2.554               3.456
  4788.841      24.0     4.207    -0.714
  4788.857     607.0     0.996    -4.299               7.650
  4788.862      27.0     4.146    -2.530
  4788.865 106.00113     1.368    -4.415               3.456
  4788.867 106.00112     3.221    -2.495               3.456
  4788.873      22.0     2.738    -3.584
  4788.878 106.00112     0.777    -2.841               3.456
  4788.892 106.00113     1.368    -2.854               3.456
  4788.901      25.0     4.429    -4.229
  4788.906 106.00113     1.873    -2.868               3.456
  4788.908 106.00112     1.197    -3.306               3.456
  4788.926      70.1     5.581    -2.240
  4788.950      58.1     0.875    -2.850
  4788.989 106.00112     3.635    -4.930               3.456