linelist_Mn4823
  4818.037     107.0     3.190    -4.903               3.450
  4818.030      26.0     4.00     -2.60
  4818.042      23.0     2.055    -4.949
  4818.047      22.0     2.117    -3.299
  4818.052      14.0     4.954    -3.408
  4818.088 106.00112     1.289    -2.451               3.456
  4818.117     607.0     1.372    -4.610               7.650
  4818.140      27.1     8.890    -3.297
  4818.147 106.00112     1.289    -4.717               3.456
  4818.164     607.0     1.069    -4.146               7.650
  4818.181 106.00113     0.895    -2.576               3.456
  4818.191 106.00112     0.987    -3.958               3.456
  4818.193 106.00113     3.381    -4.215               3.456
  4818.200      66.0     1.239    -1.310
  4818.204      24.0     4.203    -1.551
  4818.214 106.00113     1.290    -2.470               3.456
  4818.224     607.0     1.069    -3.188               7.650
  4818.244      26.0     4.435    -3.00
  4818.251 106.00113     1.290    -2.451               3.456
  4818.265 106.00112     0.987    -3.958               3.456
  4818.279 106.00113     0.895    -2.558               3.456
  4818.300      58.1     1.027    -1.230
  4818.325      25.0     4.679    -1.045
  4818.330 106.00113     3.384    -4.215               3.456
  4818.368      70.1     4.754    -1.100
  4818.372 106.00112     0.987    -2.959               3.456
  4818.402      27.0     3.971    -1.472
  4818.428      20.0     6.013    -2.712
  4818.433      17.0     9.203    -1.490
  4818.440      69.1     4.459    -2.850
  4818.446 106.00112     0.987    -2.959               3.456
  4818.486     607.0     1.118    -3.032               7.650
  4818.523 106.00113     1.042    -4.692               3.456
  4818.550      58.1     1.079    -1.00
  4818.576      70.1     5.621    -3.880
  4818.604      21.1     8.023    -2.470
  4818.630      70.1     7.552    -2.520
  4818.648      90.1     2.203    -0.713
  4818.658      26.0     3.415    -3.75
  4818.699      17.0     9.282    -2.080
  4818.713 106.00113     1.290    -4.608               3.456
  4818.719      26.0     4.733    -3.556
  4818.748      25.0     4.726    -2.468
  4818.756      69.1     3.331    -2.280
  4818.788      42.0     3.187    -1.686
  4818.795      25.0     3.763    -3.544
  4818.806     607.0     0.364    -4.356               7.650
  4818.811     607.0     0.190    -4.542               7.650
  4818.827      72.0     2.279    -0.630
  4818.868      69.1     4.110    -2.920
  4818.894      23.0     2.379    -4.194
  4818.918 106.00113     0.895    -4.982               3.456
  4818.969      60.1     0.471    -1.20
  4819.004      24.0     3.449    -2.747
  4819.021      26.1     7.562    -3.466
  4819.022 106.00113     3.094    -2.541               3.456
  4819.026      22.0     2.662    -2.523
  4819.032      23.0     2.638     0.40
  4819.041      66.0     1.980     0.398
  4819.111     107.0     3.190    -4.861               3.450
  4819.126      26.0     3.884    -3.30
  4819.163      69.1     4.368    -3.000
  4819.175      28.0     3.542    -2.30
  4819.194 106.00112     1.042    -4.692               3.456
  4819.229 106.00112     1.042    -2.459               3.456
  4819.248      42.0     2.646    -0.071
  4819.254 106.00112     2.735    -2.847               3.456
  4819.261 106.00112     1.042    -2.477               3.456
  4819.296 106.00112     1.042    -4.812               3.456
  4819.314      24.0     4.099    -0.90
  4819.320 106.00112     0.895    -4.982               3.456
  4819.368 106.00113     3.094    -2.529               3.456
  4819.387 106.00113     1.618    -2.971               3.456
  4819.388      58.1     1.796    -2.000
  4819.389 106.00112     2.735    -2.861               3.456
  4819.391      20.0     4.680    -2.977
  4819.394      26.0     4.559    -4.00
  4819.410 106.00113     1.247    -4.654               3.456
  4819.419      23.0     1.942    -4.756
  4819.426 106.00112     0.895    -2.576               3.456
  4819.461 106.00112     0.895    -2.558               3.456
  4819.470    17.1      13.375     0.019
  4819.489      24.1     8.692    -4.169
  4819.489 106.00113     1.618    -4.396               3.456
  4819.505 106.00112     1.290    -4.608               3.456
  4819.508      73.0     1.655    -1.280
  4819.514     607.0     1.230    -4.956               7.650
  4819.536 106.00113     1.278    -3.100               3.456
  4819.541     607.0     1.362    -3.356               7.650
  4819.543     607.0     1.559    -4.598               7.650
  4819.549      92.1     0.548    -1.932
  4819.561 106.00112     1.290    -2.451               3.456
  4819.563     607.0     1.023    -4.085               7.650
  4819.563 106.00112     1.290    -2.470               3.456
  4819.607     607.0     1.230    -3.096               7.650
  4819.619 106.00112     1.290    -4.717               3.456
  4819.631 106.00113     1.279    -3.100               3.456
  4819.637      39.0     1.356    -0.480
  4819.640      60.1     0.182    -1.60
  4819.643     607.0     1.362    -4.733               7.650
  4819.657     607.0     1.159    -2.819               7.650
  4819.663     607.0     0.262    -4.135               7.650
  4819.703 106.00113     1.247    -2.493               3.456
  4819.703      69.1     3.824    -1.490
  4819.719 106.00112     3.381    -2.486               3.456
  4819.726     607.0     1.159    -4.441               7.650
  4819.749      25.1     6.528    -1.00
  4819.752      70.1     6.950    -3.680
  4819.758     107.0     3.162    -4.971               3.450
  4819.805 106.00113     1.618    -2.971               3.456
  4819.832      24.0     3.369    -9.99
  4819.856 106.00113     1.618    -4.396               3.456
  4819.861      58.1     0.823    -3.040
  4819.863 106.00113     1.618    -2.932               3.456
  4819.879 106.00113     1.247    -2.470               3.456
  4819.957     607.0     1.041    -3.665               7.650
  4819.973     607.0     1.177    -3.914               7.650
  4819.980     607.0     1.055    -3.313               7.650
  4819.980     607.0     1.041    -3.380               7.650
  4820.012 106.00113     2.735    -2.861               3.456
  4820.031      58.0     0.274    -0.559
  4820.035 106.00113     2.735    -2.847               3.456
  4820.098 106.00112     3.094    -2.541               3.456
  4820.140 106.00112     3.382    -2.476               3.456
  4820.144      58.1     2.995    -1.320
  4820.154      21.1     8.244    -0.663
  4820.170 106.00113     1.247    -4.557               3.456
  4820.223 106.00113     1.279    -3.976               3.456
  4820.229     607.0     0.203    -4.533               7.650
  4820.230 106.00113     1.618    -2.932               3.456
  4820.239      70.1     3.566    -0.990
  4820.244      20.0     4.681    -3.149
  4820.268      23.0     3.087    -3.209
  4820.276      58.1     3.515    -1.630
  4820.280      69.1     4.265    -1.340
  4820.295 106.00113     1.279    -3.976               3.456
  4820.339      60.1     0.205    -0.920
  4820.340      21.0     3.083    -3.517
  4820.354      68.1     1.402    -0.703
  4820.368      22.1     5.905    -2.116
  4820.410    22.0       1.502    -0.439
  4820.416 106.00112     3.094    -2.529               3.456
  4820.434     607.0     1.243    -4.672               7.650
  4820.549 106.00113     0.994    -4.744               3.456
  4820.584 106.00113     1.279    -3.001               3.456
  4820.585     607.0     1.140    -3.024               7.650
  4820.592      20.0     4.430    -3.118
  4820.601     607.0     1.088    -2.859               7.650
  4820.604      58.1     3.448    -2.080
  4820.605      25.1     5.836    -3.035
  4820.614      58.0     0.172    -0.866
  4820.626     607.0     1.140    -3.726               7.650
  4820.633     607.0     1.088    -3.941               7.650
  4820.656 106.00113     1.279    -3.001               3.456
  4820.700 106.00113     1.248    -4.654               3.456
  4820.702      21.0     3.101    -4.025
  4820.733     607.0     1.260    -3.055               7.650
  4820.772 106.00113     0.897    -2.558               3.456
  4820.796      20.0     5.045    -1.388
  4820.805      25.1     5.548    -4.828
  4820.810     607.0     1.260    -4.225               7.650
  4820.828    26.1      10.308    -0.720
  4820.842 106.00113     0.897    -2.576               3.456
  4820.853     107.0     3.162    -4.948               3.450
  4820.879      22.0     0.836    -4.868
  4820.914 106.00112     1.618    -2.971               3.456
  4820.916 106.00113     0.994    -2.499               3.456
  4820.928      23.0     1.950    -3.027
  4820.976     607.0     1.131    -3.450               7.650
  4820.998      25.0     4.726    -2.497
  4821.003      26.0     4.076    -2.70
  4821.044 106.00112     1.247    -4.557               3.456
  4821.058      21.0     5.226    -2.723
  4821.074 106.00112     1.278    -3.100               3.456
  4821.074 106.00112     3.384    -4.215               3.456
  4821.086 106.00113     0.994    -2.477               3.456
  4821.088 106.00112     1.247    -2.493               3.456
  4821.089      26.1     7.929    -2.936
  4821.100 106.00113     1.248    -2.493               3.456
  4821.118      28.0     4.154    -0.90
  4821.130      25.0     4.429    -2.188
  4821.142      27.0     3.971    -0.280
  4821.144 106.00113     3.384    -1.070               3.456
  4821.167      14.0     4.930    -3.90
  4821.170 106.00112     1.279    -3.100               3.456
  4821.170 106.00113     1.248    -2.470               3.456
  4821.212     607.0     0.278    -4.135               7.650
  4821.229      28.0     3.543    -3.828
  4821.230 106.00112     1.247    -2.470               3.456
  4821.232 106.00112     1.618    -4.396               3.456
  4821.242      23.0     1.711    -3.804
  4821.265 106.00112     3.384    -1.070               3.456
  4821.267 106.00113     3.385    -1.081               3.456
  4821.273      90.1     1.713    -1.772
  4821.274 106.00112     1.247    -4.654               3.456
  4821.276      22.0     2.160    -1.80
  4821.290 106.00112     3.114    -2.114               3.456
  4821.293 106.00113     0.693    -3.024               3.456
  4821.304      25.1     8.129    -2.916
  4821.330      58.1     4.204    -2.410
  4821.332 106.00112     1.618    -2.971               3.456
  4821.344 106.00112     1.618    -2.932               3.456
  4821.409      26.0     4.103    -4.291
  4821.410      26.1     9.654    -4.827
  4821.421      21.0     3.189    -0.866
  4821.451 106.00112     3.385    -1.081               3.456
  4821.456 106.00113     0.994    -4.683               3.456
  4821.457      22.0     3.112    -3.030
  4821.467 106.00113     0.693    -3.024               3.456
  4821.491      26.0     4.387    -2.20
  4821.522     607.0     1.086    -3.182               7.650
  4821.567 106.00113     1.248    -4.557               3.456
  4821.579 106.00113     0.897    -4.982               3.456
  4821.594      58.1     2.004    -1.720
  4821.600 106.00112     1.618    -4.396               3.456
  4821.604     607.0     1.362    -3.347               7.650
  4821.625      39.0     1.900    -0.680
  4821.631     607.0     0.364    -4.340               7.650
  4821.642 106.00112     3.385    -4.215               3.456
  4821.658      21.0     3.189    -4.141
  4821.667      69.1     4.266    -1.480
  4821.688      23.0     2.575    -1.554
  4821.700      64.0     0.213    -0.631
  4821.711 106.00112     1.618    -2.932               3.456
  4821.730      24.0     3.551    -9.99
  4821.780      26.0     4.835    -3.839
  4821.811 106.00113     0.693    -4.126               3.456
  4821.821 106.00112     3.114    -2.125               3.456
  4821.846      26.0     4.584    -2.80
  4821.850      69.1     3.884    -3.250
  4821.867 106.00112     1.279    -3.976               3.456
  4821.911      24.0     3.966    -3.854
  4821.939 106.00112     1.279    -3.976               3.456
  4821.953 106.00113     0.693    -4.126               3.456
  4821.956 106.00112     0.897    -2.558               3.456
  4821.981 106.00112     0.897    -4.982               3.456
  4822.065      24.0     3.079    -3.50
  4822.069      20.0     4.769    -4.127
  4822.081 106.00112     1.279    -3.001               3.456
  4822.088 106.00112     0.897    -2.576               3.456
  4822.088 106.00113     0.995    -4.744               3.456
  4822.098     107.0     3.162    -4.902               3.450
  4822.102      58.1     0.808    -1.900
  4822.119      39.0     1.901     0.020
  4822.131      17.0     9.282    -1.640
  4822.153 106.00112     1.279    -3.001               3.456
  4822.156 106.00113     0.693    -2.946               3.456
  4822.181 106.00113     3.114    -2.114               3.456
  4822.221 106.00112     0.994    -4.683               3.456
  4822.225      23.1     6.187    -4.372
  4822.227     607.0     1.159    -4.438               7.650
  4822.230      21.1     8.253    -1.389
  4822.251     607.0     1.244    -4.667               7.650
  4822.271      58.1     2.008    -0.810
  4822.274      25.0     4.726    -2.104
  4822.277 106.00112     0.994    -2.499               3.456
  4822.296     607.0     1.159    -2.808               7.650
  4822.297 106.00113     0.693    -2.946               3.456
  4822.328      26.0     4.733    -2.10
  4822.395 106.00113     0.977    -3.166               3.456
  4822.402 106.00112     0.994    -2.477               3.456
  4822.417      42.0     2.515    -1.785
  4822.418     607.0     1.079    -3.919               7.650
  4822.418 106.00113     1.208    -4.644               3.456
  4822.442 106.00112     1.248    -4.557               3.456
  4822.444 106.00113     0.977    -3.166               3.456
  4822.449     607.0     1.079    -2.860               7.650
  4822.458 106.00112     0.994    -4.744               3.456
  4822.486 106.00112     1.248    -2.493               3.456
  4822.512      22.0     3.113    -2.101
  4822.521 106.00112     1.248    -2.470               3.456
  4822.548      58.0     0.000    -0.442
  4822.559      26.0     4.154    -2.45
  4822.565 106.00112     1.248    -4.654               3.456
  4822.577 106.00113     0.995    -2.499               3.456
  4822.577 106.00113     3.114    -2.125               3.456
  4822.579     607.0     1.029    -4.069               7.650
  4822.586      25.0     4.685    -1.137
  4822.616      23.0     2.863    -2.348
  4822.625 106.00113     0.995    -2.477               3.456
  4822.649 106.00113     1.208    -2.520               3.456
  4822.668      26.0     3.274    -3.35
  4822.722      69.1     4.708    -0.800
  4822.751 106.00112     0.693    -3.024               3.456
  4822.812      23.1     2.036    -4.627
  4822.814 106.00113     0.431    -3.082               3.456
  4822.814     607.0     1.020    -4.474               7.650
  4822.814     607.0     1.047    -3.666               7.650
  4822.839     607.0     1.047    -3.340               7.650
  4822.849      23.1     5.480    -1.967
  4822.855      90.0     0.615    -1.655
  4822.858 106.00113     1.208    -2.493               3.456
  4822.919      42.0     2.476    -2.152
  4822.926 106.00112     0.693    -3.024               3.456
  4822.935 106.00113     0.431    -4.595               3.456
  4822.966      58.1     0.809    -2.180
  4822.970      59.1     0.216    -0.80
  4822.979 106.00113     3.381    -2.486               3.456
  4823.003     107.0     3.136    -4.999               3.450
  4823.072      70.1     7.707    -1.810
  4823.088 106.00113     1.208    -4.510               3.456
  4823.116 106.00113     0.995    -4.683               3.456
  4823.121      69.1     4.856    -2.130
  4823.125      58.1     1.319    -2.650
  4823.130      22.0     2.236    -4.811
  4823.154      23.0     1.945    -3.599
  4823.182      90.1     0.514    -2.313
  4823.198      27.0     4.232    -2.823
  4823.228      26.0     3.884    -2.90
  4823.234      27.1    11.183    -0.360
  4823.265     607.0     1.131    -4.676               7.650
  4823.268     607.0     1.260    -3.042               7.650
  4823.304      39.1     0.992    -1.30
  4823.310 106.00113     0.431    -3.082               3.456
  4823.319      14.0     4.930    -2.749
  4823.326 106.00113     0.431    -3.032               3.456
  4823.351     607.0     1.131    -3.444               7.650
  4823.356      23.1     3.973    -1.870
  4823.364     607.0     1.062    -3.279               7.650
  4823.375 106.00113     0.432    -4.595               3.456
  4823.389      23.0     1.051    -4.446
  4823.403     607.0     1.326    -3.575               7.650
  4823.426 106.00112     0.693    -4.126               3.456
  4823.431     607.0     1.231    -4.138               7.650
  4823.447      70.1     5.856    -3.860
  4823.469      25.0     2.320    -2.969
  4823.477     107.0     3.210    -3.388               3.450
  4823.484      25.0     2.320    -2.634
  4823.490      25.0     2.320    -1.554
  4823.498      25.0     2.320    -2.537
  4823.502      25.0     2.320    -1.366
  4823.510      25.0     2.320    -2.668
  4823.512      25.0     2.320    -1.328
  4823.515      25.0     2.320    -0.458
  4823.520     607.0     0.203    -4.524               7.650 
  4823.521      25.0     2.320    -1.383
  4823.523      25.0     2.320    -0.562
  4823.527      25.0     2.320    -1.571
  4823.530      25.0     2.320    -0.675
  4823.535      25.0     2.320    -0.797
  4823.535 106.00113     1.208    -4.644               3.456
  4823.537      25.0     2.320    -0.927
  4823.538      25.0     2.320    -1.060
  4823.561 106.00112     0.693    -2.946               3.456
  4823.566 106.00113     0.978    -3.807               3.456
  4823.568 106.00112     0.693    -4.126               3.456
  4823.598 106.00113     0.978    -3.807               3.456
  4823.607      90.0     0.789    -1.421
  4823.609      70.1     5.671    -2.720
  4823.621 106.00113     1.254    -3.216               3.456
  4823.626      26.0     4.415    -3.321
  4823.659 106.00113     3.382    -2.476               3.456
  4823.659     107.0     2.961    -3.755               3.450
  4823.703 106.00112     0.693    -2.946               3.456
  4823.731 106.00113     1.254    -3.123               3.456
  4823.766 106.00113     0.432    -3.032               3.456
  4823.794      23.0     2.575    -1.836
  4823.807     607.0     0.382    -4.345               7.650
  4823.822 106.00113     3.096    -2.529               3.456
  4823.840      69.1     4.003    -3.510
  4823.861 106.00113     1.208    -2.520               3.456
  4823.882 106.00112     0.995    -4.683               3.456
  4823.906     607.0     1.151    -3.005               7.650
  4823.915 106.00112     0.977    -3.166               3.456
  4823.929      24.0     4.532    -1.00
  4823.938 106.00112     0.995    -2.499               3.456
  4823.943 106.00112     0.995    -2.477               3.456
  4823.943 106.00113     0.978    -3.014               3.456
  4823.948     607.0     1.151    -3.734               7.650
  4823.964 106.00112     0.977    -3.166               3.456
  4823.975 106.00113     0.978    -3.014               3.456
  4823.975 106.00113     1.208    -2.493               3.456
  4823.975 106.00113     3.096    -2.541               3.456
  4823.998 106.00112     0.995    -4.744               3.456
  4824.012     107.0     2.961    -3.755               3.450
  4824.040 106.00112     1.208    -4.510               3.456
  4824.050      57.1     0.651    -0.870
  4824.061      22.0     3.215    -4.103
  4824.071 106.00112     1.208    -2.520               3.456
  4824.085 106.00113     3.385    -4.215               3.456
  4824.095      20.0     4.443    -3.002
  4824.127      24.1     3.871    -0.90
  4824.165      26.0     3.635    -2.368
  4824.167      60.1     0.559    -1.939
  4824.213 106.00112     0.431    -3.082               3.456
  4824.217      21.0     3.101    -3.699
  4824.230      20.0     6.016    -2.973
  4824.245 106.00112     1.208    -2.493               3.456
  4824.271      25.0     4.273    -2.930
  4824.275 106.00112     1.208    -4.644               3.456
  4824.292      40.0     0.651    -0.50
  4824.301 106.00113     1.208    -4.510               3.456
  4824.310 106.00113     1.547    -4.457               3.456
  4824.324 106.00113     1.598    -3.008               3.456
  4824.338 106.00113     1.547    -4.457               3.456
  4824.362      24.1     5.493    -3.953
  4824.385 106.00112     2.803    -2.848               3.456
  4824.418     107.0     3.210    -3.388               3.450
  4824.446     107.0     3.136    -4.948               3.450
  4824.455     607.0     0.278    -4.121               7.650
  4824.456      26.0     4.143    -2.60
  4824.486     607.0     1.140    -2.995               7.650
  4824.510      22.0     2.085    -4.937
  4824.513 106.00113     1.598    -4.325               3.456
  4824.525     607.0     1.086    -4.154               7.650
  4824.530      28.0     4.089    -2.00
  4824.587     607.0     1.086    -3.175               7.650
  4824.615 106.00112     0.431    -4.595               3.456
  4824.641 106.00113     1.598    -3.008               3.456
  4824.646 106.00112     2.803    -2.835               3.456
  4824.657 106.00112     0.431    -3.032               3.456
  4824.680      62.1     1.446    -1.510
  4824.709 106.00112     0.431    -3.082               3.456
  4824.716      25.0     4.435    -3.380
  4824.747      69.1     4.563    -2.040
  4824.785 106.00113     1.598    -4.325               3.456
  4824.792 106.00113     1.976    -2.494               3.456
  4824.805      69.1     3.764    -3.820
  4824.808      58.1     4.213    -1.660
  4824.816      23.1     8.619    -3.528
  4824.838      26.1     8.145    -2.172
  4824.846      27.0     3.409    -2.362
  4824.872 106.00112     3.096    -2.529               3.456
  4824.872 106.00113     1.598    -2.960               3.456
  4824.880     607.0     1.396    -4.616               7.650
  4824.899 106.00113     1.917    -2.514               3.456
  4824.960      26.0     4.50     -2.20
  4824.965      66.0     2.289     0.760
  4824.967     607.0     0.217    -4.516               7.650
  4825.004 106.00113     2.037    -2.474               3.456
  4825.016      23.0     1.945    -3.905
  4825.035 106.00113     1.976    -2.474               3.456
  4825.053 106.00112     3.096    -2.541               3.456
  4825.056 106.00112     0.432    -4.595               3.456
  4825.097 106.00112     0.432    -3.032               3.456
  4825.139 106.00113     1.917    -2.494               3.456
  4825.144 106.00113     1.598    -2.960               3.456
  4825.149      58.1     3.401    -1.290
  4825.149      69.1     3.783    -3.410
  4825.165 106.00112     0.978    -3.807               3.456
  4825.167 106.00113     0.838    -2.596               3.456
  4825.167 106.00113     2.803    -2.848               3.456
  4825.177     607.0     1.326    -3.568               7.650
  4825.198 106.00112     3.319    -2.767               3.456
  4825.198 106.00112     0.978    -3.807               3.456
  4825.209 106.00113     0.951    -4.734               3.456
  4825.249 106.00113     2.037    -2.456               3.456
  4825.253 106.00112     1.208    -4.510               3.456
  4825.268      27.0     4.146    -0.70
  4825.279 106.00113     0.839    -2.576               3.456
  4825.279 106.00113     1.171    -4.589               3.456
  4825.281 106.00113     1.860    -2.506               3.456
  4825.284 106.00112     1.208    -2.520               3.456
  4825.350      26.0     4.90     -1.20
  4825.352     607.0     1.088    -3.927               7.650
  4825.363 106.00112     1.208    -2.493               3.456
  4825.363 106.00113     1.269    -3.207               3.456
  4825.385     607.0     1.088    -2.834               7.650
  4825.393 106.00112     1.208    -4.644               3.456
  4825.398      26.0     4.593    -5.087
  4825.407      23.0     1.064    -4.021
  4825.410 106.00113     1.269    -3.207               3.456
  4825.411      24.0     4.533    -1.719
  4825.421      73.0     1.394    -1.390
  4825.421 106.00112     0.978    -3.014               3.456
  4825.428 106.00113     0.358    -4.951               3.456
  4825.439      22.0     2.318    -1.20
  4825.440 106.00112     3.384    -2.476               3.456
  4825.449 106.00113     1.171    -2.552               3.456
  4825.454 106.00112     0.978    -3.014               3.456
  4825.477 106.00113     0.664    -4.222               3.456
  4825.478      60.1     0.182    -0.420
  4825.482 106.00113     0.664    -4.222               3.456
  4825.512 106.00113     0.358    -4.951               3.456
  4825.515      24.0     3.087    -1.950
  4825.517 106.00113     1.860    -2.514               3.456
  4825.519 106.00113     0.951    -2.523               3.456
  4825.544      58.1     0.897    -2.740
  4825.577 106.00113     2.100    -2.456               3.456
  4825.589 106.00112     3.319    -2.757               3.456
  4825.589      25.0     3.844    -1.374
  4825.594 106.00113     2.803    -2.835               3.456
  4825.614 106.00112     3.385    -2.486               3.456
  4825.621      69.1     3.091    -3.060
  4825.691 106.00113     1.171    -2.521               3.456
  4825.712 106.00113     0.951    -2.499               3.456
  4825.730      26.0     4.30     -2.45
  4825.751      58.1     1.296    -1.750
  4825.755      24.0     5.080    -1.981
  4825.773     607.0     1.034    -4.058               7.650
  4825.790     607.0     1.055    -3.667               7.650
  4825.817     607.0     1.055    -3.304               7.650
  4825.829 106.00113     2.100    -2.438               3.456
  4825.845 106.00113     1.917    -4.988               3.456
  4825.857 106.00113     0.838    -4.977               3.456
  4825.859      58.1     1.796    -2.710
  4825.864 106.00113     1.171    -4.467               3.456
  4825.878 106.00112     1.976    -2.494               3.456
  4825.878     107.0     3.046    -3.695               3.450
  4825.894 106.00113     1.806    -2.502               3.456
  4825.901 106.00112     1.598    -3.008               3.456
  4825.914      92.1     1.193    -1.391
  4826.008 106.00112     1.547    -4.457               3.456
  4826.024 106.00113     0.951    -4.629               3.456
  4826.034 106.00112     2.037    -2.474               3.456
  4826.036 106.00112     1.547    -4.457               3.456
  4826.038 106.00112     1.917    -2.514               3.456
  4826.040      22.0     2.662    -1.349
  4826.064 106.00112     1.976    -2.474               3.456
  4826.104 106.00112     1.917    -4.988               3.456
  4826.116     607.0     1.255    -3.096               7.650
  4826.119     107.0     3.112    -4.999               3.450
  4826.131      69.1     4.041    -2.440
  4826.132 106.00113     1.806    -2.506               3.456
  4826.157     607.0     1.178    -2.808               7.650
  4826.162 106.00113     1.753    -4.931               3.456
  4826.169 106.00113     1.860    -4.958               3.456
  4826.190      24.0     3.368    -2.15
  4826.197     607.0     1.415    -4.333               7.650
  4826.201      69.1     4.114    -2.460
  4826.211     607.0     1.255    -4.964               7.650
  4826.213     607.0     0.294    -4.121               7.650
  4826.218 106.00112     1.598    -3.008               3.456
  4826.220 106.00112     2.037    -2.456               3.456
  4826.225 106.00112     1.917    -2.494               3.456
  4826.226      69.1     4.784    -3.540
  4826.228     607.0     1.178    -4.448               7.650
  4826.232 106.00113     1.172    -4.589               3.456
  4826.248      58.1     1.254    -2.320
  4826.251      58.1     1.149    -1.630
  4826.274      27.0     2.877    -3.015
  4826.276 106.00112     1.598    -4.325               3.456
  4826.287      59.1     0.795    -1.749
  4826.288      22.0     3.424    -2.151
  4826.316 106.00112     3.198    -2.103               3.456
  4826.318 106.00112     3.198    -2.114               3.456
  4826.340     607.0     1.485    -3.836               7.650
  4826.360      58.1     3.886    -1.930
  4826.373      58.1     1.533    -0.10 
  4826.376 106.00112     0.838    -4.977               3.456
  4826.379      26.1     9.694    -3.367
  4826.391     107.0     3.046    -3.695               3.450
  4826.402 106.00112     1.598    -2.960               3.456
  4826.404 106.00113     3.319    -2.767               3.456
  4826.465 106.00113     1.270    -3.830               3.456
  4826.472 106.00112     1.860    -2.506               3.456
  4826.474 106.00112     0.838    -2.596               3.456
  4826.488 106.00113     1.172    -2.552               3.456
  4826.495 106.00113     1.270    -3.830               3.456
  4826.528 106.00112     0.839    -2.576               3.456
  4826.535 106.00112     1.860    -4.958               3.456
  4826.549 106.00112     1.598    -4.325               3.456
  4826.549 106.00112     2.100    -2.456               3.456
  4826.560 106.00113     0.951    -4.734               3.456
  4826.565      23.0     2.895    -2.708
  4826.566      26.0     4.076    -4.00
  4826.567 106.00113     2.165    -2.438               3.456
  4826.570      62.1     1.517    -1.430
  4826.583     607.0     0.382    -4.329               7.650
  4826.620      26.0     4.796    -3.00
  4826.644 106.00113     1.172    -2.521               3.456
  4826.656 106.00112     1.860    -2.514               3.456
  4826.665      76.0     1.747    -2.260
  4826.675 106.00112     1.598    -2.960               3.456
  4826.682    26.1      10.288    -0.500
  4826.703 106.00113     1.753    -2.502               3.456
  4826.703      59.1     0.422    -1.440
  4826.726 106.00113     1.806    -4.931               3.456
  4826.737 106.00112     2.100    -2.438               3.456
  4826.756      90.0     1.623    -0.473
  4826.777      70.1     8.380    -1.350
  4826.786      23.0     2.074    -4.976
  4826.791       6.0     7.488    -2.30
  4826.810      22.0     3.441    -2.316
  4826.824 106.00113     2.165    -2.420               3.456
  4826.853     607.0     1.070    -3.247               7.650
  4826.856 106.00113     1.270    -3.057               3.456
  4826.857      24.0     4.175    -1.214
  4826.873      57.1     0.173    -2.377
  4826.880 106.00112     0.951    -4.629               3.456
  4826.887 106.00113     1.270    -3.057               3.456
  4826.887      25.0     3.853    -1.418
  4826.889 106.00112     1.171    -4.467               3.456
  4826.903 106.00112     1.171    -2.552               3.456
  4826.903 106.00113     1.172    -4.467               3.456
  4826.917      21.1     8.255    -0.371
  4826.922 106.00112     0.951    -2.523               3.456
  4826.943 106.00112     1.269    -3.207               3.456
  4826.943 106.00113     1.753    -2.502               3.456
  4826.952 106.00113     3.319    -2.757               3.456
  4826.978 106.00113     0.951    -2.523               3.456
  4826.981      69.1     3.484     0.049
  4826.989 106.00112     1.269    -3.207               3.456
  4827.008 106.00112     0.358    -4.951               3.456
  4827.031 106.00112     0.664    -4.222               3.456
  4827.036 106.00112     0.664    -4.222               3.456
  4827.058      58.1     1.546    -2.310
  4827.064 106.00113     0.951    -2.499               3.456
  4827.075 106.00112     0.951    -2.499               3.456
  4827.092 106.00112     0.358    -4.951               3.456
  4827.101      58.1     1.140    -2.240
  4827.115 106.00112     1.171    -2.521               3.456
  4827.117 106.00112     0.951    -4.734               3.456
  4827.129 106.00112     1.171    -4.589               3.456
  4827.134 106.00112     1.806    -2.502               3.456
  4827.145      24.1     7.387    -3.431
  4827.148      69.1     4.355    -1.700
  4827.180 106.00113     0.970    -3.244               3.456
  4827.180 106.00113     0.970    -3.244               3.456
  4827.185 106.00113     1.703    -4.908               3.456
  4827.197 106.00112     1.806    -4.931               3.456
  4827.197      59.1     0.796    -1.180
  4827.211 106.00113     3.198    -2.114               3.456
  4827.232     607.0     0.270    -4.838               7.650
  4827.245     607.0     0.274    -4.827               7.650
  4827.253     607.0     1.107    -2.810               7.650
  4827.258      22.0     3.409    -3.450
  4827.278      21.0     2.139    -0.05
  4827.288     607.0     1.107    -3.954               7.650
  4827.322 106.00112     1.806    -2.506               3.456
  4827.348 106.00113     3.198    -2.103               3.456
  4827.361     607.0     0.266    -4.854               7.650
  4827.375     607.0     0.279    -4.819               7.650
  4827.382      20.0     6.018    -4.018
  4827.399     607.0     1.282    -3.045               7.650
  4827.411     607.0     1.164    -2.987               7.650
  4827.455     607.0     1.164    -3.742               7.650
  4827.458      23.0     0.040    -1.60
  4827.467      23.1     8.645    -3.405
  4827.476 106.00112     2.165    -2.438               3.456
  4827.477     607.0     1.282    -4.231               7.650
  4827.483 106.00113     0.951    -4.629               3.456
  4827.483 106.00113     1.753    -4.850               3.456
  4827.520      66.0     1.447    -1.450
  4827.521      27.0     4.240    -3.300
  4827.524      24.0     4.402    -4.447
  4827.544 106.00113     0.840    -2.576               3.456
  4827.548      22.0     3.062    -3.011
  4827.572      22.0     2.305    -1.148
  4827.574 106.00112     1.254    -3.216               3.456
  4827.591 106.00113     0.840    -2.596               3.456
  4827.595      69.1     4.481    -1.920
  4827.620      26.0     4.70     -1.60
  4827.611     607.0     0.263    -4.876               7.650
  4827.642     607.0     0.284    -4.815               7.650
  4827.644      20.0     5.049    -1.686
  4827.651     607.0     1.151    -2.978               7.650
  4827.668 106.00112     2.165    -2.420               3.456
  4827.672 106.00113     1.703    -2.506               3.456
  4827.693      23.0     2.878    -3.382
  4827.735      60.1     0.205    -1.70
  4827.737     607.0     1.415    -4.327               7.650
  4827.749 106.00112     1.254    -3.123               3.456
  4827.802      70.1     6.877    -2.010
  4827.854      23.0     3.099    -3.190
  4827.887 106.00113     1.919    -2.514               3.456
  4827.917 106.00113     1.703    -2.502               3.456
  4827.919 106.00113     1.919    -2.494               3.456
  4827.929 106.00112     1.172    -4.467               3.456
  4827.943 106.00112     1.172    -2.552               3.456
  4827.973 106.00113     1.138    -4.540               3.456
  4827.985     607.0     0.260    -4.906               7.650
  4827.987 106.00112     1.753    -2.502               3.456
  4827.996 106.00113     1.978    -2.494               3.456
  4828.017 106.00113     1.978    -2.474               3.456
  4828.022 106.00113     2.232    -2.420               3.456
  4828.025     607.0     0.289    -4.814               7.650
  4828.041      40.0     0.623    -0.640
  4828.050 106.00113     1.862    -2.506               3.456
  4828.052 106.00112     1.753    -4.850               3.456
  4828.059     607.0     1.255    -4.962               7.650
  4828.069 106.00112     1.172    -2.521               3.456
  4828.080 106.00113     1.138    -2.589               3.456
  4828.083 106.00112     1.172    -4.589               3.456
  4828.094 106.00113     1.862    -2.514               3.456
  4828.117 106.00112     1.753    -4.931               3.456
  4828.120 106.00112     1.270    -3.830               3.456
  4828.149     607.0     1.104    -3.170               7.650
  4828.150 106.00112     1.270    -3.830               3.456
  4828.154     607.0     1.255    -3.088               7.650
  4828.158      69.1     4.756    -1.880
  4828.159     4.1      12.157    -1.213
  4828.183 106.00112     1.753    -2.502               3.456
  4828.187     607.0     1.485    -3.828               7.650
  4828.189     607.0     1.206    -3.912               7.650
  4828.234      23.1     6.522    -3.186
  4828.236      23.1     5.468    -2.387
  4828.280      22.0     3.113    -3.497
  4828.281 106.00113     0.840    -4.977               3.456
  4828.288 106.00113     2.232    -2.404               3.456
  4828.290     607.0     1.390    -3.349               7.650
  4828.299      24.1     8.667    -3.093
  4828.334 106.00113     1.656    -4.886               3.456
  4828.337 106.00113     1.755    -4.931               3.456
  4828.339 106.00112     0.951    -4.629               3.456
  4828.359      69.1     4.531    -2.750
  4828.362 106.00113     1.138    -2.553               3.456
  4828.381 106.00112     0.951    -2.523               3.456
  4828.388 106.00113     2.741    -4.693               3.456
  4828.393     607.0     1.390    -4.739               7.650
  4828.400 106.00112     1.270    -3.057               3.456
  4828.402 106.00113     1.703    -4.828               3.456
  4828.425 106.00113     2.039    -2.474               3.456
  4828.428 106.00112     0.951    -2.499               3.456
  4828.428     607.0     0.217    -4.507               7.650
  4828.430 106.00112     1.270    -3.057               3.456
  4828.432 106.00113     2.039    -2.456               3.456
  4828.434     607.0     1.097    -3.935               7.650
  4828.446 106.00113     1.807    -2.502               3.456
  4828.461      42.0     3.438    -0.666
  4828.468     607.0     1.097    -2.811               7.650
  4828.470 106.00112     0.951    -4.734               3.456
  4828.470 106.00113     1.138    -4.428               3.456
  4828.487     607.0     0.258    -4.948               7.650
  4828.507 106.00113     1.807    -2.506               3.456
  4828.557      69.1     3.766    -3.560
  4828.558     607.0     0.295    -4.814               7.650
  4828.571      60.1     0.380    -1.10
  4828.624 106.00113     2.977    -2.540               3.456
  4828.672      24.0     2.544    -2.45
  4828.680 106.00113     2.977    -2.550               3.456
  4828.683      22.0     3.128    -2.038
  4828.720     607.0     1.178    -4.445               7.650
  4828.740 106.00112     0.970    -3.244               3.456
  4828.740 106.00112     0.970    -3.244               3.456
  4828.768 106.00113     1.656    -2.514               3.456
  4828.770 106.00113     1.138    -4.540               3.456
  4828.791     607.0     1.178    -2.797               7.650
  4828.794 106.00112     0.840    -2.576               3.456
  4828.799      23.0     2.578    -0.965
  4828.801 106.00112     0.840    -4.977               3.456
  4828.817 106.00112     2.805    -2.835               3.456
  4828.833 106.00113     1.919    -4.988               3.456
  4828.866 106.00112     2.232    -2.420               3.456
  4828.882 106.00113     3.385    -2.486               3.456
  4828.899 106.00112     0.840    -2.596               3.456
  4828.917      69.1     3.884    -3.020
  4828.928     607.0     1.062    -3.670               7.650
  4828.934 106.00113     0.680    -3.096               3.456
  4828.938 106.00113     1.862    -4.958               3.456
  4828.956     607.0     1.062    -3.269               7.650
  4828.957 106.00113     1.138    -2.589               3.456
  4828.959      21.1     8.189    -3.897
  4828.960      69.0     2.040    -1.020
  4828.962 106.00112     2.805    -2.848               3.456
  4828.965     607.0     0.401    -4.333               7.650
  4828.966 106.00113     3.384    -2.476               3.456
  4828.973 106.00113     3.076    -2.529               3.456
  4828.999 106.00112     1.703    -2.506               3.456