Mn 5432 +/- 10 with hfs
  5422.019 106.00113     2.140    -3.453               3.456
  5422.027      70.1     5.954    -2.850
  5422.051 106.00113     2.163    -3.356               3.456
  5422.086 106.00113     2.217    -3.315               3.456
  5422.098 106.00113     2.247    -3.280               3.456
  5422.104 106.00113     2.514    -3.408               3.456
  5422.118      58.1     1.456    -1.830
  5422.127 106.00113     2.514    -3.393               3.456
  5422.140      66.0     1.489    -2.040
  5422.150      26.0     4.320    -2.390
  5422.154      58.0     0.821    -1.022
  5422.192 106.00113     2.189    -3.355               3.456
  5422.192 106.00113     1.080    -3.846               3.456
  5422.199     607.0     1.495    -4.234               7.650
  5422.231      58.0     0.589    -1.252
  5422.257 106.00112     2.979    -4.404               3.456
  5422.257 106.00113     2.280    -3.249               3.456
  5422.264      58.0     0.691    -0.888
  5422.280 106.00113     2.390    -3.156               3.456
  5422.286      69.1     4.856    -3.500
  5422.295      58.1     0.709    -2.210
  5422.310      21.0     2.320    -2.088
  5422.310     607.0     0.619    -2.987               7.650
  5422.321 106.00113     2.247    -3.250               3.456
  5422.348 106.00113     2.217    -3.280               3.456
  5422.348      27.0     4.058    -1.524
  5422.380      22.0     3.559    -0.310
  5422.383 106.00113     2.163    -3.400               3.456
  5422.409      58.1     2.213    -2.580
  5422.416      41.0     1.354    -1.640
  5422.416      21.1     4.850    -2.633
  5422.424 106.00113     2.120    -3.515               3.456
  5422.442     607.0     0.561    -4.478               7.650
  5422.460 106.00113     2.140    -4.988               3.456
  5422.460 106.00113     2.280    -3.222               3.456
  5422.463      22.1     1.572    -3.661
  5422.483 106.00113     2.140    -3.402               3.456
  5422.484      22.0     3.154    -2.869
  5422.486 106.00113     2.189    -3.315               3.456
  5422.536     607.0     1.788    -4.006               7.650
  5422.563      23.0     2.583    -2.400
  5422.607 106.00113     2.314    -3.222               3.456
  5422.607     607.0     1.725    -4.875               7.650
  5422.630 106.00113     2.140    -3.453               3.456
  5422.679      26.1     8.259    -3.467
  5422.686      23.0     2.678    -4.391
  5422.707     607.0     0.820    -3.302               7.650
  5422.712      70.1     6.847    -2.390
  5422.716      23.0     2.581    -2.911
  5422.721 106.00113     2.163    -3.356               3.456
  5422.778     607.0     1.725    -3.290               7.650
  5422.783 106.00113     2.314    -3.198               3.456
  5422.816 106.00113     2.101    -3.591               3.456
  5422.818      70.1     6.137    -3.860
  5422.848 106.00113     2.120    -4.929               3.456
  5422.869      74.0     2.787    -1.570
  5422.889 106.00112     2.979    -4.415               3.456
  5422.904 106.00113     2.120    -3.515               3.456
  5422.910 106.00113     2.431    -3.156               3.456
  5422.919     607.0     1.039    -4.638               7.650
  5422.942 106.00112     3.436    -4.109               3.456
  5422.945 106.00113     2.120    -3.455               3.456
  5423.019 106.00113     2.140    -3.402               3.456
  5423.072 106.00113     2.140    -4.988               3.456
  5423.086 106.00113     3.397    -4.105               3.456
  5423.116 106.00112     2.197    -3.960               3.456
  5423.166 106.00113     2.086    -3.689               3.456
  5423.177 106.00113     2.102    -3.591               3.456
  5423.183 106.00113     2.351    -3.197               3.456
  5423.190      24.0     4.533    -2.474
  5423.198      69.1     4.847    -1.680
  5423.219 106.00112     2.197    -3.974               3.456
  5423.219 106.00113     2.431    -3.139               3.456
  5423.222 106.00113     2.101    -4.848               3.456
  5423.260 106.00113     1.382    -3.469               3.456
  5423.277 106.00113     1.382    -3.449               3.456
  5423.322      66.0     0.000    -1.447
  5423.327 106.00113     2.120    -4.929               3.456
  5423.336 106.00113     2.351    -3.176               3.456
  5423.342 106.00113     3.398    -4.116               3.456
  5423.357      92.0     0.714    -1.665
  5423.360 106.00113     2.120    -3.455               3.456
  5423.410 106.00113     2.102    -3.519               3.456
  5423.417      24.0     5.347    -3.419
  5423.419 106.00112     1.290    -3.928               3.456
  5423.419 106.00112     3.436    -4.098               3.456
  5423.425 106.00113     2.086    -3.689               3.456
  5423.428      58.0     0.548    -0.709
  5423.439 106.00113     2.073    -3.822               3.456
  5423.492      58.1     0.875    -2.360
  5423.510 106.00113     2.055    -4.526               3.456
  5423.522 106.00113     0.910    -4.291               3.456
  5423.529      69.1     4.288    -1.020
  5423.533     607.0     0.609    -3.562               7.650
  5423.533 106.00113     1.581    -3.742               3.456
  5423.540     607.0     1.564    -2.376               7.650
  5423.557 106.00113     2.055    -4.526               3.456
  5423.569 106.00113     2.086    -4.754               3.456
  5423.577     607.0     0.609    -3.002               7.650
  5423.583 106.00113     2.102    -4.848               3.456
  5423.598 106.00113     2.063    -4.034               3.456
  5423.613 106.00113     2.073    -3.822               3.456
  5423.622 106.00112     1.291    -3.928               3.456
  5423.632     607.0     0.745    -2.736               7.650
  5423.633 106.00113     2.283    -3.572               3.456
  5423.635      64.1     2.280    -1.050
  5423.639       8.1    26.554    -3.606
  5423.648      23.1     6.334    -3.292
  5423.701 106.00113     2.063    -4.034               3.456
  5423.719 106.00113     2.102    -3.519               3.456
  5423.739      26.0     3.695    -3.102
  5423.816 106.00112     1.381    -3.469               3.456
  5423.822 106.00113     1.581    -3.742               3.456
  5423.828 106.00113     2.086    -4.754               3.456
  5423.830      22.0     3.409    -3.941
  5423.857 106.00113     2.073    -4.649               3.456
  5423.866 106.00113     2.086    -3.597               3.456
  5423.881 106.00113     0.910    -4.257               3.456
  5423.884 106.00113     2.073    -4.980               3.456
  5423.897     607.0     0.991    -3.558               7.650
  5423.907 106.00112     1.381    -3.449               3.456
  5423.922      74.0     2.458    -1.900
  5423.942 106.00112     2.279    -3.249               3.456
  5423.969 106.00113     1.455    -3.465               3.456
  5423.975      72.0     2.784    -0.710
  5423.975     607.0     0.664    -3.849               7.650
  5423.983     607.0     0.677    -2.557               7.650
  5423.984 106.00113     1.581    -4.861               3.456
  5424.008      90.0     1.291    -1.208
  5424.022 106.00113     2.073    -4.980               3.456
  5424.028 106.00113     2.390    -3.175               3.456
  5424.030     607.0     0.664    -2.557               7.650
  5424.031 106.00113     2.073    -4.649               3.456
  5424.031 106.00112     2.246    -3.280               3.456
  5424.031 106.00112     2.314    -3.222               3.456
  5424.040     607.0     0.677    -3.865               7.650
  5424.048 106.00113     2.283    -3.587               3.456
  5424.051      45.0     3.649     0.600
  5424.051 106.00113     2.063    -4.493               3.456
  5424.051      47.1    15.717     0.210
  5424.060      23.0     2.359    -0.330
  5424.066 106.00113     2.055    -4.273               3.456
  5424.068      26.0     4.320     0.390
  5424.081 106.00113     2.086    -3.597               3.456
  5424.095 106.00112     2.591    -3.378               3.456
  5424.113 106.00113     2.055    -4.273               3.456
  5424.128 106.00112     1.598    -3.647               3.456
  5424.129     607.0     0.878    -4.079               7.650
  5424.142      26.0     4.076    -2.456
  5424.154 106.00113     2.063    -4.493               3.456
  5424.160 106.00113     2.390    -3.156               3.456
  5424.167     607.0     0.651    -3.107               7.650
  5424.181 106.00112     1.291    -4.984               3.456
  5424.201 106.00113     2.474    -3.139               3.456
  5424.207      69.1     3.618    -2.400
  5424.213 106.00112     2.279    -3.222               3.456
  5424.242     607.0     0.760    -2.743               7.650
  5424.251 106.00113     2.063    -4.940               3.456
  5424.254 106.00112     2.216    -3.315               3.456
  5424.266      23.1     6.784    -4.175
  5424.269      58.1     3.599    -3.270
  5424.272 106.00113     1.581    -4.861               3.456
  5424.275      66.0     2.172     0.060
  5424.281      23.0     1.893    -1.830
  5424.284 106.00112     2.314    -3.198               3.456
  5424.290 106.00113     1.456    -3.427               3.456
  5424.293 106.00112     1.080    -3.891               3.456
  5424.299 106.00113     2.073    -3.699               3.456
  5424.312     607.0     0.760    -3.667               7.650
  5424.316 106.00112     1.598    -4.951               3.456
  5424.316 106.00112     2.247    -3.250               3.456
  5424.325 106.00113     2.063    -4.940               3.456
  5424.334 106.00112     2.351    -3.197               3.456
  5424.346 106.00112     1.291    -3.849               3.456
  5424.346 106.00112     1.291    -4.984               3.456
  5424.354 106.00113     1.581    -3.654               3.456
  5424.361      39.0     1.919    -0.220
  5424.399      69.1     3.766    -3.560
  5424.437 106.00113     2.073    -3.699               3.456
  5424.481      26.0     4.966    -3.197
  5424.486      58.1     2.764    -1.100
  5424.510 106.00112     1.291    -3.849               3.456
  5424.516 106.00113     2.474    -4.032               3.456
  5424.528 106.00112     1.598    -3.647               3.456
  5424.531      28.0     4.167    -1.279
  5424.554      56.0     1.521     0.000
  5424.555 106.00113     2.055    -4.958               3.456
  5424.556     607.0     1.535    -4.657               7.650
  5424.564      20.0     5.299    -3.675
  5424.566 106.00112     2.216    -3.280               3.456
  5424.572      28.1     6.473    -1.988
  5424.575 106.00112     2.351    -3.176               3.456
  5424.578 106.00112     2.188    -3.355               3.456
  5424.581 106.00113     2.055    -4.958               3.456
  5424.596 106.00113     1.581    -3.654               3.456
  5424.607      58.1     0.792    -1.970
  5424.628 106.00112     2.591    -3.392               3.456
  5424.634      70.1     5.613    -0.840
  5424.642      28.0     1.951    -2.770
  5424.669 106.00113     3.436    -4.109               3.456
  5424.705 106.00113     2.063    -3.843               3.456
  5424.711      45.0     1.484    -2.050
  5424.717 106.00112     1.598    -4.951               3.456
  5424.725 106.00112     1.080    -3.846               3.456
  5424.749     607.0     0.689    -4.946               7.650
  5424.778 106.00113     2.063    -3.843               3.456
  5424.790 106.00112     1.598    -3.577               3.456
  5424.826      23.1     4.244    -3.970
  5424.833      24.0     4.855    -3.500
  5424.866     607.0     0.689    -3.656               7.650
  5424.869      70.1     5.724    -3.020
  5424.887      21.0     5.559    -3.192
  5424.893 106.00112     2.390    -3.175               3.456
  5424.896 106.00112     2.514    -3.393               3.456
  5424.920 106.00112     2.189    -3.315               3.456
  5424.934 106.00112     3.415    -2.882               3.456
  5424.937      26.0     4.966    -4.673
  5424.945      69.1     4.847    -0.800
  5424.946 106.00112     2.514    -3.408               3.456
  5424.947      24.0     3.850    -3.494
  5424.976 106.00112     2.163    -3.400               3.456
  5425.032 106.00112     1.080    -3.891               3.456
  5425.069      20.0     5.300    -3.262
  5425.114 106.00113     2.055    -4.102               3.456
  5425.123 106.00113     0.911    -4.291               3.456
  5425.126 106.00112     2.390    -3.156               3.456
  5425.135 106.00112     1.598    -3.577               3.456
  5425.140 106.00113     2.055    -4.102               3.456
  5425.149       6.0     8.771    -2.830
  5425.182 106.00113     2.432    -3.156               3.456
  5425.188 106.00113     3.415    -2.882               3.456
  5425.196 106.00113     1.314    -3.840               3.456
  5425.205 106.00112     3.416    -2.894               3.456
  5425.209     607.0     0.752    -2.738               7.650
  5425.229 106.00113     1.456    -3.465               3.456
  5425.257      26.1     3.199    -3.390
  5425.270 106.00113     3.416    -2.894               3.456
  5425.294 106.00112     2.247    -3.280               3.456
  5425.294 106.00113     2.432    -3.139               3.456
  5425.298      69.1     4.338    -2.930
  5425.307     607.0     0.752    -4.457               7.650
  5425.335 106.00113     1.314    -3.810               3.456
  5425.338 106.00112     2.217    -3.315               3.456
  5425.352 106.00112     2.163    -3.356               3.456
  5425.352 106.00113     0.911    -4.257               3.456
  5425.385 106.00112     1.080    -3.846               3.456
  5425.394 106.00112     2.280    -3.249               3.456
  5425.403      20.0     5.321    -3.544
  5425.408 106.00112     2.140    -3.453               3.456
  5425.438 106.00113     1.456    -3.427               3.456
  5425.444 106.00113     3.436    -4.098               3.456
  5425.450      45.0     3.649     0.100
  5425.458 106.00112     2.247    -3.250               3.456
  5425.482      24.1     3.871    -4.616
  5425.494 106.00112     2.189    -3.355               3.456
  5425.529 106.00112     2.280    -3.222               3.456
  5425.532      24.0     4.402    -3.373
  5425.543      20.0     5.390    -3.055
  5425.544 106.00112     2.140    -4.988               3.456
  5425.544 106.00112     2.217    -3.280               3.456
  5425.567      21.0     2.001    -0.799
  5425.591       6.0     8.771    -2.760
  5425.597 106.00113     2.979    -4.404               3.456
  5425.603      69.1     4.030    -1.880
  5425.623      27.0     4.072    -0.182
  5425.647      27.0     2.718    -3.459
  5425.676 106.00112     2.314    -3.222               3.456
  5425.678      90.1     1.188    -1.721
  5425.732 106.00112     2.163    -3.400               3.456
  5425.738 106.00112     2.189    -3.315               3.456
  5425.756 106.00112     2.431    -3.156               3.456
  5425.785 106.00112     2.314    -3.198               3.456
  5425.794 106.00113     2.979    -4.415               3.456
  5425.798      58.1     0.910    -2.310
  5425.832 106.00112     2.140    -3.402               3.456
  5425.838 106.00113     1.566    -3.872               3.456
  5425.850 106.00112     2.120    -3.515               3.456
  5425.900 106.00113     2.519    -4.032               3.456
  5425.983 106.00112     2.431    -3.139               3.456
  5426.006 106.00112     2.120    -4.929               3.456
  5426.021 106.00112     2.140    -3.453               3.456
  5426.024 106.00112     2.163    -3.356               3.456
  5426.033 106.00113     1.567    -3.872               3.456
  5426.075     607.0     0.887    -2.971               7.650
  5426.095      23.1     3.758    -2.390
  5426.112      69.1     4.854    -0.580
  5426.156 106.00112     2.140    -4.988               3.456
  5426.158      26.1     9.962    -4.409
  5426.165      23.0     2.581    -3.335
  5426.165 106.00112     3.319    -4.126               3.456
  5426.180      25.0     2.941    -3.305
  5426.186 106.00112     2.351    -3.197               3.456
  5426.186     607.0     0.887    -4.247               7.650
  5426.212 106.00112     3.319    -4.115               3.456
  5426.218 106.00113     2.519    -4.086               3.456
  5426.248      22.0     0.021    -2.944
  5426.262 106.00112     2.351    -3.176               3.456
  5426.268 106.00112     1.382    -3.449               3.456
  5426.274 106.00112     2.101    -3.591               3.456
  5426.295 106.00113     1.566    -4.753               3.456
  5426.330 106.00112     2.120    -3.515               3.456
  5426.336 106.00112     2.120    -3.455               3.456
  5426.348     607.0     0.991    -3.549               7.650
  5426.357 106.00112     1.382    -3.469               3.456
  5426.368 106.00112     2.140    -3.402               3.456
  5426.373      58.0     0.028    -1.409
  5426.380      40.0     2.081    -1.060
  5426.421      70.1     6.719    -2.680
  5426.451 106.00112     2.101    -4.848               3.456
  5426.486 106.00112     2.120    -4.929               3.456
  5426.489 106.00113     1.567    -4.753               3.456
  5426.500      69.0     2.338    -1.750
  5426.535     607.0     1.564    -3.564               7.650
  5426.550      22.0     3.724    -2.322
  5426.557 106.00112     2.283    -3.572               3.456
  5426.600      58.0     0.396    -1.045
  5426.636 106.00112     2.102    -3.591               3.456
  5426.639     607.0     1.564    -2.370               7.650
  5426.651 106.00112     2.086    -3.689               3.456
  5426.666 106.00112     0.910    -4.291               3.456
  5426.676     607.0     0.582    -3.913               7.650
  5426.688     607.0     0.752    -4.455               7.650
  5426.692 106.00113     2.475    -3.139               3.456
  5426.695      66.1     2.544    -0.160
  5426.716      27.0     4.475    -1.878
  5426.720      22.0     3.392    -2.019
  5426.734      27.0     1.956    -3.597
  5426.740      25.0     4.660    -4.227
  5426.751 106.00112     2.120    -3.455               3.456
  5426.786     607.0     0.752    -2.728               7.650
  5426.787 106.00113     2.475    -4.032               3.456
  5426.798      26.0     3.415    -5.108
  5426.813 106.00112     2.102    -4.848               3.456
  5426.817      58.1     3.708    -2.040
  5426.837 106.00112     2.102    -3.519               3.456
  5426.843 106.00113     1.567    -3.753               3.456
  5426.843      58.1     1.676    -1.990
  5426.863 106.00112     2.086    -4.754               3.456
  5426.875      70.1     6.165     0.030
  5426.876      42.0     2.076    -2.056
  5426.878 106.00112     0.910    -4.257               3.456
  5426.886      69.1     4.288    -1.720
  5426.905      24.1     4.156    -4.524
  5426.910 106.00112     2.086    -3.689               3.456
  5426.930      63.0     1.944    -0.100
  5426.949 106.00112     2.073    -3.822               3.456
  5426.952 106.00112     1.537    -4.013               3.456
  5426.955 106.00112     2.390    -3.175               3.456
  5426.963 106.00112     1.581    -3.742               3.456
  5426.966 106.00112     2.474    -3.139               3.456
  5426.999 106.00113     1.567    -3.753               3.456
  5427.008 106.00112     2.390    -3.156               3.456
  5427.022      21.0     3.101    -1.699
  5427.046 106.00112     2.055    -4.526               3.456
  5427.058 106.00112     2.283    -3.587               3.456
  5427.090 106.00113     2.200    -3.960               3.456
  5427.093 106.00112     2.055    -4.526               3.456
  5427.123 106.00112     2.086    -4.754               3.456
  5427.123 106.00112     2.073    -3.822               3.456
  5427.123 106.00112     2.063    -4.034               3.456
  5427.140       6.0     8.771    -2.750
  5427.146 106.00112     2.102    -3.519               3.456
  5427.164      23.0     2.365    -1.022
  5427.173 106.00112     1.538    -3.889               3.456
  5427.187 106.00112     1.581    -4.861               3.456
  5427.190      27.0     4.175    -2.078
  5427.193 106.00112     2.474    -4.032               3.456
  5427.208 106.00112     2.073    -4.649               3.456
  5427.222     607.0     0.630    -2.963               7.650
  5427.224      26.1     7.473    -4.867
  5427.226 106.00112     2.063    -4.034               3.456
  5427.243      59.0     1.083     0.016
  5427.245      26.0     3.274    -4.221
  5427.249      25.0     4.273    -3.826
  5427.249      25.0     4.273    -3.228
  5427.252 106.00112     1.581    -3.742               3.456
  5427.255 106.00112     1.455    -3.465               3.456
  5427.265      58.0     0.467    -0.790
  5427.281      22.0     3.161    -3.492
  5427.302      42.0     3.782    -1.392
  5427.326 106.00112     2.086    -3.597               3.456
  5427.343     607.0     1.478    -3.886               7.650
  5427.376 106.00112     3.438    -4.098               3.456
  5427.382 106.00112     2.073    -4.649               3.456
  5427.408      27.0     4.259    -1.369
  5427.455 106.00112     2.063    -4.493               3.456
  5427.470      22.0     3.399    -1.853
  5427.476 106.00112     1.581    -4.861               3.456
  5427.508 106.00112     1.456    -3.427               3.456
  5427.517 106.00112     2.055    -4.273               3.456
  5427.526 106.00112     2.073    -4.980               3.456
  5427.533      42.0     2.934    -1.616
  5427.541 106.00112     2.086    -3.597               3.456
  5427.559 106.00112     2.063    -4.493               3.456
  5427.559 106.00113     2.200    -3.974               3.456
  5427.564 106.00112     2.055    -4.273               3.456
  5427.565      58.1     1.412    -1.430
  5427.585      23.0     3.315    -2.840
  5427.591      44.0     3.542     0.150
  5427.600 106.00113     1.555    -4.076               3.456
  5427.641 106.00112     3.438    -4.109               3.456
  5427.662     607.0     0.651    -4.165               7.650
  5427.665 106.00112     2.073    -4.980               3.456
  5427.700      27.0     4.064    -2.525
  5427.701     607.0     1.681    -2.020               7.650
  5427.706      25.1     6.128    -3.469
  5427.715 106.00113     1.555    -4.076               3.456
  5427.738 106.00113     2.517    -3.393               3.456
  5427.747      70.1     5.910    -3.390
  5427.749     607.0     0.651    -3.099               7.650
  5427.756 106.00112     1.581    -3.654               3.456
  5427.785 106.00112     2.073    -3.699               3.456
  5427.820     607.0     1.681    -3.852               7.650
  5427.826      26.1     6.724    -1.581
  5427.883 106.00112     2.063    -4.940               3.456
  5427.888       6.0     8.771    -2.520
  5427.924 106.00112     2.073    -3.699               3.456
  5427.956 106.00112     2.063    -4.940               3.456
  5427.975      24.0     3.850    -2.195
  5427.979      24.0     3.551    -3.508
  5427.998 106.00112     1.581    -3.654               3.456
  5428.001      27.0     4.064    -2.016
  5428.030 106.00112     2.432    -3.156               3.456
  5428.060 106.00113     2.566    -4.086               3.456
  5428.060 106.00112     2.432    -3.139               3.456
  5428.085     607.0     0.619    -3.570               7.650
  5428.093      15.0     7.404    -1.800
  5428.098 106.00113     1.555    -4.604               3.456
  5428.132     607.0     0.619    -2.977               7.650
  5428.136 106.00112     1.314    -3.810               3.456
  5428.139 106.00112     1.314    -3.840               3.456
  5428.169 106.00112     2.055    -4.958               3.456
  5428.175 106.00113     2.517    -3.408               3.456
  5428.195 106.00112     2.055    -4.958               3.456
  5428.213 106.00113     1.555    -4.604               3.456
  5428.216 106.00112     2.063    -3.843               3.456
  5428.259      58.0     1.163    -0.350
  5428.269 106.00112     0.911    -4.291               3.456
  5428.289 106.00112     2.063    -3.843               3.456
  5428.310     607.0     0.760    -2.723               7.650
  5428.330      15.0     7.404    -2.200
  5428.351 106.00112     0.911    -4.257               3.456
  5428.384 106.00113     2.566    -4.075               3.456
  5428.415      22.0     3.709    -1.779
  5428.416      40.0     2.115    -0.810
  5428.456      58.1     3.687    -2.570
  5428.486     607.0     0.677    -3.858               7.650
  5428.516 106.00112     1.456    -3.465               3.456
  5428.543     607.0     0.677    -2.539               7.650
  5428.578      25.0     5.338    -3.148
  5428.578 106.00112     2.519    -4.032               3.456
  5428.608 106.00113     2.520    -4.032               3.456
  5428.640 106.00112     2.055    -4.102               3.456
  5428.658 106.00112     1.456    -3.427               3.456
  5428.667 106.00112     2.055    -4.102               3.456
  5428.667      16.1    13.584    -0.177
  5428.673 106.00113     1.546    -4.541               3.456
  5428.686      26.1     8.431    -4.334
  5428.687 106.00113     2.520    -4.086               3.456
  5428.695      26.0     4.186    -2.299
  5428.702      24.0     5.486    -3.486
  5428.729 106.00113     1.546    -4.541               3.456
  5428.737      70.1     6.847    -3.250
  5428.758 106.00113     2.441    -3.425               3.456
  5428.766      58.1     1.042    -2.530
  5428.779 106.00113     2.441    -3.409               3.456
  5428.790      56.1     5.983    -2.470
  5428.800     607.0     0.690    -2.539               7.650
  5428.802 106.00112     2.519    -4.086               3.456
  5428.822      58.1     1.676    -3.670
  5428.823      58.1     3.736    -3.120
  5428.845      28.0     3.833    -2.111
  5428.858      22.1     7.866    -3.918
  5428.859     607.0     0.690    -3.874               7.650
  5428.870      23.0     3.286    -3.404
  5428.891      58.1     1.813    -0.860
  5428.906 106.00113     1.555    -3.895               3.456
  5428.941 106.00113     1.315    -3.810               3.456
  5428.943     607.0     0.887    -2.960               7.650
  5428.953      69.1     4.956    -2.260
  5428.991 106.00113     1.555    -3.895               3.456
  5429.041 106.00113     1.315    -3.840               3.456
  5429.083      25.0     3.844    -3.280
  5429.138      22.0     2.345    -0.331
  5429.138      22.0     3.709    -3.149
  5429.141     607.0     1.628    -2.547               7.650
  5429.166     607.0     0.776    -2.729               7.650
  5429.176      24.0     4.416    -2.100
  5429.238     607.0     0.776    -3.675               7.650
  5429.274      23.1     2.050    -4.829
  5429.274 106.00113     1.546    -4.387               3.456
  5429.281      60.0     1.202    -0.060
  5429.298 106.00112     1.566    -3.872               3.456
  5429.320      20.0     5.390    -3.921
  5429.329     607.0     0.897    -4.086               7.650
  5429.330 106.00113     1.546    -4.387               3.456
  5429.371 106.00113     3.438    -4.109               3.456
  5429.404 106.00113     3.438    -4.098               3.456
  5429.416      24.1     6.822    -2.988
  5429.419 106.00113     2.204    -3.604               3.456
  5429.419      21.0     1.985    -0.798
  5429.422      58.0     0.295    -1.280
  5429.439 106.00113     2.204    -3.588               3.456
  5429.457      69.1     4.723    -0.850
  5429.460 106.00112     2.475    -3.139               3.456
  5429.463      23.0     2.582    -1.033
  5429.466 106.00112     2.475    -4.032               3.456
  5429.492 106.00112     1.567    -3.872               3.456
  5429.505      26.0     4.188    -1.016
  5429.569 106.00112     1.566    -4.753               3.456
  5429.697      26.0     0.957    -1.879
  5429.737      69.1     4.988    -3.950
  5429.764 106.00112     1.567    -4.753               3.456
  5429.814      58.1     1.930    -2.830
  5429.832      57.0     0.897    -1.030
  5429.832      24.0     5.487    -3.573
  5429.837      70.1     7.693    -1.000
  5429.842      26.0     4.473    -1.137
  5429.893      24.0     3.551    -3.888
  5429.951      58.1     3.371    -3.590
  5429.987      26.1    10.596     0.430
  5429.997 106.00113     1.278    -4.002               3.456
  5430.053      23.0     1.853    -3.048
  5430.073 106.00113     3.319    -4.126               3.456
  5430.088 106.00112     2.200    -3.960               3.456
  5430.089      58.1     1.274    -2.550
  5430.093     607.0     0.848    -3.302               7.650
  5430.118 106.00113     1.279    -4.002               3.456
  5430.167      24.0     3.551    -4.593
  5430.168      23.0     3.239    -1.440
  5430.248      58.0     0.850    -0.229
  5430.248     607.0     1.681    -3.851               7.650
  5430.277 106.00112     1.567    -3.753               3.456
  5430.357      28.0     3.834    -2.391
  5430.366     607.0     1.681    -2.011               7.650
  5430.433 106.00112     1.567    -3.753               3.456
  5430.471     607.0     0.578    -4.486               7.650
  5430.489      25.1     6.865    -4.150
  5430.513 106.00112     2.517    -3.393               3.456
  5430.522      22.0     3.128    -3.123
  5430.529      58.0     0.646    -0.696
  5430.530      26.0     5.012    -5.015
  5430.545     107.0     3.593    -2.803               3.450
  5430.546      26.0     5.064    -3.547
  5430.560 106.00113     3.319    -4.115               3.456
  5430.566 106.00113     1.547    -4.149               3.456
  5430.601 106.00113     1.547    -4.149               3.456
  5430.610 106.00113     1.423    -3.508               3.456
  5430.646 106.00112     2.566    -4.086               3.456
  5430.653     107.0     3.593    -2.803               3.450
  5430.657 106.00112     2.200    -3.974               3.456
  5430.731 106.00113     2.615    -4.075               3.456
  5430.780      60.1     1.225    -0.751
  5430.867 106.00113     1.279    -4.876               3.456
  5430.870 106.00112     2.566    -4.075               3.456
  5430.920       6.0     8.848    -2.410
  5430.944      27.0     4.572    -4.123
  5430.958 106.00113     1.279    -4.876               3.456
  5430.979 106.00113     1.423    -3.466               3.456
  5430.982 106.00113     2.567    -4.086               3.456
  5431.007      42.0     2.598    -1.744
  5431.017      23.1     2.370    -4.762
  5431.023      27.0     3.409    -1.818
  5431.023 106.00112     2.517    -3.408               3.456
  5431.035      22.0     3.441    -3.426
  5431.047 106.00113     2.567    -4.075               3.456
  5431.059 106.00113     2.615    -4.055               3.456
  5431.082 106.00112     1.555    -4.076               3.456
  5431.089      26.0     4.835    -4.830
  5431.106      27.1     8.423    -2.831
  5431.112      90.0     0.789    -1.949
  5431.132      23.0     4.261    -4.032
  5431.147      23.0     3.278    -4.261
  5431.176      70.1     6.076    -0.980
  5431.190      59.1     1.440    -1.750
  5431.197 106.00112     1.555    -4.076               3.456
  5431.215     607.0     1.066    -4.643               7.650
  5431.242      41.0     0.197    -2.260
  5431.247      23.0     2.583    -3.223
  5431.269      58.1     1.412    -2.110
  5431.274 106.00112     2.520    -4.086               3.456
  5431.289 106.00112     2.520    -4.032               3.456
  5431.298 106.00113     1.279    -3.901               3.456
  5431.389 106.00113     1.279    -3.901               3.456
  5431.402      58.0     0.691    -0.484
  5431.436 106.00112     1.555    -4.604               3.456
  5431.446      24.0     3.556    -2.918
  5431.516      60.1     1.121    -0.470
  5431.525      37.0     1.589    -1.356
  5431.539      26.1     8.341    -2.188
  5431.551 106.00112     1.555    -4.604               3.456
  5431.612     607.0     0.591    -3.916               7.650
  5431.628 106.00112     2.441    -3.409               3.456
  5431.645     607.0     1.628    -3.913               7.650
  5431.646      24.0     3.000    -3.635
  5431.675 106.00113     1.424    -3.508               3.456
  5431.681 106.00112     2.441    -3.425               3.456
  5431.746 106.00112     1.315    -3.810               3.456
  5431.798      20.0     5.832    -3.109
  5431.823      37.0     1.589    -2.301
  5431.837      69.1     4.480    -2.640
  5431.848      26.0     5.067    -2.742
  5431.894 106.00112     3.322    -4.115               3.456
  5431.896      26.0     4.991    -3.648
  5431.900      75.0     4.917     0.250
  5431.944 106.00113     1.424    -3.466               3.456
  5431.944 106.00113     1.333    -3.493               3.456
  5431.946     607.0     1.691    -2.841               7.650
  5431.953      69.1     4.899    -1.230
  5431.988 106.00112     1.315    -3.840               3.456
  5432.037      59.1     0.922    -1.074
  5432.051      29.0     5.523    -1.109
  5432.080      23.0     1.931    -2.987
  5432.094      23.1     2.265    -4.161
  5432.138      58.1     1.581    -2.900
  5432.162 106.00113     1.333    -3.470               3.456
  5432.168 106.00112     1.546    -4.541               3.456
  5432.183      23.0     1.950    -2.750
  5432.199     607.0     0.715    -3.653               7.650
  5432.224 106.00112     1.546    -4.541               3.456
  5432.228     607.0     0.670    -3.095               7.650
  5432.314     607.0     0.641    -2.941               7.650
  5432.319 106.00112     3.484    -2.882               3.456
  5432.334      22.0     2.408    -1.680
  5432.334      24.0     3.422    -2.310
  5432.360      60.1     1.121    -1.130
  5432.369 106.00112     1.555    -3.895               3.456
  5432.427      24.0     5.487    -4.018
  5432.455 106.00112     2.204    -3.588               3.456
  5432.455 106.00112     1.555    -3.895               3.456
  5432.469      22.0     2.578    -2.215
  5432.506      25.0     0.000    -4.377
  5432.510      25.0     0.000    -5.155
  5432.515      58.1     0.902    -2.100
  5432.516 106.00112     2.204    -3.604               3.456
  5432.535      25.0     0.000    -5.155
  5432.537     607.0     0.773    -2.728               7.650
  5432.538      25.0     0.000    -4.640
  5432.541      25.0     0.000    -4.992
  5432.543      25.1     6.185    -3.790
  5432.555      70.1     7.321    -1.260
  5432.561      25.0     0.000    -4.992
  5432.564      25.0     0.000    -4.971
  5432.566      25.0     0.000    -4.987
  5432.573 106.00113     3.484    -2.882               3.456
  5432.580      25.0     0.000    -4.987
  5432.583      25.0     0.000    -5.418
  5432.584      25.0     0.000    -5.089
  5432.587 106.00112     3.322    -4.126               3.456
  5432.594      25.0     0.000    -5.089
  5432.595      25.0     0.000    -6.117
  5432.596      25.0     0.000    -5.351
  5432.601      25.0     0.000    -5.351
  5432.637     607.0     0.773    -4.464               7.650
  5432.670 106.00112     1.546    -4.387               3.456
  5432.725      70.1     5.912     0.140
  5432.726 106.00112     1.546    -4.387               3.456
  5432.793      22.0     3.727    -3.003
  5432.803      58.1     1.876    -2.130
  5432.815      16.1    13.617     0.205
  5432.816      58.1     0.295    -3.880
  5432.831     607.0     0.630    -3.577               7.650
  5432.837     607.0     0.848    -3.294               7.650
  5432.841 106.00112     3.484    -2.871               3.456
  5432.880     607.0     0.630    -2.954               7.650
  5432.889      22.0     2.495    -3.086
  5432.920      58.1     3.689    -1.580
  5432.948      26.0     4.445    -1.170
  5432.967      26.1     3.267    -3.527
  5432.974      21.0     1.986    -1.020
  5433.004      23.0     1.942    -3.944
  5433.060      25.1     6.133    -3.498
  5433.117      26.0     4.473    -1.931
  5433.162     607.0     0.776    -2.710               7.650
  5433.181     607.0     0.690    -3.867               7.650
  5433.219 106.00112     2.615    -4.075               3.456
  5433.240     607.0     0.690    -2.522               7.650
  5433.243      21.0     1.987    -0.765
  5433.251      26.0     4.593    -3.642
  5433.272      21.1     7.136    -3.562
  5433.290 106.00113     3.484    -2.871               3.456
  5433.300      26.0     5.067    -3.432
  5433.305      21.0     3.619    -3.930
  5433.342      58.0     0.384    -0.872
  5433.444 106.00112     2.615    -4.055               3.456
  5433.453      25.0     5.370     0.165
  5433.476 106.00112     1.278    -4.002               3.456
  5433.509      69.1     4.706    -1.430
  5433.535 106.00112     2.567    -4.075               3.456
  5433.553      23.0     3.893    -3.427
  5433.564     607.0     1.586    -2.367               7.650
  5433.571 106.00112     2.567    -4.086               3.456
  5433.571      24.0     4.451    -3.623
  5433.594      62.0     1.697    -0.135
  5433.597 106.00112     1.279    -4.002               3.456
  5433.643      26.0     5.067    -1.499
  5433.651      10.0    18.382    -2.425
  5433.654       6.0     8.771    -3.630
  5433.657      22.0     3.108    -3.349
  5433.689      24.0     3.850    -3.004
  5433.701      90.1     1.378    -2.313
  5433.721      27.0     4.049    -2.065
  5433.745      21.1     4.878    -1.947
  5433.755      24.0     4.855    -3.764
  5433.790     607.0     0.703    -2.522               7.650
  5433.813      62.0     0.101    -1.839
  5433.822      23.0     2.678    -1.885
  5433.827      24.0     4.533    -2.654
  5433.839      20.1     9.235    -1.984
  5433.851     607.0     0.703    -3.882               7.650
  5433.869 106.00113     2.616    -4.075               3.456
  5433.916 106.00113     2.616    -4.055               3.456
  5433.927      58.1     1.320    -1.440
  5433.946      26.1     7.568    -3.577
  5433.969 106.00113     2.665    -4.055               3.456
  5433.969 106.00112     1.423    -3.508               3.456
  5434.034 106.00113     3.554    -3.211               3.456
  5434.039      12.1    11.630    -2.208
  5434.052 106.00112     1.547    -4.149               3.456
  5434.087 106.00112     1.547    -4.149               3.456
  5434.096      23.1     8.983    -3.250
  5434.155      23.0     2.365    -0.442
  5434.179     607.0     1.691    -4.332               7.650
  5434.182      23.0     1.849    -3.548
  5434.206 106.00113     2.444    -3.409               3.456
  5434.218     607.0     0.912    -2.963               7.650
  5434.223 106.00113     1.334    -3.493               3.456
  5434.257     607.0     1.021    -3.551               7.650
  5434.273     607.0     0.792    -2.716               7.650
  5434.274 106.00112     1.423    -3.466               3.456
  5434.279 106.00113     1.334    -3.470               3.456
  5434.306 106.00113     2.665    -4.035               3.456
  5434.331     607.0     1.691    -2.836               7.650
  5434.332     607.0     0.912    -4.253               7.650
  5434.337      22.0     3.179    -1.527
  5434.347     607.0     0.792    -3.683               7.650
  5434.352     607.0     1.521    -4.239               7.650
  5434.392      22.1     7.866    -4.157
  5434.483 106.00112     1.279    -4.876               3.456
  5434.524      26.0     1.010    -2.122
  5434.542 106.00113     3.554    -3.199               3.456
  5434.566      27.0     4.175    -1.620
  5434.575 106.00112     1.279    -4.876               3.456
  5434.578      26.1     8.175    -4.918
  5434.590      23.0     2.316    -4.510
  5434.619 106.00113     2.444    -3.425               3.456
  5434.620     607.0     0.773    -4.462               7.650
  5434.705 106.00113     1.055    -3.930               3.456
  5434.714 106.00112     1.279    -3.901               3.456
  5434.720     607.0     0.773    -2.718               7.650
  5434.744     607.0     0.916    -4.094               7.650
  5434.805 106.00112     1.279    -3.901               3.456
  5434.823      69.1     4.924    -1.140
  5434.866      58.1     2.373    -2.890
  5434.894      69.1     3.379    -1.470
  5434.942     607.0     0.715    -4.953               7.650
  5434.960      66.0     1.599    -1.580
  5434.965      69.1     4.706    -1.460
  5435.026      26.0     5.067    -1.584
  5435.036 106.00112     1.424    -3.508               3.456
  5435.042      74.0     0.207    -2.970
  5435.062     607.0     0.715    -3.647               7.650
  5435.105      58.1     1.348    -1.490
  5435.123      90.1     1.548    -2.066
  5435.151 106.00112     1.333    -3.493               3.456
  5435.170      26.0     4.435    -2.320
  5435.180       8.0    10.740    -1.766
  5435.186       6.0     8.851    -4.810
  5435.191      22.0     3.148    -4.106
  5435.240 106.00112     1.424    -3.466               3.456
  5435.243      26.0     5.064    -2.928
  5435.243      58.1     0.000    -2.000
  5435.269      73.0     1.358    -1.640
  5435.269 106.00112     1.333    -3.470               3.456
  5435.275 106.00113     2.206    -3.588               3.456
  5435.287 106.00113     1.055    -3.930               3.456
  5435.298      70.1     8.055    -1.710
  5435.328 106.00113     1.055    -3.881               3.456
  5435.345      69.1     3.848    -3.930
  5435.346      25.1     6.139    -4.471
  5435.405      23.0     3.933    -3.818
  5435.424      58.1     0.559    -2.760
  5435.439      58.1     1.456    -2.130
  5435.467      23.0     2.684    -3.407
  5435.479 106.00113     2.370    -3.442               3.456
  5435.500 106.00113     2.370    -3.426               3.456
  5435.538      26.0     4.796    -2.868
  5435.594      74.0     2.121    -2.010
  5435.607      58.1     2.373    -1.480
  5435.650      69.0     2.414    -1.360
  5435.662     607.0     0.670    -4.172               7.650
  5435.672      42.0     2.496    -1.362
  5435.674 106.00113     2.207    -3.604               3.456
  5435.694      70.1     5.621    -3.150
  5435.752     607.0     0.670    -3.088               7.650
  5435.780       8.0    10.740    -1.544
  5435.839      22.0     3.551    -0.490
  5435.843 106.00113     1.055    -3.881               3.456
  5435.854      67.0     1.039    -1.284
  5435.855      28.0     1.986    -2.590
  5435.866      21.1     8.344    -3.372
  5435.892      90.1     1.548    -1.446
  5435.934 106.00113     1.816    -4.997               3.456
  5435.943      23.0     3.911    -2.770
  5435.979     607.0     1.761    -3.289               7.650
  5436.036      58.0     0.732    -1.113
  5436.044 106.00113     1.816    -4.997               3.456
  5436.107      58.0     0.691    -0.977
  5436.204      26.0     5.012    -4.402
  5436.205      58.1     0.635    -3.420
  5436.250 106.00113     3.322    -4.115               3.456
  5436.256      24.0     4.411    -1.886
  5436.293      64.0     0.985    -0.851
  5436.295      26.0     4.386    -1.670
  5436.304 106.00112     2.616    -4.055               3.456
  5436.333      62.0     1.912     0.284
  5436.357 106.00112     2.665    -4.055               3.456
  5436.360 106.00112     2.616    -4.075               3.456
  5436.427      69.1     3.422    -2.540
  5436.481 106.00113     2.113    -3.975               3.456
  5436.484 106.00113     2.113    -3.989               3.456
  5436.505 106.00113     3.322    -4.126               3.456
  5436.530      24.0     3.000    -4.048
  5436.564      24.1     6.822    -4.101
  5436.578     607.0     1.586    -3.570               7.650
  5436.588 106.00112     2.665    -4.035               3.456
  5436.596      26.0     2.277    -2.964
  5436.673 106.00113     1.817    -4.765               3.456
  5436.681     607.0     1.021    -3.543               7.650
  5436.686     607.0     1.587    -2.361               7.650
  5436.693      22.0     2.487    -3.789
  5436.717      22.0     0.900    -2.510
  5436.723     607.0     0.600    -3.920               7.650
  5436.729 106.00113     1.394    -3.556               3.456
  5436.753 106.00113     1.817    -4.765               3.456
  5436.844      58.1     1.319    -2.950
  5436.860       8.0    10.741    -1.399
  5436.871      23.1     2.372    -3.209
  5436.872       6.0     8.851    -2.130
  5436.889      27.0     4.049    -3.793
  5436.913      24.0     2.545    -4.316
  5436.935      69.1     4.459    -1.740
  5436.937      20.0     5.321    -4.981
  5436.969       6.0     8.851    -2.920
  5436.996      27.0     4.113    -0.665
  5437.011      24.0     5.487    -3.474
  5437.013      75.0     2.780    -1.460
  5437.051     607.0     0.912    -2.952               7.650
  5437.061 106.00112     2.444    -3.409               3.456
  5437.084      26.0     2.453    -3.684
  5437.086      22.0     3.678    -3.134
  5437.129      25.0     5.542    -3.481
  5437.149 106.00113     1.394    -3.509               3.456
  5437.196      26.0     4.313    -2.891
  5437.256      41.0     0.657    -1.310
  5437.273     607.0     1.827    -4.005               7.650
  5437.321 106.00113     2.667    -4.055               3.456
  5437.353 106.00113     2.666    -4.035               3.456
  5437.388      90.1     1.559    -1.755
  5437.389 106.00112     1.334    -3.470               3.456
  5437.433 106.00112     1.334    -3.493               3.456
  5437.435      69.1     4.856    -3.990
  5437.497     607.0     1.499    -3.893               7.650
  5437.498 106.00112     3.486    -2.871               3.456
  5437.507 106.00112     3.554    -3.211               3.456
  5437.546      57.0     0.897    -1.310
  5437.549 106.00112     2.444    -3.425               3.456
  5437.584     607.0     0.652    -2.920               7.650
  5437.611 106.00113     1.394    -3.556               3.456
  5437.658      23.0     2.374    -0.780
  5437.685      70.1     7.899    -2.220
  5437.696      27.1    11.360    -0.520
  5437.739      42.0     2.081    -1.584
  5437.757     607.0     0.641    -3.585               7.650
  5437.769      24.0     4.389    -1.339
  5437.782 106.00112     3.486    -2.882               3.456
  5437.782      40.0     0.154    -2.750
  5437.785      25.1     6.128    -4.826
  5437.807     607.0     0.641    -2.931               7.650
  5437.815      27.0     4.475    -2.137
  5437.835 106.00113     2.717    -4.035               3.456
  5437.844      22.0     3.583    -1.013
  5437.861     607.0     1.706    -2.011               7.650
  5437.863      58.0     0.773    -0.404
  5437.885      20.0     5.390    -3.408
  5437.942 106.00113     1.395    -3.509               3.456
  5437.948 106.00113     3.486    -2.871               3.456
  5437.983     607.0     1.706    -3.858               7.650
  5437.995      23.1     6.478    -1.929
  5438.021      58.1     3.740    -2.810
  5438.036      26.0     4.593    -2.730
  5438.037 106.00113     3.486    -2.882               3.456
  5438.048 106.00112     3.554    -3.199               3.456
  5438.055     607.0     1.761    -4.878               7.650
  5438.061     607.0     0.703    -3.876               7.650
  5438.122     607.0     0.703    -2.505               7.650
  5438.122 106.00112     1.055    -3.930               3.456
  5438.139      26.0     5.100    -4.050
  5438.167      25.0     2.920    -3.554
  5438.180     607.0     0.792    -2.697               7.650
  5438.187 106.00113     2.717    -4.016               3.456
  5438.224      39.0     1.967     0.240
  5438.229     607.0     1.761    -3.285               7.650
  5438.229      69.1     5.004    -2.870
  5438.239      24.0     5.749    -2.305
  5438.250      69.1     4.956    -3.330
  5438.267      21.0     1.996    -1.044
  5438.297 106.00112     2.206    -3.588               3.456
  5438.304      22.0     1.430    -1.385
  5438.349      58.1     1.092    -2.020
  5438.406     607.0     1.566    -4.662               7.650
  5438.430 106.00112     2.370    -3.426               3.456
  5438.434      58.0     0.028    -1.308
  5438.480 106.00112     2.370    -3.442               3.456
  5438.486      25.0     5.520    -2.992
  5438.646 106.00112     1.055    -3.881               3.456
  5438.658      22.0     3.161    -4.164
  5438.699      23.1     8.995    -3.505
  5438.702     607.0     0.596    -4.493               7.650
  5438.705 106.00112     1.055    -3.930               3.456
  5438.741      72.0     0.000    -2.720
  5438.779 106.00112     2.207    -3.604               3.456
  5438.788      24.1     6.484    -3.553
  5438.894      69.1     2.725    -3.160
  5438.937      58.1     1.796    -1.130
  5438.951     607.0     0.717    -2.505               7.650
  5439.015     607.0     0.717    -3.891               7.650
  5439.030      22.0     1.430    -2.856
  5439.043      21.0     1.985    -0.812
  5439.075 106.00113     3.556    -3.199               3.456
  5439.075      22.0     0.900    -4.535
  5439.161 106.00112     1.055    -3.881               3.456
  5439.176      58.1     1.706    -1.830
  5439.223 106.00113     1.269    -4.111               3.456
  5439.252     607.0     1.828    -4.001               7.650
  5439.276      25.0     2.953    -3.618
  5439.282 106.00113     1.269    -4.111               3.456
  5439.303      23.1     2.268    -2.589
  5439.392 106.00112     1.816    -4.997               3.456
  5439.393      24.0     5.756    -1.767
  5439.415 106.00113     3.556    -3.211               3.456
  5439.435      58.1     1.123    -2.760
  5439.501 106.00112     1.816    -4.997               3.456
  5439.565     607.0     0.808    -2.703               7.650
  5439.575      45.0     1.577    -2.250
  5439.581      69.1     4.469    -3.260
  5439.590 106.00112     2.113    -3.975               3.456
  5439.637 106.00112     2.666    -4.035               3.456
  5439.641     607.0     0.808    -3.691               7.650
  5439.691 106.00112     2.113    -3.989               3.456
  5439.694      69.1     4.481    -3.120
  5439.707      26.1     6.729    -2.382
  5439.711 106.00112     2.667    -4.055               3.456
  5439.712     607.0     1.093    -4.649               7.650
  5439.747      69.1     5.147    -2.290
  5439.877      23.0     1.873    -3.677
  5439.902      26.0     4.796    -2.892
  5439.971      69.1     4.854    -2.940
  5440.049      74.0     2.458    -1.770
  5440.068      26.1     6.729    -2.739
  5440.117      23.0     1.945    -2.661
  5440.120 106.00112     2.717    -4.035               3.456
  5440.143      22.0     3.166    -2.822
  5440.155 106.00112     1.394    -3.556               3.456
  5440.247 106.00112     1.817    -4.765               3.456
  5440.259     607.0     0.875    -3.294               7.650
  5440.305      59.1     0.922    -1.850
  5440.321     607.0     0.936    -4.101               7.650
  5440.327 106.00112     1.817    -4.765               3.456
  5440.360 106.00112     2.717    -4.016               3.456
  5440.386     607.0     1.706    -3.857               7.650
  5440.395     607.0     0.795    -2.718               7.650
  5440.428      40.0     0.604    -2.520
  5440.484     607.0     0.690    -3.084               7.650
  5440.498     607.0     0.795    -4.471               7.650
  5440.509      22.0     1.430    -2.440
  5440.509     607.0     1.706    -2.003               7.650
  5440.517 106.00112     1.394    -3.509               3.456
  5440.528      23.0     1.893    -3.576
  5440.548      70.1     5.771    -1.280
  5440.623 106.00113     1.270    -4.732               3.456
  5440.656      21.1     8.334    -2.146
  5440.662 106.00113     1.270    -4.732               3.456
  5440.688      25.0     6.242    -1.203
  5440.718      21.0     2.320    -1.870
  5440.730 106.00113     2.372    -3.426               3.456
  5440.739 106.00113     1.254    -3.871               3.456
  5440.750      69.0     2.355    -2.070
  5440.789      22.0     3.111    -2.808
  5440.890 106.00113     1.254    -3.840               3.456
  5441.038 106.00112     1.394    -3.556               3.456
  5441.067 106.00113     2.129    -3.621               3.456
  5441.091 106.00113     2.129    -3.605               3.456
  5441.100 106.00113     1.827    -4.589               3.456
  5441.106 106.00113     1.270    -3.959               3.456
  5441.121 106.00113     2.372    -3.442               3.456
  5441.144 106.00113     1.270    -3.959               3.456
  5441.144 106.00113     0.872    -4.322               3.456
  5441.215 106.00112     3.243    -4.137               3.456
  5441.237      60.1     1.529    -0.780
  5441.245 106.00112     3.244    -4.125               3.456
  5441.286 106.00113     1.827    -4.589               3.456
  5441.310 106.00112     1.395    -3.509               3.456
  5441.339      26.0     4.312    -1.860
  5441.346      45.0     3.703    -0.060
  5441.366      26.0     5.086    -4.876
  5441.393 106.00113     2.719    -4.035               3.456
  5441.414 106.00113     2.719    -4.016               3.456
  5441.449 106.00112     2.897    -4.415               3.456
  5441.479 106.00112     2.897    -4.426               3.456
  5441.494      25.1     6.493    -2.865
  5441.544 106.00113     0.872    -4.286               3.456
  5441.577 106.00113     1.827    -4.979               3.456
  5441.630      70.1     7.166    -1.850
  5441.730      58.1     1.828    -0.820
  5441.763 106.00113     1.827    -4.979               3.456
  5441.787      69.1     4.355    -2.840
  5441.823      76.0     2.466    -1.830
  5441.825      26.1     7.684    -4.277
  5441.842      70.1     5.954    -1.970
  5441.861      64.0     1.054    -1.006
  5441.882      24.1     4.143    -4.399
  5441.896      26.0     5.033    -2.434
  5442.017      42.0     2.680    -2.411
  5442.027     607.0     0.609    -3.925               7.650
  5442.077 106.00113     1.828    -4.415               3.456
  5442.131      25.0     5.112    -2.752
  5442.205 106.00113     2.300    -3.460               3.456
  5442.207      58.1     2.250    -1.320
  5442.225 106.00113     1.828    -4.415               3.456
  5442.228 106.00113     2.300    -3.443               3.456
  5442.264      60.1     0.680    -0.979
  5442.300 106.00113     1.368    -3.611               3.456
  5442.359      26.1    10.545    -0.310
  5442.400 106.00113     2.771    -4.016               3.456
  5442.407      24.0     3.422    -1.060
  5442.522 106.00113     0.873    -4.322               3.456
  5442.544      26.1     6.730    -3.349
  5442.557     607.0     0.936    -2.954               7.650
  5442.587 106.00112     3.556    -3.199               3.456
  5442.611      21.0     1.986    -0.719
  5442.619     607.0     0.740    -3.645               7.650
  5442.620 106.00112     3.501    -4.098               3.456
  5442.625 106.00113     1.289    -3.520               3.456
  5442.666      58.1     1.495    -2.050
  5442.673     607.0     0.936    -4.259               7.650
  5442.720      24.0     3.556    -4.596
  5442.732      23.1     6.796    -2.271
  5442.768 106.00113     2.771    -3.998               3.456
  5442.776     607.0     0.795    -4.469               7.650
  5442.777 106.00112     1.269    -4.111               3.456
  5442.785 106.00113     1.368    -3.558               3.456
  5442.806 106.00113     0.873    -4.286               3.456
  5442.833 106.00113     2.063    -4.977               3.456
  5442.836 106.00112     1.269    -4.111               3.456
  5442.854     607.0     0.652    -3.593               7.650
  5442.871 106.00113     1.289    -3.493               3.456
  5442.879     607.0     0.795    -2.709               7.650
  5442.895 106.00112     3.556    -3.211               3.456
  5442.905      26.1     6.730    -4.344
  5442.907     607.0     0.652    -2.910               7.650
  5442.937 106.00113     2.063    -4.977               3.456
  5442.975      26.0     4.559    -2.375