Mn 5149, 5150 +/- 10 with hfs  
  5139.000      22.0     3.179    -3.623
  5139.026      24.1     8.356    -4.818
  5139.124 106.00112     3.397    -3.155               3.456
  5139.153      24.0     5.623    -2.959
  5139.212      24.0     4.186    -3.188
  5139.252      26.0     2.996    -0.741
  5139.255      28.0     3.658    -1.097
  5139.259      22.0     2.506    -2.927
  5139.264 106.00112     2.663    -3.283               3.456
  5139.264      69.1     2.692    -3.590
  5139.312     607.0     0.056    -4.243               7.650
  5139.340 106.00112     1.172    -2.893               3.456
  5139.342     607.0     0.056    -4.659               7.650
  5139.343 106.00112     3.398    -3.166               3.456
  5139.356 106.00113     2.735    -3.269               3.456
  5139.372 106.00112     1.172    -4.909               3.456
  5139.391     607.0     1.415    -4.048               7.650
  5139.420 106.00112     2.743    -3.390               3.456
  5139.420      22.0     3.546    -1.178
  5139.425      22.1     7.721    -4.056
  5139.431      42.0     3.734    -1.543
  5139.454 106.00113     2.735    -3.256               3.456
  5139.463      26.0     2.938    -0.509
  5139.499 106.00112     1.172    -4.883               3.456
  5139.512      23.0     2.365    -2.684
  5139.531 106.00112     2.663    -3.269               3.456
  5139.531 106.00112     1.172    -2.829               3.456
  5139.549       6.0     8.643    -3.320
  5139.599      66.1     0.000    -2.069
  5139.646      24.0     3.422    -0.460
  5139.663 106.00112     2.743    -3.373               3.456
  5139.709     607.0     0.013    -4.502               7.650
  5139.745      21.0     5.385    -3.592
  5139.745     607.0     0.010    -4.558               7.650
  5139.758      23.0     3.255    -3.636
  5139.768      58.0     0.159    -1.122
  5139.803 106.00113     1.916    -3.541               3.456
  5139.811      59.0     0.171    -0.086
  5139.816      21.0     3.057    -2.695
  5139.854     607.0     0.017    -4.451               7.650
  5139.858      21.0     3.057    -2.103
  5139.866 106.00113     2.663    -3.283               3.456
  5139.879 106.00112     1.916    -3.541               3.456
  5139.892      24.0     3.422    -4.573
  5139.901      24.1     6.803    -3.642
  5139.921     607.0     0.007    -4.619               7.650
  5139.927      26.1     8.185    -4.114
  5139.927 106.00113     1.916    -3.557               3.456
  5139.940      22.1     7.738    -4.182
  5139.941     607.0     0.976    -4.177               7.650
  5140.026     607.0     0.976    -3.052               7.650
  5140.104     607.0     0.934    -3.675               7.650
  5140.136      27.1     5.208    -2.950
  5140.156     607.0     0.934    -2.922               7.650
  5140.162      26.0     4.446    -5.094
  5140.187     607.0     0.021    -4.404               7.650
  5140.190     607.0     0.021    -4.253               7.650
  5140.194      26.1     6.219    -4.250
  5140.208     607.0     0.021    -4.935               7.650
  5140.209      58.1     3.184    -3.450
  5140.231 106.00112     1.916    -3.557               3.456
  5140.239 106.00113     2.165    -3.378               3.456
  5140.244     607.0     1.085    -2.696               7.650
  5140.244     607.0     1.086    -2.731               7.650
  5140.272     607.0     0.005    -4.688               7.650
  5140.273      69.1     2.947    -0.643
  5140.282      58.1     2.167    -2.690
  5140.338     607.0     1.085    -4.468               7.650
  5140.342      17.0     9.282    -2.180
  5140.350      58.1     1.666    -1.920
  5140.376 106.00113     2.663    -3.269               3.456
  5140.408 106.00113     2.165    -3.362               3.456
  5140.408      70.1     5.581    -2.570
  5140.429 106.00112     2.165    -3.362               3.456
  5140.477 106.00112     2.165    -3.378               3.456
  5140.507      58.0     0.302    -0.606
  5140.539     607.0     0.010    -4.851               7.650
  5140.566      26.0     4.584    -3.595
  5140.575      41.0     1.574    -1.300
  5140.592     607.0     1.243    -3.785               7.650
  5140.597      69.1     4.860    -1.550
  5140.599      24.0     5.623    -1.645
  5140.612 106.00113     2.745    -3.373               3.456
  5140.679     607.0     0.026    -4.362               7.650
  5140.764     607.0     1.083    -4.121               7.650
  5140.765 106.00113     2.745    -3.390               3.456
  5140.774      90.0     0.789    -1.592
  5140.782      58.1     3.913    -2.490
  5140.820     607.0     0.003    -4.764               7.650
  5140.830      64.1     1.575    -0.840
  5140.844      69.1     4.847    -2.130
  5140.960      58.1     1.581    -3.560
  5140.974 106.00112     1.055    -3.465               3.456
  5140.990 106.00112     1.055    -4.803               3.456
  5141.011      27.0     4.395    -3.623
  5141.041     607.0     0.064    -4.210               7.650
  5141.053 106.00113     1.720    -3.960               3.456
  5141.072     607.0     0.064    -4.664               7.650
  5141.095      69.1     4.324    -1.760
  5141.124     607.0     1.362    -4.635               7.650
  5141.196 106.00113     3.094    -2.886               3.456
  5141.201      27.0     2.700    -4.715
  5141.213      42.0     3.247    -1.642
  5141.214 106.00112     1.720    -3.944               3.456
  5141.228 106.00113     1.720    -3.944               3.456
  5141.268       6.0     8.643    -3.630
  5141.277     607.0     1.205    -2.933               7.650
  5141.279      42.0     3.438    -1.522
  5141.291 106.00112     1.720    -3.960               3.456
  5141.297      22.0     3.409    -3.485
  5141.317     607.0     1.415    -4.042               7.650
  5141.339     607.0     0.031    -4.322               7.650
  5141.407 106.00112     1.055    -3.373               3.456
  5141.447     607.0     0.948    -2.913               7.650
  5141.456     607.0     0.897    -4.499               7.650
  5141.495      64.0     0.927    -0.630
  5141.522     607.0     0.001    -4.850               7.650
  5141.537 106.00113     3.094    -2.873               3.456
  5141.556      26.0     3.695    -3.918
  5141.558      58.1     1.058    -2.380
  5141.562      33.0     6.399     0.400
  5141.587      70.1     7.211    -1.440
  5141.616      73.0     0.752    -1.760
  5141.622 106.00112     3.471    -3.156               3.456
  5141.737      58.1     1.206    -1.810
  5141.739      26.0     2.424    -2.094
  5141.771      24.0     5.624    -2.548
  5141.783      18.1    18.732    -0.590
  5141.793      27.0     2.787    -4.858
  5141.838 106.00112     2.543    -3.561               3.456
  5141.921      58.1     4.044    -2.050
  5141.928 106.00112     2.543    -3.573               3.456
  5141.941     607.0     0.026    -4.196               7.650
  5141.961     607.0     0.026    -4.923               7.650
  5141.972      20.0     5.181    -3.961
  5142.002 106.00113     2.543    -3.573               3.456
  5142.121 106.00112     3.471    -3.145               3.456
  5142.132 106.00113     2.543    -3.561               3.456
  5142.168     607.0     0.037    -4.285               7.650
  5142.212      58.1     2.250    -0.920
  5142.232      58.1     1.412    -3.820
  5142.234     607.0     1.005    -3.968               7.650
  5142.236      42.0     1.470    -3.212
  5142.261      24.0     2.709    -1.909
  5142.287      70.1     6.076    -0.910
  5142.295     607.0     1.005    -2.514               7.650
  5142.298      69.1     4.364    -0.360
  5142.341      16.1    13.148    -1.004
  5142.342      27.1    11.252    -0.140
  5142.372      58.1     0.960    -2.390
  5142.388     607.0     0.000    -4.946               7.650
  5142.421     607.0     1.244    -3.779               7.650
  5142.431      25.0     4.794    -3.303
  5142.446      26.0     4.559    -1.580
  5142.468      27.0     4.049    -0.927
  5142.486      24.1     6.282    -2.221
  5142.494      26.0     4.301    -0.869
  5142.541      26.0     4.256    -0.447
  5142.558     607.0     1.104    -2.735               7.650
  5142.630     607.0     1.104    -3.770               7.650
  5142.640      22.0     3.104    -2.291
  5142.686      64.0     0.921    -0.637
  5142.712     607.0     1.085    -4.466               7.650
  5142.762 106.00113     3.398    -3.166               3.456
  5142.767      44.0     1.063    -1.640
  5142.768     607.0     0.013    -4.760               7.650
  5142.775      28.0     3.706    -0.231
  5142.806     607.0     1.085    -2.687               7.650
  5142.816      47.1    15.569     0.170
  5142.853      26.0     5.010    -3.436
  5142.873 106.00113     3.397    -3.155               3.456
  5142.880      69.0     2.449    -0.460
  5142.888     607.0     1.039    -3.442               7.650
  5142.895     607.0     0.072    -4.180               7.650
  5142.920      25.0     5.411    -2.711
  5142.926      28.0     3.699    -0.732
  5142.928     607.0     0.072    -4.669               7.650
  5142.929      26.0     0.958    -3.210
  5143.000      24.1     8.273    -1.701
  5143.079      25.0     5.112    -2.413
  5143.143      58.1     1.748    -1.470
  5143.157     607.0     0.043    -4.251               7.650
  5143.267      90.1     0.231    -1.933
  5143.267      58.1     3.914    -2.820
  5143.319      69.1     4.162    -1.760
  5143.337      60.1     0.182    -1.570
  5143.391      26.1     8.341    -4.158
  5143.452 106.00112     2.745    -3.373               3.456
  5143.490       6.1    20.704    -0.212
  5143.557      58.1     1.279    -1.710
  5143.569      23.0     2.578    -4.748
  5143.587 106.00112     2.745    -3.390               3.456
  5143.631      26.0     3.984    -4.932
  5143.674      22.0     3.104    -2.735
  5143.690      73.0     1.147    -1.590
  5143.723      26.0     2.198    -3.920
  5143.772 106.00112     3.094    -2.886               3.456
  5143.775      42.0     2.918    -2.429
  5143.796      58.1     0.735    -2.470
  5143.806      58.1     1.696    -3.330
  5143.807     607.0     0.031    -4.144               7.650
  5143.829     607.0     0.031    -4.916               7.650
  5143.833      58.1     1.582    -1.800
  5143.846      24.1     6.805    -2.742
  5143.865     607.0     1.326    -3.351               7.650
  5143.874      26.1    10.448    -0.200
  5143.889      28.0     3.847    -1.949
  5143.908      27.1    11.422    -0.050
  5143.916      90.0     1.291    -1.096
  5143.989      27.0     3.530    -2.718
  5143.996     607.0     1.326    -4.826               7.650
  5144.000 106.00112     2.665    -3.269               3.456
  5144.098      29.0     5.395    -0.780
  5144.127     607.0     0.898    -4.008               7.650
  5144.127 106.00112     3.094    -2.873               3.456
  5144.140 106.00112     2.666    -3.283               3.456
  5144.201     607.0     1.020    -2.514               7.650
  5144.220      69.1     3.824    -0.590
  5144.264     607.0     1.020    -3.981               7.650
  5144.321     607.0     0.049    -4.219               7.650
  5144.351      26.1    10.467     0.310
  5144.370      58.1     3.860    -3.100
  5144.378     607.0     0.001    -4.865               7.650
  5144.385      26.0     4.638    -4.512
  5144.400      24.1     4.012    -3.979
  5144.468 106.00113     2.167    -3.362               3.456
  5144.490 106.00112     2.167    -3.362               3.456
  5144.501      26.0     3.960    -4.783
  5144.504     607.0     0.003    -4.999               7.650
  5144.511      27.1     8.078    -4.212
  5144.511     607.0     0.003    -4.702               7.650
  5144.533      24.0     3.092    -3.721
  5144.534      22.0     3.583    -1.537
  5144.603 106.00113     2.167    -3.378               3.456
  5144.668      24.0     2.710    -1.396
  5144.670 106.00112     2.856    -3.132               3.456
  5144.707      70.1     5.169    -3.780
  5144.718       6.0     8.643    -3.210
  5144.744 106.00113     2.666    -3.283               3.456
  5144.773      21.0     3.172    -3.791
  5144.784     607.0     0.005    -4.962               7.650
  5144.793     607.0     0.005    -4.579               7.650
  5144.842 106.00112     2.167    -3.378               3.456
  5144.844      58.1     0.969    -3.410
  5144.847 106.00113     2.665    -3.269               3.456
  5144.900      22.1     7.738    -4.324
  5144.925     607.0     0.080    -4.152               7.650
  5144.960     607.0     0.080    -4.675               7.650
  5145.019      24.1     6.805    -2.945
  5145.038      90.1     0.909    -2.341
  5145.039      14.0     4.930    -3.271
  5145.047      69.1     4.914    -2.690
  5145.083      92.1     0.779    -1.615
  5145.089     607.0     0.017    -4.681               7.650
  5145.094      26.0     2.198    -3.006
  5145.138      20.0     5.049    -3.020
  5145.141 106.00113     3.545    -2.537               3.456
  5145.156      58.1     1.103    -1.040
  5145.160       6.1    20.710     0.189
  5145.201      14.0     4.930    -3.716
  5145.216     607.0     1.039    -4.769               7.650
  5145.242 106.00112     2.856    -3.143               3.456
  5145.263      23.1     6.664    -4.402
  5145.266     607.0     0.007    -4.934               7.650
  5145.273 106.00113     2.856    -3.132               3.456
  5145.276     607.0     0.007    -4.479               7.650
  5145.308      18.1    17.140    -0.598
  5145.328     607.0     1.039    -3.436               7.650
  5145.374 106.00113     3.471    -3.156               3.456
  5145.378      42.0     2.555    -0.982
  5145.416      57.0     0.373    -0.440
  5145.460      22.0     1.460    -0.574
  5145.525      27.0     4.058    -0.834
  5145.562      76.0     2.344    -1.740
  5145.571     607.0     0.948    -3.683               7.650
  5145.623     607.0     0.056    -4.189               7.650
  5145.625     607.0     0.948    -2.904               7.650
  5145.634 106.00113     2.856    -3.143               3.456
  5145.642 106.00113     3.545    -2.527               3.456
  5145.679      22.1     5.423    -1.180
  5145.724      27.0     4.475    -3.261
  5145.741      24.0     3.113    -3.176
  5145.748     607.0     1.104    -2.719               7.650
  5145.750      74.0     2.602    -0.880
  5145.822      26.1    10.413    -0.140
  5145.824     607.0     0.037    -4.097               7.650
  5145.833     607.0     0.997    -3.049               7.650
  5145.836      58.1     0.808    -1.550
  5145.848     607.0     0.037    -4.912               7.650
  5145.853      23.0     1.942    -3.038
  5145.854      26.0     4.549    -4.017
  5145.861 106.00112     2.596    -3.296               3.456
  5145.897     607.0     0.010    -4.913               7.650
  5145.909     607.0     0.010    -4.395               7.650
  5145.973      23.0     1.804    -4.409
  5145.978     607.0     1.326    -3.343               7.650
  5146.034 106.00112     1.723    -3.944               3.456
  5146.047 106.00113     1.723    -3.944               3.456
  5146.060      69.1     4.723    -1.140
  5146.116 106.00112     2.596    -3.282               3.456
  5146.127      26.1     2.828    -4.079
  5146.158      27.0     3.279    -4.615
  5146.161      27.0     1.740    -3.660
  5146.187 106.00113     1.723    -3.960               3.456
  5146.219 106.00113     3.471    -3.145               3.456
  5146.232 106.00113     2.596    -3.296               3.456
  5146.307      26.0     4.371    -2.160
  5146.311      69.1     4.254    -2.460
  5146.312      24.1     5.670    -4.982
  5146.314      21.0     5.321    -3.031
  5146.362      23.0     3.872    -3.946
  5146.426 106.00112     1.723    -3.960               3.456
  5146.437      20.0     4.735    -2.071
  5146.460      27.1     3.485    -4.881
  5146.480      28.0     3.706    -0.060
  5146.536      58.1     4.142    -2.130
  5146.582      23.1     3.758    -3.468
  5146.606 106.00113     3.096    -2.873               3.456
  5146.654      27.0     4.146    -4.412
  5146.696      42.0     3.395    -1.554
  5146.711     607.0     0.013    -4.897               7.650
  5146.720 106.00113     2.596    -3.282               3.456
  5146.725     607.0     0.013    -4.321               7.650
  5146.740      27.0     3.568    -0.320
  5146.767      21.0     4.191    -3.023
  5146.834 106.00113     3.096    -2.886               3.456
  5146.910      58.1     1.319    -1.350
  5146.915      26.1     9.757    -4.292
  5146.980      66.0     1.251    -1.590
  5146.998      27.0     4.058    -1.286
  5147.021      70.1     4.754    -0.940
  5147.038      21.1     8.244    -3.533
  5147.038      21.1     8.244    -3.283
  5147.053     607.0     0.961    -2.895               7.650
  5147.083 106.00112     3.547    -2.472               3.456
  5147.091      21.0     2.146     0.147
  5147.092     607.0     0.089    -4.125               7.650
  5147.104     607.0     1.230    -2.935               7.650
  5147.113     607.0     0.064    -4.160               7.650
  5147.129     607.0     0.089    -4.682               7.650
  5147.136 106.00112     3.474    -3.145               3.456
  5147.210     607.0     1.230    -4.254               7.650
  5147.242      44.0     1.002    -1.470
  5147.260 106.00113     3.547    -2.472               3.456
  5147.358 106.00112     3.474    -3.156               3.456
  5147.383      42.0     2.291    -1.391
  5147.402      24.0     3.435    -2.589
  5147.414 106.00112     3.545    -2.537               3.456
  5147.427      24.1     8.667    -3.891
  5147.459      59.0     0.171    -0.640
  5147.475      23.0     2.122    -2.760
  5147.477      22.0     0.000    -1.890
  5147.539      41.0     1.895    -0.980
  5147.565      58.1     1.279    -0.380
  5147.588     607.0     0.021    -4.612               7.650
  5147.594 106.00112     3.547    -2.462               3.456
  5147.623      73.0     1.394    -1.680
  5147.676      26.0     4.956    -2.457
  5147.697     607.0     0.017    -4.887               7.650
  5147.700      69.0     2.102    -1.400
  5147.703     607.0     1.020    -3.977               7.650
  5147.713     607.0     0.017    -4.256               7.650
  5147.752      27.1    11.471     0.210
  5147.761      22.0     3.569    -1.306
  5147.764 106.00113     1.208    -4.899               3.456
  5147.767     607.0     1.020    -2.500               7.650
  5147.848      58.1     1.694    -3.470
  5147.902 106.00113     3.547    -2.462               3.456
  5147.915 106.00112     3.545    -2.527               3.456
  5147.922      58.1     1.482    -1.270
  5147.976     607.0     0.043    -4.054               7.650
  5148.002     607.0     0.043    -4.910               7.650
  5148.028      58.1     1.404    -2.250
  5148.040      27.1     5.467    -4.005
  5148.043      26.0     4.283    -0.833
  5148.087      20.0     4.739    -2.167
  5148.135 106.00113     1.208    -2.829               3.456
  5148.182      69.1     4.235    -3.100
  5148.194      58.1     0.737    -2.440
  5148.212      20.0     4.735    -1.899
  5148.212      90.1     1.890    -0.673
  5148.229      26.0     4.256    -0.373
  5148.229      58.1     2.167    -0.900
  5148.252 106.00113     1.080    -3.387               3.456
  5148.277     607.0     1.122    -2.724               7.650
  5148.287      58.1     1.706    -2.540
  5148.294 106.00113     1.208    -2.767               3.456
  5148.302      22.0     2.778    -3.544
  5148.351     607.0     1.122    -3.778               7.650
  5148.382       6.0     8.647    -3.190
  5148.395      23.0     2.295    -2.111
  5148.405      58.1     0.876    -2.510
  5148.430      42.0     3.501    -1.193
  5148.524     607.0     1.108    -2.687               7.650
  5148.525     607.0     0.005    -4.902               7.650
  5148.546      58.1     1.365    -0.880
  5148.546 106.00113     1.080    -4.839               3.456
  5148.586 106.00113     1.080    -3.303               3.456
  5148.588      24.1     8.634    -1.950
  5148.599      23.1     6.901    -2.759
  5148.612      23.1     3.758    -4.186
  5148.621     607.0     1.108    -4.474               7.650
  5148.662      28.0     3.679    -1.840
  5148.665 106.00113     1.208    -4.926               3.456
  5148.702      27.0     4.146    -2.885
  5148.705      23.0     2.256    -0.345
  5148.721      58.1     0.737    -3.600
  5148.755      73.0     2.155    -1.460
  5148.759     607.0     0.072    -4.134               7.650
  5148.760     607.0     0.997    -4.184               7.650
  5148.838      11.0     2.102    -2.044
  5148.847     607.0     0.997    -3.042               7.650
  5148.849     607.0     0.021    -4.880               7.650
  5148.867     607.0     0.021    -4.198               7.650
  5148.899      26.1    10.413    -0.420
  5148.917 106.00112     2.547    -3.561               3.456
  5148.932      58.1     0.587    -3.300
  5148.933      27.1     8.372    -3.666
  5149.006      26.1     8.307    -4.310
  5149.077      22.0     3.424    -3.548
  5149.090      27.0     4.049    -0.703
  5149.130      25.0     3.134    -3.456
  5149.130      25.0     3.134    -3.194
  5149.133      25.0     3.134    -3.092
  5149.136      25.0     3.134    -4.222
  5149.138      25.0     3.134    -3.456
  5149.138      25.0     3.134    -3.097
  5149.141      25.0     3.134    -3.523
  5149.146      25.0     3.134    -3.194
  5149.146      25.0     3.134    -3.260
  5149.149      25.0     3.134    -3.076
  5149.153      69.1     3.766    -2.550
  5149.157      25.0     3.134    -3.092
  5149.159      25.0     3.134    -2.745
  5149.170      25.0     3.134    -3.097
  5149.172      25.0     3.134    -2.482
  5149.186      25.0     3.134    -3.260
  5149.201 106.00112     3.096    -2.873               3.456
  5149.212 106.00113     2.547    -3.561               3.456
  5149.331      22.0     1.053    -4.257
  5149.365      64.1     1.621    -1.610
  5149.391      69.1     2.951    -0.381
  5149.407     607.0     0.098    -4.100               7.650
  5149.416 106.00112     3.096    -2.886               3.456
  5149.446     607.0     0.098    -4.689               7.650
  5149.462      26.1    10.448     0.550
  5149.463      15.0     6.936    -1.970
  5149.479      69.1     4.355    -2.330
  5149.481      24.0     3.122    -2.739
  5149.490 106.00112     2.547    -3.573               3.456
  5149.503      26.0     3.943    -3.348
  5149.532      69.1     4.081    -0.330
  5149.547      60.0     0.140    -0.481
  5149.564 106.00113     2.547    -3.573               3.456
  5149.575 106.00112     2.768    -3.144               3.456
  5149.580      22.1     7.721    -3.583
  5149.583     607.0     1.230    -2.925               7.650
  5149.617 106.00112     2.768    -3.155               3.456
  5149.652      58.1     1.456    -1.860
  5149.657      69.1     4.041    -2.850
  5149.658      58.0     0.206    -0.543
  5149.677     607.0     1.390    -4.640               7.650
  5149.692      69.1     3.295    -3.150
  5149.729      70.1     7.080    -2.670
  5149.737      76.0     1.908    -1.400
  5149.739      24.1     6.822    -2.069
  5149.779      27.0     1.740    -2.760
  5149.803     607.0     0.916    -4.506               7.650
  5149.806 106.00113     2.768    -3.155               3.456
  5149.816      24.0     3.079    -3.419
  5149.825     607.0     0.007    -4.828               7.650
  5149.828      64.1     1.598    -1.400
  5149.835     607.0     0.007    -4.984               7.650
  5149.875      27.1     8.010    -4.439
  5149.875     607.0     0.910    -4.015               7.650
  5149.923     607.0     1.036    -2.500               7.650
  5149.928      23.0     2.581    -4.056
  5149.933      26.1     7.727    -4.651
  5149.968 106.00113     2.768    -3.144               3.456
  5149.988     607.0     1.036    -3.989               7.650
  5149.999      27.1     8.081    -4.288
  5150.000      58.1     1.528    -1.950
  5150.063      23.1     8.790    -4.237
  5150.078      69.1     4.692    -2.190
  5150.105       6.0     8.647    -3.710
  5150.122      26.0     3.071    -4.527
  5150.148      24.0     5.262    -1.433
  5150.167     607.0     0.026    -4.876               7.650
  5150.170      24.0     3.449    -1.539
  5150.187     607.0     0.026    -4.146               7.650
  5150.188     607.0     0.026    -4.550               7.650
  5150.190      21.0     2.139    -0.375
  5150.197      26.0     3.573    -2.564
  5150.201      25.1     5.993    -3.299
  5150.273      26.0     5.010    -4.724
  5150.287     607.0     0.049    -4.014               7.650
  5150.289 106.00113     1.381    -2.870               3.456
  5150.313     607.0     0.049    -4.910               7.650
  5150.365     607.0     1.010    -3.694               7.650
  5150.383      24.0     3.087    -3.532
  5150.394      58.1     3.550    -1.960
  5150.395      25.0     5.415    -3.258
  5150.396      58.0     0.274    -0.476
  5150.400      69.0     2.414    -1.900
  5150.414      22.0     3.305    -2.863
  5150.440 106.00112     2.598    -3.282               3.456
  5150.444     607.0     1.014    -3.682               7.650
  5150.451      27.0     4.395    -3.296
  5150.451     607.0     1.006    -3.710               7.650
  5150.481      26.1    10.448    -0.080
  5150.488      25.1     6.005    -3.036
  5150.529     607.0     1.114    -4.120               7.650
  5150.562     607.0     0.080    -4.109               7.650
  5150.570 106.00112     2.598    -3.296               3.456
  5150.574      20.0     5.300    -4.593
  5150.609      22.0     2.250    -1.705
  5150.620      58.1     1.042    -2.090
  5150.623      41.0     1.395    -1.770
  5150.648     607.0     1.018    -3.674               7.650
  5150.660      20.1     9.235    -1.995
  5150.676      27.1    11.252     0.230
  5150.681      22.0     3.551    -1.439
  5150.689     607.0     1.003    -3.733               7.650
  5150.764 106.00113     1.381    -2.912               3.456
  5150.800      60.1     0.742    -1.750
  5150.840      26.0     0.989    -3.037
  5150.860      58.1     1.042    -1.590
  5150.894      73.0     1.908    -1.700
  5150.905      25.0     3.135    -3.334
  5150.905      25.0     3.135    -3.255
  5150.906      25.0     3.135    -3.380
  5150.908      25.0     3.135    -3.732
  5150.911      25.0     3.135    -2.556
  5150.913      25.0     3.135    -2.586
  5150.913      25.0     3.135    -2.380
  5150.917      25.0     3.135    -2.313
  5150.918      25.0     3.135    -2.301
  5150.921      25.0     3.135    -2.339
  5150.925      25.0     3.135    -2.079
  5150.928      25.0     3.135    -2.515
  5150.932      25.0     3.135    -1.895
  5150.941      25.0     3.135    -1.737
  5150.941      26.1     2.856    -4.483
  5150.941 106.00113     2.598    -3.296               3.456
  5150.950     607.0     1.108    -4.472               7.650
  5150.952      69.1     4.847    -2.640
  5150.962      20.0     4.780    -2.988
  5150.978      26.0     5.305    -4.386
  5151.008     607.0     1.023    -3.669               7.650
  5151.010      21.1     8.240    -3.856
  5151.010 106.00113     1.381    -4.970               3.456
  5151.045 106.00113     2.598    -3.282               3.456
  5151.047     607.0     1.108    -2.678               7.650
  5151.066      44.0     1.123    -1.630
  5151.071     607.0     1.000    -3.765               7.650
  5151.090       6.1    20.710    -0.179
  5151.119 106.00113     3.474    -3.156               3.456
  5151.137      69.1     2.508    -2.940
  5151.156     607.0     0.961    -3.692               7.650
  5151.213     607.0     0.961    -2.887               7.650
  5151.241 106.00113     3.474    -3.145               3.456
  5151.242      26.0     4.991    -4.111
  5151.247      24.1     8.718    -4.855
  5151.256      70.1     5.724    -2.880
  5151.278     607.0     0.010    -4.776               7.650
  5151.281      58.1     1.107    -2.840
  5151.291     607.0     0.010    -4.864               7.650
  5151.349      26.1     9.112    -1.871
  5151.391      18.0    12.907    -2.022
  5151.436     607.0     1.450    -4.043               7.650
  5151.455     607.0     1.122    -2.708               7.650
  5151.512      23.0     2.115    -2.517
  5151.517      25.1     7.760    -3.681
  5151.522     607.0     1.029    -3.667               7.650
  5151.595     607.0     0.998    -3.807               7.650
  5151.612      90.0     0.457    -1.603
  5151.653 106.00113     3.548    -2.527               3.456
  5151.655      24.0     3.551    -2.738
  5151.672     607.0     0.031    -4.875               7.650
  5151.681      26.0     4.294    -4.154
  5151.693     607.0     0.031    -4.099               7.650
  5151.762      24.0     3.449    -3.716
  5151.826      24.0     1.004    -3.937
  5151.828 106.00112     3.547    -3.146               3.456
  5151.841      23.1     3.759    -2.542
  5151.859      90.1     0.510    -2.737
  5151.871     607.0     0.108    -4.076               7.650
  5151.876 106.00113     3.548    -2.537               3.456
  5151.876      69.1     4.373    -1.560
  5151.911      26.0     1.010    -3.322
  5151.912     607.0     0.108    -4.697               7.650
  5151.958      24.1     6.803    -2.782
  5151.967      22.0     3.559    -1.268
  5151.976      69.1     3.764    -2.710
  5152.007      22.0     3.108    -3.537
  5152.017      76.0     4.565     0.050
  5152.024      24.1     8.348    -4.847
  5152.067      20.0     5.018    -4.155
  5152.184      22.0     0.021    -1.900
  5152.196     607.0     1.034    -3.667               7.650
  5152.234      23.0     1.945    -2.567
  5152.252      69.1     5.004    -1.650
  5152.263     607.0     0.996    -3.866               7.650
  5152.295      59.1     0.055    -1.287
  5152.297      69.1     4.946    -2.170
  5152.345      70.1     5.771    -0.720
  5152.354 106.00112     3.547    -3.136               3.456
  5152.379      58.1     1.244    -3.380
  5152.468      22.0     2.267    -3.504
  5152.528     607.0     0.089    -4.085               7.650
  5152.536      26.0     5.100    -3.416
  5152.538     607.0     1.277    -3.779               7.650
  5152.542 106.00112     3.550    -2.462               3.456
  5152.567      22.0     3.186    -4.157
  5152.590      27.1    11.241    -0.560
  5152.620      60.1     0.986    -1.540
  5152.622      41.0     1.121    -1.750
  5152.651     607.0     1.114    -4.115               7.650
  5152.693      27.1    11.245    -0.570
  5152.741     607.0     0.056    -3.977               7.650
  5152.759      27.1    11.486    -0.430
  5152.771     607.0     0.056    -4.912               7.650
  5152.774       6.0     8.640    -4.020
  5152.779      23.0     3.116    -0.709
  5152.784 106.00112     3.550    -2.472               3.456
  5152.850 106.00113     3.550    -2.462               3.456
  5152.871      58.1     1.613    -2.010
  5152.905      24.0     4.389    -1.533
  5152.905     607.0     0.031    -4.495               7.650
  5152.925      21.0     3.189    -3.217
  5152.929     607.0     0.975    -2.879               7.650
  5152.932     607.0     0.013    -4.738               7.650
  5152.946     607.0     0.013    -4.766               7.650
  5152.962 106.00113     3.550    -2.472               3.456
  5152.970      24.1     8.692    -2.920
  5152.978      22.0     2.495    -4.836
  5152.983 106.00113     1.846    -3.573               3.456
  5153.011     607.0     1.041    -3.668               7.650
  5153.025      69.1     4.355    -2.110
  5153.052      24.1     6.822    -3.444
  5153.073     607.0     0.995    -3.949               7.650
  5153.108 106.00112     1.208    -2.829               3.456
  5153.115      70.1     6.660    -2.630
  5153.142 106.00112     1.208    -4.926               3.456
  5153.164 106.00113     1.846    -3.556               3.456
  5153.196 106.00112     2.529    -3.310               3.456
  5153.209      44.0     1.461    -2.110
  5153.217     607.0     1.066    -3.434               7.650
  5153.230      29.0     3.786     0.217
  5153.233 106.00112     1.208    -4.899               3.456
  5153.238       6.0     8.647    -2.600
  5153.267 106.00112     1.208    -2.767               3.456
  5153.299 106.00113     2.805    -3.371               3.456
  5153.310      23.1     5.537    -3.974
  5153.325     607.0     0.037    -4.876               7.650
  5153.335     607.0     1.450    -4.036               7.650
  5153.338     607.0     1.036    -3.985               7.650
  5153.344 106.00113     2.529    -3.310               3.456
  5153.349     607.0     0.037    -4.055               7.650
  5153.366      42.0     2.523    -2.555
  5153.398      21.0     4.186    -2.667
  5153.398      21.0     4.186    -1.531
  5153.402      11.0     2.104    -1.743
  5153.403     607.0     1.036    -2.487               7.650
  5153.424      73.0     0.491    -2.290
  5153.440 106.00112     2.529    -3.295               3.456
  5153.467      23.0     1.869    -1.949
  5153.469 106.00112     1.846    -3.556               3.456
  5153.471      69.1     4.736    -2.480
  5153.482 106.00112     1.080    -3.387               3.456
  5153.498      24.1     3.758    -2.500
  5153.501 106.00112     1.080    -4.839               3.456
  5153.512 106.00112     1.846    -3.573               3.456
  5153.512 106.00113     2.100    -3.394               3.456
  5153.520      92.1     1.086    -2.053
  5153.522      58.1     1.274    -3.570
  5153.527      20.0     4.739    -1.533
  5153.533 106.00113     2.805    -3.355               3.456
  5153.567       6.0     8.647    -4.570
  5153.661      15.0     6.954    -2.400
  5153.679 106.00113     2.100    -3.377               3.456
  5153.723      58.1     1.639    -2.900
  5153.812 106.00113     2.529    -3.295               3.456
  5153.857      27.0     4.149    -1.652
  5153.865 106.00112     1.080    -3.303               3.456
  5153.868      70.1     7.251    -2.150
  5153.902      27.0     4.209    -1.910
  5153.903      58.0     0.786    -0.337
  5153.912      22.0     3.186    -2.716
  5153.916      24.0     5.623    -2.927
  5153.918 106.00112     2.100    -3.377               3.456
  5153.932 106.00112     3.548    -2.527               3.456
  5153.963 106.00112     2.100    -3.394               3.456
  5153.988      58.0     0.521    -0.502
  5153.991     607.0     1.047    -3.671               7.650
  5154.025     607.0     0.994    -4.075               7.650
  5154.048      92.1     0.285    -2.522
  5154.059      27.0     3.952    -0.597
  5154.068      22.1     1.566    -1.750
  5154.101      26.0     3.879    -1.712
  5154.105      27.1    11.245     0.240
  5154.105      27.1    11.486    -0.050
  5154.155 106.00112     3.548    -2.537               3.456
  5154.184     607.0     1.140    -2.712               7.650
  5154.200      62.1     1.493    -0.690
  5154.243      90.0     0.966    -1.100
  5154.260     607.0     1.018    -3.039               7.650
  5154.260     607.0     1.140    -3.785               7.650
  5154.285       6.0     8.640    -2.627
  5154.287     607.0     1.357    -3.344               7.650
  5154.304      25.1     6.177    -4.003
  5154.370     607.0     1.277    -3.773               7.650
  5154.398      58.1     0.435    -3.640
  5154.402      58.1     0.812    -0.990
  5154.409      26.1     2.844    -4.269
  5154.420     607.0     1.357    -4.831               7.650
  5154.466     607.0     0.118    -4.053               7.650
  5154.488      58.1     1.194    -2.510
  5154.509     607.0     0.118    -4.705               7.650
  5154.567      69.1     4.435    -3.100
  5154.591      24.0     5.244    -1.515
  5154.601      26.1     7.717    -4.662
  5154.659     607.0     0.098    -4.062               7.650
  5154.760     607.0     0.017    -4.711               7.650
  5154.776     607.0     0.017    -4.682               7.650
  5154.835      27.1     8.993    -4.402
  5154.838      27.0     4.149    -1.611
  5154.842      15.0     6.954    -1.430
  5154.904      24.0     4.440    -1.740
  5154.999      22.0     3.186    -3.982
  5155.011 106.00112     1.381    -2.912               3.456
  5155.037      62.1     1.076    -0.600
  5155.064      58.1     2.373    -1.640
  5155.095      24.0     5.624    -1.759
  5155.098       6.0     8.647    -1.820
  5155.119     607.0     0.993    -4.302               7.650
  5155.125      28.0     3.898    -0.650
  5155.136     607.0     1.055    -3.675               7.650
  5155.141      44.0     1.125    -1.160
  5155.159     607.0     0.043    -4.879               7.650
  5155.183 106.00112     1.381    -4.970               3.456
  5155.184     607.0     0.043    -4.015               7.650
  5155.231 106.00112     1.381    -2.870               3.456
  5155.233      58.1     1.709    -2.600
  5155.269      42.0     1.420    -3.310
  5155.292       6.0     8.640    -2.502
  5155.312      58.1     1.458    -1.340
  5155.314      21.0     2.564    -4.331
  5155.316 106.00112     3.484    -3.144               3.456
  5155.322     607.0     0.064    -3.943               7.650
  5155.354     607.0     0.064    -4.916               7.650
  5155.361      58.1     1.420    -1.360
  5155.463      40.0     1.582    -0.200
  5155.537      45.0     1.365    -1.810
  5155.575     607.0     1.206    -3.086               7.650
  5155.603      23.0     3.267    -3.348
  5155.642     607.0     1.255    -2.927               7.650
  5155.654      27.1     9.008    -4.405
  5155.732      58.1     2.373    -1.520
  5155.741      58.1     2.389    -3.310
  5155.750       6.0     8.640    -3.450
  5155.751     607.0     1.255    -4.260               7.650
  5155.762      28.0     3.898     0.011
  5155.772     607.0     0.922    -4.023               7.650
  5155.781 106.00113     3.204    -2.931               3.456
  5155.792      70.1     5.828    -2.640
  5155.797 106.00112     3.484    -3.133               3.456
  5155.834     607.0     0.037    -4.444               7.650
  5155.835      62.0     1.369     0.118
  5155.835     607.0     1.052    -2.487               7.650
  5155.849      64.0     0.927     0.427
  5155.893      24.1     9.955    -3.362
  5155.902     607.0     1.052    -3.997               7.650
  5155.912      27.0     4.149    -0.934
  5155.912      58.1     1.666    -3.730
  5155.913      69.1     4.854    -0.710
  5155.922      24.1     6.805    -3.092
  5155.941 106.00113     3.547    -3.146               3.456
  5155.945     607.0     0.995    -3.882               7.650
  5155.949     607.0     0.995    -3.629               7.650
  5155.962     607.0     0.996    -3.709               7.650
  5155.968      22.0     3.441    -3.750
  5155.969     607.0     0.996    -3.540               7.650
  5156.022      14.0     5.082    -2.463
  5156.040      38.0     2.498    -0.120
  5156.047      60.1     1.412    -0.720
  5156.066      23.0     3.255    -4.237
  5156.074 106.00112     2.771    -3.144               3.456
  5156.080     607.0     0.994    -4.157               7.650
  5156.082     607.0     0.994    -3.758               7.650
  5156.095      69.1     2.784    -2.330
  5156.115     607.0     0.998    -3.579               7.650
  5156.123     607.0     0.998    -3.476               7.650
  5156.154 106.00112     2.805    -3.371               3.456
  5156.211      42.0     2.476    -2.242
  5156.234 106.00113     3.204    -2.918               3.456
  5156.356      27.0     4.058     0.037
  5156.388      20.0     5.018    -3.353
  5156.409 106.00112     2.805    -3.355               3.456
  5156.411     607.0     1.000    -3.474               7.650
  5156.421     607.0     1.062    -3.680               7.650
  5156.421     607.0     1.000    -3.429               7.650
  5156.429     607.0     1.357    -3.336               7.650
  5156.446      28.1     9.049    -2.988
  5156.449      73.0     0.697    -1.390
  5156.468 106.00113     2.771    -3.144               3.456
  5156.510      69.1     4.834    -1.830
  5156.516      59.1     0.216    -1.240
  5156.606      26.0     3.943    -3.836
  5156.635 106.00112     2.771    -3.155               3.456
  5156.730      57.1     0.126    -1.850
  5156.731     607.0     0.021    -4.691               7.650
  5156.749     607.0     0.021    -4.609               7.650
  5156.752      64.1     1.570    -0.980
  5156.821 106.00113     3.547    -3.136               3.456
  5156.824 106.00113     2.771    -3.155               3.456
  5156.836     607.0     1.003    -3.386               7.650
  5156.848     607.0     1.003    -3.394               7.650
  5156.855      20.0     5.181    -3.687
  5156.867 106.00112     3.204    -2.931               3.456
  5156.934      26.0     5.330    -4.861
  5156.939      24.0     4.613    -3.999
  5156.948     607.0     0.975    -3.700               7.650
  5156.950     607.0     0.108    -4.041               7.650
  5156.954      23.0     2.575    -4.701
  5156.978      21.0     2.608    -1.523
  5156.986      23.0     2.278    -1.835
  5156.999     607.0     1.131    -2.678               7.650
  5157.007     607.0     0.975    -2.870               7.650
  5157.046      69.1     4.030    -2.110
  5157.066      62.1     1.359    -1.380
  5157.090      45.0     3.539    -0.080
  5157.093      24.1     8.732    -3.731
  5157.098     607.0     1.131    -4.481               7.650
  5157.103 106.00113     3.484    -3.144               3.456
  5157.139     607.0     0.049    -4.883               7.650
  5157.167     607.0     0.049    -3.978               7.650
  5157.169     607.0     1.018    -4.191               7.650
  5157.200      58.1     1.546    -1.210
  5157.223      62.0     0.036    -1.409
  5157.234 106.00112     3.204    -2.918               3.456
  5157.247      69.1     4.435    -3.830
  5157.253     607.0     0.129    -4.032               7.650
  5157.258 106.00113     1.848    -3.556               3.456
  5157.258     607.0     1.018    -3.032               7.650
  5157.279      23.1     2.556    -3.378
  5157.282      23.0     2.374    -2.202
  5157.283      26.1    10.455    -0.170
  5157.297     607.0     0.129    -4.713               7.650
  5157.299      26.1     8.193    -2.605
  5157.311 106.00112     3.550    -3.136               3.456
  5157.335      69.1     4.433    -2.630
  5157.335      28.1     6.646    -4.411
  5157.337     607.0     0.994    -3.925               7.650
  5157.340     607.0     0.994    -4.226               7.650
  5157.340     607.0     1.140    -2.697               7.650
  5157.356      23.0     3.868    -3.888
  5157.361 106.00113     1.848    -3.573               3.456
  5157.369      21.0     2.569    -3.992
  5157.427     607.0     1.006    -3.310               7.650
  5157.433      57.1     2.210    -0.226
  5157.441     607.0     1.006    -3.367               7.650
  5157.475      24.0     2.708    -3.709
  5157.476 106.00113     2.807    -3.355               3.456
  5157.540 106.00113     2.102    -3.377               3.456
  5157.540 106.00112     3.550    -3.146               3.456
  5157.557      58.1     2.250    -1.640
  5157.564 106.00112     1.848    -3.556               3.456
  5157.609 106.00112     2.531    -3.295               3.456
  5157.614     607.0     1.206    -3.079               7.650
  5157.619      58.1     3.616    -2.760
  5157.649 106.00113     2.807    -3.371               3.456
  5157.659 106.00113     2.102    -3.394               3.456
  5157.704      28.0     3.706    -1.639
  5157.723      27.1     8.993    -3.492
  5157.726 106.00112     2.531    -3.310               3.456
  5157.777      24.1     8.673    -3.694
  5157.779 106.00112     2.102    -3.377               3.456
  5157.790      23.1     6.686    -3.904
  5157.824 106.00113     3.484    -3.133               3.456
  5157.874     607.0     1.070    -3.686               7.650
  5157.875 106.00113     2.531    -3.310               3.456
  5157.891 106.00112     1.848    -3.573               3.456
  5157.942      72.0     2.839    -0.560
  5157.960      70.1     6.020    -1.160
  5157.976      28.0     3.606    -1.510
  5157.981 106.00113     2.531    -3.295               3.456
  5158.003      58.1     0.635    -1.910
  5158.013      40.0     2.105     0.140
  5158.013      58.1     0.674    -3.370
  5158.022     607.0     0.995    -3.686               7.650
  5158.027     607.0     0.995    -3.996               7.650
  5158.045      23.1     8.790    -3.557
  5158.061      25.0     5.396    -2.322
  5158.062     607.0     1.255    -2.917               7.650
  5158.066     607.0     0.072    -3.911               7.650
  5158.099     607.0     0.072    -4.920               7.650
  5158.112 106.00112     2.102    -3.394               3.456
  5158.112      23.0     2.359    -2.422
  5158.150      66.0     1.569    -2.160
  5158.162     607.0     1.010    -3.244               7.650
  5158.177     607.0     1.010    -3.348               7.650
  5158.333     607.0     0.936    -4.513               7.650
  5158.343      21.0     4.498    -3.060
  5158.352      58.1     2.213    -2.140
  5158.394      69.1     4.756    -1.690
  5158.409     607.0     1.418    -4.645               7.650
  5158.439      27.0     4.064    -0.870
  5158.486      64.0     0.897    -0.663
  5158.604      90.0     0.356    -1.474
  5158.671      57.0     0.000    -1.000
  5158.681      45.0     3.578     0.410
  5158.687      40.0     1.584    -1.100
  5158.714      20.0     4.744    -1.454
  5158.843     607.0     0.043    -4.398               7.650
  5158.851      69.1     4.836    -2.300
  5158.852      27.0     4.049    -0.618
  5158.855      23.1     2.557    -4.616
  5158.863     607.0     0.996    -3.501               7.650
  5158.870     607.0     0.996    -3.867               7.650
  5158.885     607.0     0.026    -4.677               7.650
  5158.905     607.0     0.026    -4.545               7.650
  5159.017      23.0     1.218    -4.725
  5159.023     607.0     0.990    -2.863               7.650
  5159.051     607.0     1.014    -3.184               7.650
  5159.058      26.0     4.283    -0.950
  5159.068     607.0     1.014    -3.334               7.650
  5159.097      27.0     1.710    -3.784
  5159.160      66.0     1.056    -1.530
  5159.161      23.0     2.678    -1.771
  5159.174     607.0     1.052    -3.993               7.650
  5159.187 106.00113     2.455    -3.586               3.456
  5159.206      24.1     6.605    -4.588
  5159.228      26.0     4.593    -3.394
  5159.230 106.00112     2.455    -3.573               3.456
  5159.241     607.0     1.052    -2.474               7.650
  5159.298     607.0     0.056    -4.888               7.650
  5159.304 106.00113     2.455    -3.573               3.456
  5159.307      23.0     2.247    -0.539
  5159.326 106.00112     2.455    -3.586               3.456
  5159.328     607.0     0.056    -3.944               7.650
  5159.376      69.1     4.856    -2.290
  5159.411      27.1    11.252     0.050
  5159.412     607.0     0.118    -4.020               7.650
  5159.417     607.0     1.131    -4.479               7.650
  5159.475     607.0     1.079    -3.692               7.650
  5159.516     607.0     1.131    -2.670               7.650
  5159.585      26.0     3.884    -3.983
  5159.596      26.0     5.010    -3.232
  5159.645      70.1     7.370    -1.230
  5159.672      27.0     3.409    -1.697
  5159.680      58.0     0.889     0.764
  5159.686      58.0     0.659     0.537
  5159.688      58.0     0.302     0.184
  5159.829      26.0     3.267    -4.033
  5159.847     607.0     0.998    -3.360               7.650
  5159.854     607.0     0.998    -3.782               7.650
  5159.881      69.1     4.288    -1.570
  5159.919       6.0     8.643    -2.150
  5159.935      56.0     2.239     0.200
  5159.942       8.1    26.554    -0.603
  5159.950      26.0     4.301    -2.740
  5159.991 106.00112     3.486    -3.133               3.456
  5159.994      44.0     1.131    -2.210
  5160.034 106.00113     3.168    -2.873               3.456
  5160.050      63.0     1.639     0.070
  5160.064     607.0     1.018    -3.131               7.650
  5160.075      58.1     0.529    -3.370
  5160.084     607.0     1.018    -3.324               7.650
  5160.099      64.1     1.584    -1.530
  5160.114      21.0     5.328    -2.959
  5160.176     607.0     0.140    -4.011               7.650
  5160.221      21.0     3.057    -2.434
  5160.223     607.0     0.140    -4.722               7.650
  5160.236 106.00112     3.486    -3.144               3.456
  5160.242     607.0     1.159    -2.702               7.650
  5160.263      21.0     3.057    -3.106
  5160.290      25.0     4.320    -2.141
  5160.316      92.1     0.718    -1.639
  5160.321     607.0     1.159    -3.793               7.650
  5160.335      41.0     0.049    -1.200
  5160.350      24.0     3.449    -2.474
  5160.356 106.00112     2.807    -3.355               3.456
  5160.387      70.1     7.409    -2.200
  5160.399 106.00113     3.168    -2.860               3.456
  5160.452      20.1     9.240    -2.695
  5160.452      20.1     9.240    -1.741
  5160.454      27.1    11.245     0.130
  5160.465      24.0     0.983    -4.965
  5160.471      58.1     1.533    -2.730
  5160.508 106.00112     2.807    -3.371               3.456
  5160.538      69.0     1.088    -2.046
  5160.554      24.1     5.871    -2.843
  5160.564      70.1     5.168    -3.120
  5160.609 106.00113     3.206    -2.918               3.456
  5160.646      69.1     4.723    -1.730
  5160.699      58.1     3.750    -1.810
  5160.731      90.0     0.903    -1.019
  5160.743 106.00113     3.207    -2.931               3.456
  5160.801       6.0     8.643    -3.030
  5160.828      58.1     0.977    -1.440
  5160.839      26.1     5.569    -2.559
  5160.893      64.1     1.598    -1.160
  5160.897      22.0     1.502    -1.405
  5160.925     607.0     0.996    -3.948               7.650
  5160.943     607.0     0.080    -3.881               7.650
  5160.945      42.0     3.395    -2.073
  5160.972     607.0     1.000    -3.247               7.650
  5160.978     607.0     0.080    -4.926               7.650
  5160.982     607.0     1.000    -3.722               7.650
  5160.993      70.1     7.815    -1.830