linelist_Mn5537
  5532.032      58.1     1.696    -1.290
  5532.086    26.1      10.523    -0.100
  5532.090      21.0     3.083    -3.349
  5532.118      70.1     5.572    -2.650
  5532.120      26.0     2.845    -4.620
  5532.188     607.0     1.069    -3.748               7.650
  5532.210 106.00113     1.649    -4.077               3.456
  5532.256      40.0     0.651    -2.370
  5532.265      26.0     5.070    -2.221
  5532.272      58.1     0.175    -2.680
  5532.326     607.0     0.886    -2.315               7.650
  5532.378     607.0     0.886    -3.535               7.650
  5532.386      22.0     3.590    -3.922
  5532.407      26.0     5.012    -3.710
  5532.528 106.00113     0.910    -4.110               3.456
  5532.531 106.00113     1.649    -4.096               3.456
  5532.566      39.0     2.406    -1.440
  5532.583      22.0     2.154    -2.912
  5532.632 106.00113     2.519    -4.414               3.456
  5532.663 106.00112     3.310    -3.864               3.456
  5532.697      75.0     2.700    -1.000
  5532.729     607.0     0.828    -3.238               7.650
  5532.747      26.0     3.573    -2.280
  5532.749 106.00113     3.003    -3.307               3.456
  5532.766      20.0     5.390    -3.418
  5532.767     607.0     0.828    -2.786               7.650
  5532.767 106.00112     2.475    -3.526               3.456
  5532.773 106.00112     2.475    -4.417               3.456
  5532.806     607.0     0.961    -2.487               7.650
  5532.845     607.0     1.039    -2.632               7.650
  5532.859 106.00113     0.910    -4.072               3.456
  5532.864      26.1     6.730    -2.720
  5532.866      26.0     4.446    -1.652
  5532.870     607.0     0.961    -3.335               7.650
  5532.899 106.00113     2.519    -4.466               3.456
  5532.917 106.00113     3.003    -3.322               3.456
  5532.923 106.00112     3.310    -3.877               3.456
  5532.973     607.0     1.039    -4.534               7.650
  5533.024      27.0     4.240    -1.314
  5533.031      42.0     1.335    -0.069
  5533.040     607.0     0.948    -2.479               7.650
  5533.127      70.1     7.005    -1.530
  5533.135      15.0     7.404    -2.500
  5533.140      69.1     1.087    -3.790
  5533.161     607.0     1.085    -2.554               7.650
  5533.165      20.0     4.769    -0.960
  5533.180      25.0     4.345    -1.306
  5533.182      70.1     6.014    -3.670
  5533.187      24.0     4.411    -1.867
  5533.249      26.0     5.033    -2.860
  5533.269      63.0     1.618    -1.000
  5533.271     607.0     1.085    -3.793               7.650
  5533.303      23.0     3.933    -3.387
  5533.361 106.00113     3.068    -3.306               3.456
  5533.373      64.0     0.865    -1.297
  5533.382      60.1     1.160    -1.330
  5533.395      58.1     0.977    -3.370
  5533.416      24.0     5.529    -2.402
  5533.486      58.1     0.709    -2.390
  5533.524     607.0     0.875    -3.517               7.650
  5533.545       6.0     8.848    -3.130
  5533.550      58.1     1.709    -1.980
  5533.566       6.0     8.643    -3.880
  5533.574      58.1     1.582    -2.140
  5533.574     607.0     0.876    -2.315               7.650
  5533.590     107.0     3.491    -4.535               3.450
  5533.602      58.1     3.058    -2.850
  5533.625     607.0     0.956    -3.999               7.650
  5533.634      21.1     7.143    -2.005
  5533.646      23.1     8.991    -1.067
  5533.647     607.0     0.962    -3.583               7.650
  5533.670     607.0     1.114    -3.233               7.650
  5533.680      23.0     2.638    -3.426
  5533.716      69.1     3.934    -2.350
  5533.722     607.0     0.956    -2.314               7.650
  5533.729 106.00113     3.274    -4.098               3.456
  5533.781 106.00113     3.068    -3.292               3.456
  5533.787      60.0     0.293    -0.280
  5533.818      23.0     2.374    -0.668
  5533.820      60.1     0.559    -1.230
  5533.832      69.1     5.151    -0.830
  5533.875     607.0     0.912    -2.985               7.650
  5534.045     607.0     0.860    -3.708               7.650
  5534.055      58.1     0.559    -2.740
  5534.124      23.1     8.995    -1.222
  5534.131     607.0     0.860    -2.689               7.650
  5534.139 106.00113     0.709    -4.565               3.456
  5534.159      58.1     1.925    -2.570
  5534.192      24.0     4.446    -3.305
  5534.194 106.00113     0.911    -4.110               3.456
  5534.249      26.0     5.064    -4.239
  5534.250      20.0     5.299    -1.995
  5534.259       6.0     8.640    -3.552
  5534.314      26.0     4.991    -3.074
  5534.390 106.00113     0.911    -4.072               3.456
  5534.415      24.1     8.215    -2.235
  5534.482 106.00113     0.709    -4.565               3.456
  5534.516      26.0     4.435    -3.060
  5534.556 106.00113     1.483    -3.818               3.456
  5534.569      24.0     5.789    -1.287
  5534.599 106.00112     2.874    -4.181               3.456
  5534.602 106.00113     3.274    -4.087               3.456
  5534.629 106.00112     2.874    -4.194               3.456
  5534.636       6.0     8.851    -3.280
  5534.645      21.0     5.557    -2.694
  5534.659      26.0     3.640    -2.712
  5534.666 106.00113     1.483    -3.801               3.456
  5534.673       6.0     8.647    -3.690
  5534.674     107.0     3.491    -4.535               3.450
  5534.690      58.1     1.274    -3.260
  5534.735     607.0     0.805    -3.608               7.650
  5534.752     607.0     0.845    -2.738               7.650
  5534.764      21.0     5.385    -3.369
  5534.774      58.1     3.550    -3.570
  5534.775      20.0     5.300    -2.460
  5534.780      26.0     4.186    -3.912
  5534.794    38.0       2.271    -0.283
  5534.807      22.0     0.900    -4.092
  5534.817       6.0     8.643    -2.740
  5534.847      26.1     3.245    -2.865
  5534.856      23.0     4.087    -4.133
  5534.881      23.1     8.995    -1.502
  5534.894    26.1      10.545    -0.440
  5534.916      26.0     4.186    -4.585
  5534.942       6.0     8.851    -3.870
  5535.015 106.00112     1.539    -3.783               3.456
  5535.025      23.0     3.224    -3.359
  5535.031      45.0     3.703     0.330
  5535.077 106.00113     0.709    -4.498               3.456
  5535.166      59.1     0.922    -0.495
  5535.169      25.1     6.573    -4.220
  5535.196     607.0     1.039    -4.532               7.650
  5535.205 106.00112     1.539    -3.798               3.456
  5535.242      58.0     0.384    -0.274
  5535.300      66.0     1.781    -1.830
  5535.315      60.1     1.410    -0.830
  5535.325     607.0     1.039    -2.624               7.650
  5535.346      23.0     0.017    -3.610
  5535.360     7.1      25.507     0.398
  5535.368 106.00113     0.709    -4.498               3.456
  5535.379      24.0     3.892    -4.279
  5535.413      26.0     3.252    -4.970
  5535.418    26.0       4.183    -1.158
  5535.433      58.1     4.105    -2.410
  5535.448 106.00113     2.520    -4.414               3.456
  5535.466 106.00113     2.520    -4.466               3.456
  5535.481    56.0       0.000     0.215
  5535.587      26.0     5.012    -2.719
  5535.619      25.0     5.112    -3.185
  5535.628 106.00112     3.003    -3.307               3.456
  5535.632     607.0     1.231    -4.630               7.650
  5535.656      57.1     1.252    -1.137
  5535.733     607.0     1.231    -4.643               7.650
  5535.766      58.1     0.601    -2.350
  5535.777      92.1     0.285    -2.836
  5535.849 106.00112     3.003    -3.322               3.456
  5535.858      26.0     5.086    -4.453
  5535.867      22.0     3.727    -3.890
  5536.005 106.00112     1.649    -4.077               3.456
  5536.061      26.0     5.012    -3.946
  5536.085     607.0     1.388    -4.698               7.650
  5536.155      69.1     4.684    -2.730
  5536.171 106.00113     2.874    -4.194               3.456
  5536.201     607.0     0.792    -4.029               7.650
  5536.240     607.0     1.085    -2.543               7.650
  5536.242 106.00112     3.068    -3.306               3.456
  5536.245 106.00112     2.519    -4.414               3.456
  5536.252      58.1     1.838    -2.620
  5536.284     607.0     0.962    -3.578               7.650
  5536.288      25.0     3.373    -4.843
  5536.351      22.0     2.662    -2.158
  5536.410 106.00112     1.649    -4.096               3.456
  5536.425 106.00112     3.276    -4.087               3.456
  5536.445      26.0     4.796    -3.637
  5536.456      21.0     2.296    -1.598
  5536.456      25.0     5.542    -0.462
  5536.478 106.00112     2.519    -4.466               3.456
  5536.497      24.0     4.447    -1.509
  5536.499 106.00112     0.910    -4.110               3.456
  5536.533 106.00113     2.874    -4.181               3.456
  5536.580      26.0     2.831    -3.940
  5536.606 106.00112     3.068    -3.292               3.456
  5536.674 106.00112     3.276    -4.098               3.456
  5536.689      69.1     4.860    -1.380
  5536.711      58.1     1.212    -2.390
  5536.741 106.00112     0.910    -4.072               3.456
  5536.818     607.0     0.912    -4.248               7.650
  5536.827     607.0     0.898    -2.295               7.650
  5536.882     607.0     0.898    -3.543               7.650
  5536.904     607.0     0.836    -3.244               7.650
  5536.936     607.0     0.912    -2.979               7.650
  5536.946     607.0     0.836    -2.756               7.650
  5536.997      22.0     3.179    -2.361
  5537.060      62.1     1.670    -0.926
  5537.098      28.0     3.847    -2.200
  5537.099     607.0     1.086    -3.756               7.650
  5537.118      69.1     4.443    -2.280
  5537.130      90.1     1.141    -2.486
  5537.141     607.0     1.311    -3.495               7.650
  5537.144      22.0     3.166    -3.873
  5537.223     607.0     1.206    -2.879               7.650
  5537.233      20.0     5.321    -1.690
  5537.269      69.1     4.254    -2.010
  5537.309      58.1     2.179    -0.670
  5537.365     607.0     1.206    -4.316               7.650
  5537.369     607.0     0.961    -2.464               7.650
  5537.414     607.0     0.975    -2.471               7.650
  5537.429      20.0     6.016    -3.241
  5537.431      40.0     2.160    -0.540
  5537.481     607.0     0.975    -3.343               7.650
  5537.496      23.1     4.020    -3.745
  5537.538      58.0     0.384    -0.708
  5537.669     607.0     0.886    -3.525               7.650
  5537.674 106.00113     1.484    -3.801               3.456
  5537.694      25.0     2.187    -2.920
  5537.713      25.0     2.187    -2.807
  5537.720      58.1     2.470    -2.670
  5537.721     607.0     0.886    -2.295               7.650
  5537.732      74.0     2.387    -1.620
  5537.736      42.0     2.595    -2.492
  5537.736      26.0     4.103    -4.250
  5537.740      25.0     2.187    -3.351
  5537.742      25.0     2.187    -2.904
  5537.767      60.1     0.205    -1.853
  5537.769      25.0     2.187    -2.807
  5537.781 106.00113     1.484    -3.818               3.456
  5537.807      25.0     2.187    -2.443
  5537.844      58.1     3.328    -2.680
  5537.853      22.0     2.677    -2.028
  5537.871      26.0     3.274    -4.574
  5537.899      26.1     7.703    -3.005
  5537.919      23.0     3.283    -0.901
  5537.963      58.1     1.676    -2.690
  5538.017      72.0     2.695    -0.590
  5538.032      24.0     3.000    -4.365
  5538.038      69.1     1.111    -3.360
  5538.055      26.0     4.988    -2.509
  5538.119      21.0     3.083    -1.386
  5538.168 106.00112     0.911    -4.110               3.456
  5538.216      58.1     1.140    -2.080
  5538.240      24.0     3.551    -2.438
  5538.247 106.00112     0.709    -4.565               3.456
  5538.275 106.00112     0.911    -4.072               3.456
  5538.278      72.0     1.306    -1.900
  5538.283     607.0     0.878    -2.684               7.650
  5538.343      64.1     1.288    -1.593
  5538.373      59.0     1.083     0.189
  5538.385      69.1     3.855    -1.850
  5538.445     607.0     0.976    -2.313               7.650
  5538.516      26.0     4.218    -3.374
  5538.522      92.1     1.125    -1.848
  5538.539 106.00112     1.483    -3.818               3.456
  5538.544     607.0     0.976    -4.009               7.650
  5538.568     607.0     1.255    -4.190               7.650
  5538.591 106.00112     0.709    -4.565               3.456
  5538.597 106.00112     1.483    -3.801               3.456
  5538.652      27.0     4.110    -2.955
  5538.726      58.1     3.914    -2.990
  5538.751 106.00113     3.070    -3.292               3.456
  5538.781      23.1     8.983    -1.805
  5538.932 106.00113     3.070    -3.306               3.456
  5538.946      24.0     3.369    -4.208
  5538.978 106.00113     2.566    -4.464               3.456
  5538.980      26.0     4.796    -4.454
  5538.987      58.1     1.966    -1.080
  5539.027      69.1     3.247    -0.617
  5539.040      58.1     3.335    -2.810
  5539.048 106.00112     2.520    -4.466               3.456
  5539.064 106.00112     2.520    -4.414               3.456
  5539.091      25.0     3.133    -3.993
  5539.091 106.00112     0.709    -4.498               3.456
  5539.109     607.0     1.706    -3.949               7.650
  5539.216      26.1     8.307    -3.087
  5539.220      60.1     0.745    -1.448
  5539.245 106.00113     2.566    -4.452               3.456
  5539.262      90.0     1.216    -0.925
  5539.274     607.0     0.812    -3.606               7.650
  5539.280      26.0     3.642    -2.790
  5539.352      21.0     5.559    -3.696
  5539.383 106.00112     0.709    -4.498               3.456
  5539.402      42.0     2.070    -2.022
  5539.426     607.0     1.311    -3.488               7.650
  5539.458      70.1     6.660    -2.180
  5539.475 106.00113     3.276    -4.098               3.456
  5539.478      74.0     2.602    -1.650
  5539.508     607.0     1.217    -4.643               7.650
  5539.538     607.0     0.855    -2.712               7.650
  5539.547      22.0     3.716    -3.054
  5539.569      69.1     3.936    -3.090
  5539.604     607.0     1.217    -4.656               7.650
  5539.638 106.00113     3.276    -4.087               3.456
  5539.684      24.0     5.791    -3.477
  5539.771     607.0     1.206    -2.871               7.650
  5539.789      22.0     2.695    -1.875
  5539.817      26.0     4.294    -2.660
  5539.819      23.0     3.273    -2.965
  5539.825       6.0     8.851    -3.000
  5539.910       6.0     8.640    -3.310
  5539.911      90.1     1.188    -1.673
  5540.039      70.1     5.341    -2.000
  5540.049 106.00113     3.136    -3.291               3.456
  5540.051    38.0       2.259    -0.406
  5540.066      22.0     3.112    -4.101
  5540.147 106.00112     3.300    -4.110               3.456
  5540.153 106.00113     1.576    -4.116               3.456
  5540.184 106.00112     3.300    -4.099               3.456
  5540.184 106.00113     1.576    -4.097               3.456
  5540.184      69.1     4.096    -1.000
  5540.208      58.1     1.482    -2.210
  5540.215 106.00112     2.876    -4.181               3.456
  5540.316      21.1     8.399    -3.138
  5540.372      58.1     1.319    -3.590
  5540.451      23.0     3.226    -1.704
  5540.478      26.1     5.257    -4.672
  5540.494 106.00113     3.136    -3.277               3.456
  5540.537      58.0     1.030    -0.167
  5540.635      70.1     5.073    -2.880
  5540.637      69.1     3.384    -1.530
  5540.648 106.00113     1.430    -3.841               3.456
  5540.669      44.0     1.513    -2.230
  5540.701      24.0     4.449    -1.435
  5540.711      22.0     3.458    -2.564
  5540.743      69.1     5.188    -2.170
  5540.751       6.0     8.643    -2.376
  5540.777 106.00113     1.430    -3.821               3.456
  5540.810 106.00112     2.877    -4.194               3.456
  5540.815      22.0     3.215    -3.159
  5540.846      58.1     1.676    -2.430
  5540.970      26.0     4.796    -4.549
  5541.062      21.0     1.954    -0.818
  5541.062      23.0     1.893    -3.677
  5541.164      22.0     3.709    -3.636
  5541.228      27.0     2.874    -3.739
  5541.237      57.0     1.139    -0.590
  5541.273     607.0     0.845    -3.250               7.650
  5541.289     607.0     1.108    -2.545               7.650
  5541.316     607.0     0.846    -2.728               7.650
  5541.322      28.0     5.019    -3.538
  5541.401     607.0     1.108    -3.799               7.650
  5541.471      41.0     1.269    -2.140
  5541.508 106.00113     3.300    -4.110               3.456
  5541.520     607.0     0.976    -4.007               7.650
  5541.537     607.0     0.910    -2.275               7.650
  5541.543      28.0     3.833    -3.123
  5541.581 106.00112     3.070    -3.292               3.456
  5541.582      20.0     6.018    -3.861
  5541.594      26.0     3.301    -4.218
  5541.594     607.0     0.910    -3.551               7.650
  5541.609 106.00112     1.484    -3.801               3.456
  5541.619     607.0     0.976    -2.303               7.650
  5541.630      39.0     1.948    -0.720
  5541.637      24.0     3.551    -2.895
  5541.641      42.0     3.212    -1.581
  5541.665      24.0     4.402    -1.716
  5541.769 106.00112     1.484    -3.818               3.456
  5541.781      26.1     5.257    -4.406
  5541.818 106.00112     3.070    -3.306               3.456
  5541.861      23.0     1.853    -3.524
  5541.873 106.00113     3.300    -4.099               3.456
  5541.888     607.0     0.975    -2.450               7.650
  5541.917      22.0     3.709    -3.553
  5541.947      25.0     4.332    -3.948
  5541.950      26.1     5.956    -4.133
  5542.017     607.0     0.878    -3.716               7.650
  5542.018 106.00113     2.567    -4.452               3.456
  5542.018      21.1     7.136    -2.837
  5542.018      58.1     1.404    -1.760
  5542.021 106.00113     2.567    -4.464               3.456
  5542.022     607.0     0.898    -3.534               7.650
  5542.077     607.0     0.898    -2.275               7.650
  5542.105     607.0     0.878    -2.677               7.650
  5542.114     607.0     1.104    -3.764               7.650
  5542.139      24.0     3.368    -4.326
  5542.150      25.0     4.320    -3.637
  5542.153 106.00113     2.876    -4.181               3.456
  5542.196      66.0     2.506     0.006
  5542.213      69.1     3.860    -2.630
  5542.243     607.0     0.990    -2.457               7.650
  5542.313     607.0     0.990    -3.352               7.650
  5542.355 106.00113     2.877    -4.194               3.456
  5542.362      25.0     4.320    -4.100
  5542.376     607.0     0.818    -4.572               7.650
  5542.378      14.0     4.930    -3.808
  5542.448      23.0     2.115    -3.974
  5542.488      24.1     6.869    -2.172
  5542.515      23.1     9.031    -1.067
  5542.531      63.0     2.150    -0.330
  5542.564 106.00112     2.566    -4.464               3.456
  5542.571      58.1     1.092    -3.060
  5542.609      22.0     3.439    -3.762
  5542.649      22.0     2.175    -4.584
  5542.718      23.0     0.017    -4.352
  5542.725      58.0     0.699    -0.766
  5542.773      21.1     7.143    -2.713
  5542.775      69.1     4.324    -2.740
  5542.798 106.00112     2.566    -4.452               3.456
  5542.841 106.00113     0.872    -4.152               3.456
  5542.844      46.0     4.584     0.240
  5542.869      58.0     1.055    -0.476
  5542.872 106.00113     3.372    -3.864               3.456
  5542.881 106.00112     3.136    -3.291               3.456
  5542.890      90.0     1.305    -1.258
  5542.932      69.1     4.531    -3.550
  5542.935      22.0     3.090    -1.800
  5542.979      23.0     2.374    -1.032