   22
3441.99   1.78  3.0e8
3460.32   1.81  1.6e8   MnII UV
3488.68   1.85  7.5e7   MnII UV   
4709.693  2.89  1.38e8
4754.022  2.28  2.42e8
4783.391  2.30  3.21e8
4823.46   2.32  3.99e8
5516.774  2.18  3.123e6   NEW NIST version 3 format, g x A(lifetime)
   4453.007        2.941  1.09e8
   4457.018        3.073  2.56e8
   4470.137        2.941  1.20e8
   4498.895        2.941  1.49e8
   4502.200        2.920  1.49e8
   4739.072        2.941  9.60e7
   4761.499        2.953  2.14e8
   4762.347        2.889  7.83e8
   5004.887        2.920  6.2e6
   5260.736        3.135  2.6e6
   5394.626        0.000  7.20e4    
   5399.450        3.850  20.0e20   No gf given in NIST 
   5432.506        0.000  3.62e4
   5537.694        2.187  20.0e20  No gf given in NIST
   6016.619        3.075  20.0e20  No gf given in NIST
   
output of new version of gf_calc.f, Aug 2006
3441.990   1.78   -0.273
3460.320   1.81   -0.542
3488.680   1.85   -0.864
4709.693   2.89   -0.338
4754.022   2.28   -0.086
4783.391   2.30    0.042
4823.460   2.32    0.144
5516.774   2.18   -1.846
4453.007   2.94   -0.489
4457.018   3.07   -0.118
4470.137   2.94   -0.444
4498.895   2.94   -0.345
4502.200   2.92   -0.344
4739.072   2.94   -0.490
4761.499   2.95   -0.138
4762.347   2.89    0.425
5004.887   2.92   -1.633
5260.736   3.13   -1.967
5394.626   0.00   -3.503    
5399.450   3.85   ....
5432.506   0.00   -3.795
5537.694   2.19   ....
6016.619   3.08   ....


old version of NIST database  
5516.774    2.18  4  7.79e-3  C+  alu, hfs, on edge of order   
     Blend of 2 MnI lines
6013.51     3.07  6  1.72e-1   sec                        
6021.82     3.07  6  3.32e-1  

Output of old version
5516.774   2.18   -1.847  
6013.510   3.07   -0.252
6021.820   3.07    0.035
