Object ID FeH_Teff125 FeH_Teff250 FeH_logg03 FeH_logg06 MgFe_Teff125 MgFe_Teff250 MgFe_logg03 MgFe_logg06 SiFe_Teff125 SiFe_Teff250 SiFe_logg03 SiFe_logg06 CaFe_Teff125 CaFe_Teff250 CaFe_logg03 CaFe_logg06 TiFe_Teff125 TiFe_Teff250 TiFe_logg03 TiFe_logg06 
Scl   1002473     0.10 0.20 0.00 0.00 0.02 0.04 0.03 0.06 0.06 0.16 0.00 0.03 0.06 0.11 0.03 0.06 0.05 0.08 0.02 0.03
Scl   1002447     0.13 0.26 0.00 0.00 0.09 0.12 0.02 0.03 0.07 0.16 0.00 0.01 0.07 0.12 0.02 0.03 0.02 0.08 0.04 0.04
Scl   1002888     0.13 0.24 0.00 0.00 0.01 0.01 0.04 0.06 0.09 0.17 0.01 0.00 0.05 0.09 0.02 0.03 0.03 0.06 0.01 0.01
Scl   1003386     0.13 0.26 0.02 0.04 0.03 0.04 0.02 0.05 0.08 0.19 0.04 0.03 0.04 0.09 0.01 0.04 0.06 0.11 0.04 0.04
Scl   1003505     0.15 0.29 0.01 0.01 0.09 0.16 0.01 0.02 0.11 0.21 0.02 0.03 0.07 0.11 0.01 0.03 0.08 0.18 0.00 0.00
Scl   1003443     0.13 0.25 0.01 0.02 0.11 0.11 0.01 0.01 0.08 0.14 0.01 0.02 0.03 0.05 0.01 0.02 0.03 0.06 0.01 0.02
Scl   1003537     0.16 0.31 0.01 -999 0.08 0.13 0.02 0.02 0.12 0.24 0.01 0.02 0.06 0.12 0.01 0.02 0.08 0.16 0.00 0.01
Scl   1003694     0.09 0.16 0.07 -999 0.02 0.01 0.05 0.06 0.12 0.23 0.02 0.01 0.09 0.12 0.06 0.08 0.20 0.29 0.02 0.06
Scl   1003702     0.14 0.27 0.01 0.02 0.00 0.00 0.00 0.00 0.08 0.16 0.00 0.01 0.05 0.06 0.00 0.00 0.04 0.10 0.05 0.03
Scl   1003967     0.14 0.27 0.01 0.02 0.00 0.00 0.00 0.00 0.08 0.15 0.01 0.02 0.04 0.08 0.01 0.01 0.01 0.08 0.01 0.02
Scl   1004020     0.13 0.25 0.04 0.06 0.00 0.00 0.00 0.40 0.12 0.20 0.02 0.01 0.08 0.15 0.01 0.02 0.05 0.11 0.06 0.09
Scl   1004135     0.15 0.28 0.00 0.00 0.07 0.14 0.02 0.03 0.09 0.21 0.00 0.01 0.07 0.11 0.02 0.03 0.03 0.05 0.03 0.05
Scl   1004084     0.10 0.21 0.01 0.02 0.00 0.00 0.00 0.00 0.04 0.10 0.01 0.02 0.00 0.00 0.00 0.00 0.07 0.10 0.03 0.06
Scl   1004271     0.12 0.24 0.01 0.02 0.00 0.00 0.00 0.00 0.10 0.18 0.01 0.02 0.03 0.05 0.00 0.01 0.00 0.04 0.00 0.00
Scl   1004360     0.14 0.28 0.01 0.01 0.00 0.00 0.00 0.00 0.14 0.22 0.02 0.04 0.02 0.06 0.01 0.03 0.01 0.04 0.03 0.05
Scl   1004320     0.11 0.23 0.00 0.00 0.00 0.00 0.00 0.00 0.04 0.09 0.00 0.01 0.02 0.06 0.00 0.01 0.03 0.07 0.00 0.00
Scl   1004448     0.14 0.28 0.01 0.01 0.08 0.16 0.01 0.03 0.11 0.16 0.00 0.01 0.03 0.05 0.00 0.01 0.05 0.05 0.03 0.05
Scl   1004645     0.12 0.25 0.02 0.04 0.05 0.13 0.03 0.05 0.11 0.22 0.03 0.06 0.06 0.11 0.03 0.05 0.04 0.10 0.02 0.05
Scl   1004711     0.12 0.23 0.00 0.00 0.07 0.11 0.00 0.00 0.09 0.17 0.02 0.04 0.04 0.07 0.02 0.01 0.01 0.02 0.03 0.05
Scl   1004775     0.13 0.27 0.02 0.03 0.00 0.00 0.00 0.00 0.12 0.20 0.03 0.03 0.04 0.08 0.01 0.03 0.05 0.10 0.00 0.01
Scl   1004692     0.12 0.26 0.00 0.00 0.01 0.05 0.03 0.07 0.09 0.17 0.02 0.03 0.02 0.05 0.00 0.01 0.10 0.21 0.03 0.07
Scl   1004838     0.14 0.28 0.02 0.03 0.07 0.13 0.03 0.05 0.07 0.22 0.02 0.04 0.07 0.13 0.02 0.03 0.06 0.12 0.00 0.00
Scl   1004861     0.13 0.24 0.01 0.01 0.07 0.12 0.02 0.03 0.09 0.18 0.01 0.02 0.08 0.15 0.04 0.08 0.02 0.04 0.00 0.01
Scl   1004754     0.13 0.26 0.01 0.03 0.00 0.00 0.00 0.00 0.10 0.19 0.02 0.04 0.04 0.09 0.00 0.00 0.06 0.11 0.01 0.00
Scl   1004931     0.14 0.28 0.01 0.01 0.00 0.00 0.00 0.00 0.11 0.22 0.00 0.00 0.07 0.12 0.02 0.05 0.00 0.03 0.00 0.00
Scl   1005103     0.01 0.01 0.10 -999 0.02 0.05 0.06 0.05 0.14 0.20 0.05 0.03 0.06 0.16 0.08 0.06 0.11 0.18 0.02 0.01
Scl   1005099     0.15 0.29 0.00 0.00 0.00 0.00 0.00 0.00 0.07 0.18 0.01 0.02 0.04 0.08 0.01 0.01 0.01 0.03 0.01 0.01
Scl   1005366     0.14 0.27 0.02 0.05 0.07 0.10 0.03 0.06 0.12 0.22 0.02 0.08 0.02 0.01 0.00 0.01 0.08 0.16 0.02 0.04
Scl   1005429     0.12 0.26 0.00 0.01 0.06 0.13 0.01 0.02 0.10 0.22 0.00 0.05 0.06 0.12 0.01 0.02 0.00 0.00 0.00 0.05
Scl   1005527     0.13 0.26 0.02 0.05 0.05 0.10 0.00 0.04 0.11 0.19 0.02 0.04 0.09 0.15 0.05 0.08 0.12 0.20 0.01 0.04
Scl   1005472     0.16 0.31 0.00 0.00 0.04 0.06 0.03 0.06 0.09 0.23 0.02 0.04 0.03 0.05 0.02 0.01 0.04 0.10 0.02 0.03
Scl   1005565     0.15 0.29 0.02 0.03 0.08 0.11 0.02 0.03 0.10 0.22 0.02 0.04 0.07 0.08 0.01 0.00 0.10 0.18 0.00 0.01
Scl   1005457     0.14 0.26 0.02 0.04 0.32 0.45 0.48 0.54 0.06 0.14 0.03 0.04 0.01 0.01 0.03 0.03 0.09 0.15 0.00 0.00
Scl   1005745     0.12 0.23 0.03 0.06 0.09 0.16 0.01 0.04 0.11 0.22 0.03 0.05 0.04 0.03 0.04 0.04 0.08 0.12 0.03 0.06
Scl   1005561     0.13 0.26 0.00 0.00 0.09 0.18 0.00 0.01 0.10 0.16 0.01 0.02 0.08 0.16 0.04 0.07 0.03 0.13 0.01 0.01
Scl   1005765     0.13 0.26 0.01 0.01 0.08 0.15 0.01 0.02 0.08 0.16 0.01 0.01 0.05 0.12 0.01 0.05 0.06 0.09 0.01 0.02
Scl   1005651     0.13 0.27 0.03 0.05 0.06 0.10 0.03 0.06 0.12 0.20 0.02 0.04 0.01 0.03 0.00 0.01 0.07 0.12 0.05 0.05
Scl   1005983     0.14 0.27 0.01 0.02 0.08 0.16 0.02 0.04 0.13 0.20 0.03 0.04 0.06 0.11 0.03 0.04 0.04 0.03 0.02 0.02
Scl   1005921     0.13 0.26 0.03 0.06 0.03 0.09 0.03 0.05 0.10 0.20 0.02 0.05 0.02 0.05 0.01 0.00 0.09 0.22 0.01 0.04
Scl   1006155     0.13 0.27 0.00 0.00 0.07 0.12 0.00 0.02 0.11 0.20 0.04 0.05 0.02 0.02 0.04 0.07 0.00 0.02 0.01 0.01
Scl   1005940     0.15 0.30 0.01 0.02 0.01 0.03 0.03 0.05 0.11 0.20 0.02 0.03 0.05 0.08 0.00 0.00 0.03 0.10 0.00 0.00
Scl   1006107     0.15 0.30 0.00 0.00 0.08 0.16 0.02 0.04 0.12 0.24 0.02 0.03 0.03 0.07 0.03 0.00 0.01 0.02 0.01 0.01
Scl   1006118     0.11 0.23 0.00 0.01 0.07 0.15 0.01 0.02 0.08 0.15 0.01 0.02 0.03 0.08 0.01 0.01 0.03 0.07 0.04 0.08
Scl   1006091     0.14 0.27 0.01 0.01 0.10 0.18 0.01 0.00 0.17 0.24 0.04 0.09 0.04 0.07 0.03 0.04 0.00 0.00 0.00 0.00
Scl   1006241     0.13 0.25 0.01 0.03 0.05 0.10 0.02 0.04 0.09 0.16 0.01 0.02 0.08 0.08 0.04 0.03 0.08 0.15 0.03 0.06
Scl   1006240     0.12 0.25 0.01 0.02 0.01 0.01 0.12 0.20 0.06 0.12 0.01 0.05 0.13 0.20 0.05 0.12 0.00 0.00 0.00 0.00
Scl   1006374     0.11 0.23 0.01 0.02 0.04 0.08 0.04 0.09 0.09 0.18 0.01 0.01 0.05 0.09 0.00 0.01 0.05 0.09 0.03 0.01
Scl   1006400     0.13 0.25 0.03 0.06 0.04 0.09 0.03 0.06 0.08 0.18 0.02 0.04 0.05 0.03 0.02 0.02 0.10 0.15 0.00 0.00
Scl   1006544     0.13 0.26 0.01 0.02 0.06 0.14 0.02 0.04 0.09 0.18 0.01 0.01 0.05 0.09 0.01 0.00 0.00 0.04 0.00 0.00
Scl   1006511     0.13 0.26 0.01 0.02 0.07 0.14 0.01 0.03 0.06 0.17 0.02 0.04 0.04 0.08 0.01 0.01 0.06 0.08 0.02 0.05
Scl   1006600     0.11 0.22 0.02 0.03 0.00 0.00 0.00 0.00 0.06 0.10 0.00 0.00 0.01 0.01 0.02 0.04 0.01 0.02 0.01 0.03
Scl   1006649     0.13 0.26 0.00 0.00 0.00 0.00 0.00 0.00 0.07 0.13 0.03 0.03 0.03 0.05 0.01 0.01 0.05 0.08 0.01 0.06
Scl   1006833     0.14 0.28 0.01 0.03 0.02 0.00 0.03 0.03 0.11 0.21 0.00 0.01 0.00 0.04 0.01 0.00 0.02 0.04 0.01 0.02
Scl   1007039     0.15 0.30 0.00 0.00 0.07 0.11 0.03 0.03 0.10 0.22 0.01 0.03 0.05 0.09 0.00 0.03 0.07 0.13 0.02 0.05
Scl   1006970     0.13 0.23 0.04 0.08 0.05 0.09 0.03 0.07 0.00 0.05 0.00 0.00 0.02 0.01 0.00 0.01 0.05 0.13 0.00 0.02
Scl   1007034     0.15 0.29 0.00 0.00 0.07 0.14 0.01 0.02 0.11 0.20 0.00 0.01 0.05 0.08 0.00 0.00 0.06 0.07 0.02 0.04
Scl   1007123     0.10 0.21 0.02 0.04 0.04 0.08 0.02 0.04 0.07 0.13 0.00 0.00 0.02 0.02 0.01 0.01 0.01 0.02 0.01 0.01
Scl   1007263     0.11 0.21 0.02 0.03 0.08 0.14 0.02 0.04 0.08 0.15 0.01 0.00 0.08 0.14 0.02 0.04 0.02 0.06 0.03 0.04
Scl   1007179     0.14 0.27 0.00 0.01 0.10 0.19 0.00 0.01 0.10 0.21 0.02 0.04 0.05 0.09 0.00 0.01 0.06 0.12 0.05 0.08
Scl   1007312     0.14 0.28 0.02 0.04 0.07 0.15 0.03 0.04 0.12 0.21 0.02 0.04 0.04 0.09 0.01 0.02 0.10 0.19 0.01 0.01
Scl   1007219     0.12 0.23 0.01 0.02 0.07 0.15 0.00 0.01 0.08 0.14 0.01 0.00 0.03 0.05 0.00 0.00 0.02 0.02 0.02 0.05
Scl   1007206     0.01 0.03 0.10 -999 0.05 0.09 0.03 0.09 0.00 0.02 0.00 0.00 0.04 0.14 0.04 0.07 0.08 0.18 0.06 0.02
Scl   1007217     0.14 0.28 0.00 0.00 0.07 0.16 0.00 0.01 0.09 0.19 0.02 0.03 0.05 0.11 0.02 0.04 0.10 0.17 0.02 0.07
Scl   1007391     0.09 0.21 0.00 0.03 0.00 0.00 0.00 0.00 0.04 0.07 0.01 0.04 0.00 0.05 0.01 0.02 0.03 0.16 0.01 0.01
Scl   1007258     0.15 0.29 0.01 0.03 0.07 0.14 0.02 0.03 0.13 0.24 0.02 0.04 0.11 0.16 0.01 0.03 0.03 0.09 0.01 0.02
Scl   1007349     0.14 0.27 0.02 0.05 0.06 0.12 0.03 0.06 0.11 0.22 0.03 0.04 0.02 0.01 0.00 0.03 0.05 0.12 0.00 0.01
Scl   1007241     0.11 0.24 0.00 0.02 0.07 0.11 0.04 0.03 0.10 0.19 0.04 0.05 0.02 0.05 0.01 0.01 0.01 0.03 0.03 0.04
Scl   1007490     0.01 0.03 0.07 0.17 0.02 0.02 0.05 0.10 0.09 0.22 0.05 0.12 0.08 0.16 0.06 0.13 0.10 0.20 0.02 0.05
Scl   1007377     0.11 0.21 0.01 0.01 0.00 0.00 0.00 0.00 0.07 0.14 0.01 0.02 0.06 0.14 0.05 0.11 0.20 0.30 0.15 0.28
Scl   1007395     0.11 0.21 0.01 0.02 0.02 0.03 0.01 0.00 0.08 0.15 0.02 0.00 0.05 0.08 0.02 0.00 0.03 0.03 0.03 0.04
Scl   1007346     0.11 0.21 0.00 0.00 0.00 0.11 0.00 0.00 0.00 0.18 0.00 0.02 0.07 0.14 0.03 0.06 0.00 0.00 0.00 0.00
Scl   1007618     0.10 0.19 0.05 0.11 0.01 0.05 0.04 0.08 0.06 0.14 0.00 0.07 0.01 0.03 0.01 0.01 0.09 0.18 0.03 0.02
Scl   1007627     0.12 0.25 0.00 0.01 0.00 0.00 0.00 0.00 0.13 0.20 0.03 0.06 0.08 0.16 0.02 0.04 0.06 0.12 0.01 0.03
Scl   1007750     0.14 0.27 0.02 0.04 0.03 0.10 0.01 0.02 0.09 0.19 0.02 0.03 0.06 0.10 0.02 0.02 0.07 0.14 0.00 0.02
Scl   1007749     0.12 0.23 0.03 0.05 0.06 0.11 0.02 0.04 0.09 0.17 0.01 0.00 0.04 0.04 0.04 0.05 0.01 0.01 0.01 0.04
Scl   1007842     0.15 0.30 0.00 0.01 0.08 0.16 0.02 0.04 0.10 0.21 0.03 0.03 0.04 0.07 0.00 0.01 0.02 0.06 0.00 0.00
Scl   1007815     0.13 0.27 0.01 0.02 0.09 0.18 0.00 0.00 0.10 0.23 0.01 0.03 0.05 0.09 0.10 0.04 0.00 0.06 0.01 0.00
Scl   1007969     0.14 0.27 0.00 0.00 0.05 0.09 0.01 0.03 0.10 0.20 0.01 0.03 0.06 0.13 0.02 0.04 0.03 0.08 0.01 0.02
Scl   1007747     0.13 0.26 0.01 0.03 0.03 0.05 0.04 0.07 0.09 0.18 0.01 0.02 0.01 0.02 0.02 0.04 0.02 0.00 0.00 0.01
Scl   1200017     0.14 0.28 0.00 0.00 0.09 0.19 0.00 0.00 0.12 0.23 0.02 0.06 0.02 0.04 0.00 0.02 0.02 0.04 0.01 0.02
Scl   1008150     0.11 0.23 0.01 0.02 0.00 0.00 0.00 0.00 0.07 0.15 0.00 0.01 0.05 0.10 0.02 0.03 0.01 0.01 0.01 0.02
Scl   1008226     0.12 0.25 0.00 0.00 0.05 0.30 0.03 0.04 0.07 0.18 0.02 0.04 0.04 0.05 0.05 0.09 0.04 0.09 0.00 0.00
Scl   1007989     0.12 0.23 0.02 0.03 0.01 0.04 0.01 0.09 0.09 0.17 0.01 0.03 0.09 0.11 0.01 0.02 0.04 0.08 0.01 0.03
Scl   1008159     0.11 0.22 0.01 0.01 0.06 0.12 0.04 0.05 0.08 0.19 0.01 0.01 0.00 0.00 0.01 0.04 0.10 0.22 0.13 0.21
Scl   1007948     0.12 0.25 0.01 0.01 0.00 0.00 0.00 0.00 0.08 0.18 0.02 0.04 0.07 0.05 0.01 0.02 0.01 0.03 0.00 0.01
Scl   1008035     0.13 0.26 0.03 0.06 0.06 0.13 0.03 0.05 0.11 0.17 0.01 0.03 0.00 0.01 0.01 0.02 0.06 0.15 0.01 0.03
Scl   1008106     0.14 0.27 0.00 0.00 0.04 0.08 0.02 0.04 0.07 0.18 0.04 0.05 0.03 0.07 0.00 0.00 0.03 0.08 0.00 0.00
Scl   1008328     0.15 0.29 0.01 0.01 0.09 0.17 0.00 0.01 0.11 0.22 0.02 0.04 0.07 0.09 0.00 0.03 0.03 0.04 0.01 0.02
Scl   1008326     0.13 0.25 0.00 0.01 0.00 0.00 0.00 0.00 0.14 0.22 0.01 0.03 0.06 0.05 0.01 0.02 0.03 0.06 0.00 0.01
Scl   1008200     0.07 0.16 0.02 0.06 0.00 0.00 0.00 0.00 0.01 0.04 0.00 0.00 0.02 0.06 0.00 0.05 0.02 0.06 0.02 0.06
Scl   1008505     0.13 0.26 0.03 0.05 0.05 0.15 0.02 0.02 0.10 0.20 0.02 0.04 0.02 0.04 0.01 0.02 0.10 0.13 0.02 0.04
Scl   1008349     0.12 0.24 0.04 0.07 0.05 0.10 0.03 0.06 0.11 0.22 0.02 0.04 0.04 0.05 0.02 0.03 0.06 0.11 0.01 0.02
Scl   1008390     0.13 0.27 0.02 0.03 0.00 0.00 0.00 0.00 0.11 0.18 0.02 0.04 0.09 0.17 0.04 0.07 0.06 0.14 0.00 0.01
Scl   1008361     0.13 0.26 0.01 0.02 0.05 0.11 0.03 0.05 0.08 0.16 0.00 0.00 0.03 0.07 0.00 0.01 0.03 0.05 0.03 0.06
Scl   1008375     0.12 0.24 0.00 0.01 0.00 0.00 0.00 0.00 0.09 0.18 0.02 0.05 0.06 0.14 0.02 0.04 0.05 0.16 0.04 0.06
Scl   1008522     0.16 0.30 0.01 -999 0.06 0.13 0.02 0.03 0.14 0.27 0.01 0.00 0.00 0.00 0.03 0.05 0.06 0.20 0.00 0.04
Scl   1008475     0.13 0.25 0.03 0.07 0.05 0.11 0.03 0.06 0.13 0.21 0.03 0.07 0.07 0.14 0.03 0.06 0.13 0.19 0.01 0.04
Scl   1008462     0.14 0.28 0.01 0.02 0.07 0.11 0.01 0.03 0.11 0.18 0.01 0.02 0.06 0.14 0.01 0.01 0.03 0.07 0.02 0.03
Scl   1008579     0.14 0.27 0.01 0.02 0.02 0.01 0.06 0.10 0.09 0.20 0.01 0.03 0.03 0.04 0.00 0.00 0.07 0.13 0.00 0.01
Scl   1008666     0.15 0.30 0.01 0.01 0.07 0.16 0.02 0.04 0.09 0.23 0.01 0.01 0.04 0.07 0.03 0.04 0.01 0.05 0.02 0.04
Scl   1008651     0.13 0.26 0.03 0.06 0.03 0.10 0.02 0.03 0.10 0.18 0.02 0.04 0.05 0.08 0.03 0.04 0.10 0.16 0.02 0.05
Scl   1008460     0.11 0.21 0.02 0.03 0.02 0.05 0.04 0.07 0.06 0.14 0.00 0.00 0.03 0.05 0.00 0.00 0.06 0.12 0.02 0.05
Scl   1008563     0.07 0.12 0.07 -999 0.03 0.01 0.05 0.06 0.08 0.15 0.07 0.07 0.03 0.07 0.04 0.06 0.08 0.22 0.01 0.00
Scl   1008773     0.13 0.24 0.00 0.00 0.00 0.00 0.00 0.04 0.11 0.20 0.04 0.07 0.01 0.02 0.00 0.00 0.06 0.17 0.00 0.00
Scl   1008739     0.14 0.27 0.02 0.04 0.04 0.10 0.03 0.04 0.09 0.21 0.02 0.03 0.08 0.14 0.03 0.06 0.07 0.19 0.01 0.05
Scl   1008920     0.12 0.25 0.02 0.03 0.00 0.00 0.00 0.00 0.09 0.18 0.00 0.01 0.00 0.10 0.01 0.01 0.02 0.05 0.03 0.04
Scl   1008833     0.12 0.22 0.04 0.09 0.04 0.09 0.03 0.09 0.06 0.20 0.02 0.05 0.05 0.08 0.04 0.09 0.10 0.20 0.02 0.01
Scl   1008832     0.13 0.27 0.01 0.03 0.11 0.14 0.01 0.02 0.11 0.15 0.00 0.01 0.05 0.09 0.02 0.04 0.04 0.10 0.01 0.00
Scl   1008882     0.13 0.25 0.01 0.01 0.07 0.15 0.02 0.03 0.08 0.14 0.01 0.02 0.08 0.15 0.03 0.06 0.08 0.12 0.03 0.06
Scl   1009023     0.13 0.25 0.01 0.02 0.00 0.00 0.00 0.00 0.09 0.17 0.00 0.05 0.06 0.10 0.02 0.04 0.00 0.01 0.00 0.00
Scl   1009300     0.17 0.32 0.00 0.00 0.09 0.17 0.00 0.03 0.12 0.23 0.05 0.05 0.03 0.05 0.02 0.04 0.02 0.10 0.00 0.01
Scl   1009336     0.14 0.27 0.01 0.02 0.08 0.16 0.02 0.04 0.12 0.20 0.01 0.03 0.04 0.09 0.02 0.04 0.04 0.06 0.02 0.03
Scl   1009320     0.14 0.28 0.02 0.03 0.07 0.12 0.02 0.02 0.09 0.18 0.01 0.00 0.02 0.04 0.00 0.00 0.06 0.11 0.02 0.04
Scl   1009423     0.12 0.24 0.01 0.01 0.05 0.12 0.02 0.05 0.09 0.20 0.01 0.02 0.02 0.06 0.01 0.01 0.03 0.02 0.00 0.01
Scl   1009280     0.17 0.31 0.00 0.00 0.11 0.19 0.00 0.01 0.14 0.25 0.02 0.04 0.06 0.07 0.03 0.05 0.02 0.03 0.01 0.02
Scl   1009421     0.15 0.30 0.00 0.01 0.09 0.24 0.00 0.02 0.10 0.22 0.00 0.02 0.07 0.12 0.01 0.01 0.03 0.06 0.02 0.03
Scl   1009529     0.14 0.28 0.02 0.04 0.07 0.14 0.02 0.04 0.10 0.19 0.01 0.03 0.02 0.02 0.00 0.01 0.05 0.10 0.01 0.00
Scl   1009348     0.14 0.27 0.01 0.01 0.07 0.11 0.00 0.01 0.07 0.15 0.00 0.02 0.07 0.12 0.02 0.04 0.01 0.02 0.03 0.04
Scl   1009387     0.15 0.29 0.02 0.04 0.07 0.14 0.03 0.06 0.00 0.00 0.00 0.00 0.03 0.03 0.00 0.02 0.03 0.07 0.01 0.02
Scl   1009527     0.12 0.22 0.04 0.08 0.03 0.06 0.03 0.06 0.09 0.18 0.07 0.07 0.03 0.05 0.01 0.02 0.11 0.20 0.02 0.03
Scl   1009440     0.10 0.22 0.01 0.03 0.04 0.09 0.03 0.08 0.09 0.14 0.01 0.02 0.07 0.13 0.03 0.02 0.04 0.08 0.03 0.05
Scl   1009510     0.13 0.27 0.01 0.02 0.06 0.14 0.01 0.02 0.10 0.20 0.02 0.04 0.02 0.04 0.02 0.04 0.04 0.08 0.02 0.03
Scl   1009673     0.11 0.21 0.02 0.04 0.00 0.00 0.00 0.00 0.06 0.22 0.00 0.00 0.07 0.12 0.01 0.01 0.00 0.00 0.00 0.00
Scl   1009538     0.15 0.29 0.02 0.04 0.06 0.13 0.03 0.06 0.12 0.23 0.01 0.01 0.00 0.01 0.00 0.00 0.06 0.13 0.00 0.04
Scl   1009505     0.11 0.23 0.02 0.03 0.00 0.00 0.00 0.00 0.07 0.17 0.00 0.02 0.01 0.02 0.05 0.04 0.04 0.06 0.02 0.02
Scl   1009698     0.14 0.28 0.01 0.02 0.07 0.15 0.02 0.04 0.12 0.21 0.03 0.04 0.01 0.01 0.00 0.00 0.04 0.09 0.02 0.02
Scl   1009740     0.16 0.31 0.03 0.05 0.10 0.19 0.03 0.04 0.15 0.29 0.01 0.04 0.09 0.17 0.03 0.07 0.02 0.05 0.02 0.03
Scl   1009627     0.11 0.21 0.02 0.04 0.00 0.04 0.00 0.00 0.08 0.15 0.00 0.00 0.04 0.08 0.00 0.01 0.04 0.07 0.01 0.03
Scl   1009824     0.14 0.28 0.03 0.05 0.06 0.08 0.03 0.05 0.11 0.23 0.02 0.03 0.02 0.04 0.01 0.03 0.09 0.17 0.00 0.00
Scl   1009708     0.13 0.25 0.01 0.01 0.08 0.15 0.01 0.02 0.09 0.19 0.05 0.04 0.05 0.13 0.02 0.04 0.03 0.06 0.00 0.00
Scl   1009721     0.13 0.27 0.03 0.06 0.05 0.10 0.02 0.05 0.10 0.19 0.02 0.05 0.04 0.05 0.02 0.03 0.07 0.13 0.02 0.02
Scl   1009881     0.13 0.25 0.01 0.02 0.00 0.00 0.00 0.00 0.09 0.18 0.02 0.03 0.03 0.06 0.01 0.02 0.08 0.18 0.01 0.02
Scl   1009925     0.14 0.27 0.01 0.01 0.00 0.00 0.00 0.00 0.00 0.00 0.00 0.00 0.14 0.16 0.10 0.20 0.00 0.01 0.02 0.04
Scl   1009813     0.13 0.24 0.02 0.03 0.09 0.18 0.01 0.02 0.10 0.17 0.00 0.00 0.07 0.12 0.00 0.01 0.02 0.02 0.02 0.02
Scl   1009948     0.14 0.28 0.02 0.03 0.11 0.21 0.02 0.03 0.11 0.21 0.00 0.03 0.01 0.02 0.03 0.05 0.03 0.10 0.00 0.00
Scl   1009811     0.12 0.26 0.01 0.02 0.00 0.00 0.00 0.00 0.06 0.18 0.01 0.02 0.00 0.03 0.00 0.00 0.07 0.13 0.02 0.03
Scl   1010002     0.14 0.28 0.02 0.04 0.06 0.15 0.02 0.04 0.09 0.18 0.02 0.04 0.03 0.06 0.01 0.02 0.08 0.13 0.00 0.03
Scl   1010084     0.12 0.24 0.01 0.01 0.04 0.09 0.00 0.02 0.06 0.09 0.04 0.04 0.04 0.08 0.02 0.01 0.01 0.03 0.06 0.16
Scl   1010313     0.13 0.25 0.00 0.00 0.00 0.00 0.00 0.00 0.17 0.38 0.04 0.08 0.08 0.16 0.03 0.04 0.01 0.03 0.03 0.06
Scl   1010208     0.14 0.28 0.00 0.00 0.00 0.00 0.00 0.00 0.15 0.25 0.01 0.03 0.07 0.13 0.00 0.01 0.01 0.03 0.02 0.02
Scl   1010042     0.14 0.27 0.02 0.04 0.07 0.14 0.02 0.05 0.10 0.20 0.01 0.01 0.05 0.06 0.00 0.01 0.03 0.08 0.01 0.04
Scl   1010069     0.03 0.06 0.08 -999 0.02 0.03 0.06 0.06 0.12 0.23 0.05 0.02 0.06 0.15 0.06 0.07 0.11 0.20 0.02 0.04
Scl   1010125     0.14 0.27 0.01 0.02 0.08 0.15 0.02 0.03 0.09 0.17 0.01 0.02 0.07 0.14 0.03 0.05 0.08 0.11 0.02 0.03
Scl   1010231     0.16 0.31 0.01 0.01 0.06 0.13 0.02 0.09 0.11 0.24 0.03 0.05 0.02 0.03 0.00 0.00 0.08 0.14 0.00 0.00
Scl   1010229     0.13 0.26 0.04 0.07 0.03 0.11 0.02 0.06 0.11 0.20 0.01 0.04 0.05 0.06 0.05 0.06 0.12 0.14 0.01 0.05
Scl   1010215     0.14 0.28 0.01 0.02 0.06 0.14 0.02 0.04 0.10 0.18 0.01 0.04 0.01 0.01 0.01 0.02 0.08 0.14 0.03 0.06
Scl   1010320     0.15 0.29 0.00 0.00 0.10 0.18 0.01 0.02 0.09 0.20 0.04 0.04 0.08 0.15 0.02 0.04 0.05 0.08 0.01 0.03
Scl   1010476     0.12 0.26 0.01 0.02 0.07 0.15 0.02 0.04 0.10 0.21 0.01 0.03 0.05 0.09 0.01 0.00 0.01 0.03 0.01 0.03
Scl   1010524     0.13 0.25 0.03 0.06 0.03 0.08 0.01 0.02 0.10 0.18 0.02 0.04 0.04 0.03 0.00 0.00 0.06 0.12 0.01 0.05
Scl   1010633     0.14 0.28 0.00 0.00 0.08 0.14 0.02 0.03 0.08 0.20 0.01 0.00 0.11 0.22 0.04 0.08 0.03 0.08 0.01 0.03
Scl   1010388     0.11 0.21 0.05 0.10 0.03 0.06 0.06 0.10 0.04 0.18 0.02 0.02 0.02 0.03 0.02 0.03 0.09 0.16 0.03 0.04
Scl   1010645     0.14 0.27 0.02 0.04 0.02 0.11 0.01 0.03 0.10 0.19 0.06 0.05 0.01 0.03 0.00 0.00 0.08 0.13 0.04 0.06
Scl   1010730     0.14 0.27 0.02 0.03 0.07 0.10 0.00 0.00 0.13 0.19 0.02 0.03 0.05 0.09 0.01 0.02 0.06 0.11 0.05 0.06
Scl   1010533     0.14 0.29 0.01 0.01 0.00 0.00 0.00 0.00 0.09 0.21 0.04 0.04 0.08 0.09 0.00 0.01 0.03 0.01 0.00 0.00
Scl   1010568     0.13 0.26 0.03 0.05 0.00 0.00 0.00 0.00 0.10 0.22 0.02 0.05 0.07 0.12 0.02 0.04 0.06 0.16 0.02 0.00
Scl   1010559     0.08 0.14 0.08 0.14 0.01 0.01 0.02 0.11 0.07 0.16 0.06 0.09 0.04 0.10 0.02 0.04 0.08 0.20 0.00 0.04
Scl   1010605     0.16 0.30 0.02 0.03 0.10 0.18 0.01 0.01 0.12 0.24 0.02 0.04 0.03 0.07 0.02 0.04 0.10 0.15 0.00 0.00
Scl   1010628     0.13 0.26 0.02 0.04 0.05 0.10 0.01 0.04 0.09 0.19 0.04 0.04 0.06 0.10 0.01 0.02 0.07 0.15 0.04 0.04
Scl   1010824     0.16 0.31 0.00 0.01 0.08 0.12 0.00 0.00 0.07 0.23 0.01 0.03 0.04 0.08 0.03 0.04 0.00 0.07 0.00 0.01
Scl   1010821     0.13 0.26 0.03 0.05 0.00 0.00 0.00 0.00 0.11 0.23 0.03 0.02 0.07 0.12 0.01 0.02 0.07 0.13 0.02 0.03
Scl   1010958     0.13 0.25 0.01 0.01 0.09 0.17 0.01 0.02 0.11 0.22 0.03 0.07 0.06 0.10 0.02 0.02 0.03 0.06 0.03 0.05
Scl   1010841     0.14 0.26 0.03 0.06 0.07 0.15 0.01 0.04 0.11 0.21 0.03 0.06 0.01 0.03 0.00 0.00 0.05 0.12 0.00 0.04
Scl   1010831     0.14 0.27 0.00 0.00 0.04 0.05 0.03 0.05 0.12 0.24 0.02 0.04 0.05 0.08 0.05 0.05 0.06 0.12 0.03 0.06
Scl   1010968     0.14 0.28 0.01 0.02 0.09 0.19 0.01 0.02 0.00 0.00 0.00 0.00 0.04 0.08 0.00 0.00 0.02 0.03 0.00 0.02
Scl   1011048     0.15 0.29 0.01 0.01 0.00 0.00 0.00 0.00 0.08 0.23 0.01 0.01 0.01 0.05 0.01 0.05 0.02 0.05 0.01 0.03
Scl   1011261     0.16 0.32 0.01 0.03 0.00 0.00 0.00 0.00 0.12 0.26 0.01 0.03 0.05 0.10 0.01 0.03 0.03 0.10 0.03 0.05
Scl   1010951     0.12 0.23 0.01 0.01 0.00 0.00 0.00 0.00 0.09 0.11 0.02 0.05 0.09 0.17 0.03 0.06 0.00 0.00 0.00 0.00
Scl   1011316     0.14 0.28 0.01 0.03 0.06 0.12 0.02 0.05 0.08 0.19 0.04 0.04 0.00 0.03 0.00 0.01 0.04 0.12 0.00 0.00
Scl   1011256     0.14 0.26 0.01 0.01 0.08 0.13 0.02 0.05 0.09 0.15 0.01 0.02 0.07 0.12 0.01 0.01 0.04 0.11 0.04 0.06
Scl   1011382     0.13 0.20 0.01 0.02 0.63 0.94 0.62 0.99 0.00 0.00 0.00 0.00 0.00 0.00 0.00 0.00 0.13 0.25 0.04 0.09
Scl   1011179     0.13 0.25 0.02 0.03 0.00 0.00 0.00 0.00 0.09 0.18 0.02 0.03 0.02 0.04 0.01 0.02 0.04 0.08 0.01 0.01
Scl   1011213     0.13 0.25 0.02 0.04 0.07 0.13 0.02 0.04 0.10 0.19 0.02 0.04 0.04 0.05 0.01 0.02 0.04 0.10 0.01 0.01
Scl   1011550     0.11 0.21 0.01 0.01 0.00 0.00 0.00 0.00 0.06 0.11 0.00 0.01 0.02 0.03 0.01 0.02 0.01 0.03 0.00 0.01
Scl   1011460     0.15 0.29 0.01 0.02 0.05 0.10 0.02 0.02 0.09 0.22 0.02 0.05 0.04 0.07 0.00 0.01 0.07 0.09 0.02 0.00
Scl   1011518     0.15 0.30 0.00 0.00 0.07 0.13 0.03 0.05 0.10 0.22 0.00 0.03 0.04 0.06 0.01 0.02 0.01 0.00 0.00 0.01
Scl   1011455     0.13 0.27 0.02 0.03 0.00 0.00 0.00 0.00 0.09 0.18 0.00 0.00 0.02 0.03 0.00 0.00 0.01 0.07 0.00 0.00
Scl   1011442     0.14 0.27 0.01 0.02 0.11 0.17 0.00 0.01 0.09 0.18 0.02 0.03 0.08 0.14 0.03 0.06 0.01 0.07 0.01 0.01
Scl   1011392     0.10 0.20 0.03 0.05 0.00 0.00 0.00 0.00 0.07 0.13 0.00 0.01 0.02 0.05 0.01 0.03 0.04 0.08 0.02 0.04
Scl   1011529     0.14 0.27 0.01 0.02 0.09 0.16 0.01 0.02 0.10 0.19 0.00 0.02 0.08 0.14 0.02 0.04 0.06 0.12 0.00 0.02
Scl   1011569     0.11 0.21 0.01 0.01 0.09 0.15 0.01 0.01 0.14 0.24 0.03 0.06 0.00 0.01 0.01 0.01 0.03 0.08 0.01 0.01
Scl   1011513     0.14 0.28 0.01 0.03 0.00 0.00 0.00 0.00 0.11 0.20 0.02 0.04 0.04 0.07 0.00 0.01 0.04 0.05 0.01 0.03
Scl   1011494     0.13 0.26 0.01 0.02 0.05 0.10 0.01 0.03 0.08 0.18 0.00 0.00 0.05 0.10 0.03 0.06 0.02 0.03 0.01 0.02
Scl   1011575     0.13 0.25 0.02 0.03 0.00 0.00 0.00 0.00 0.06 0.18 0.01 0.01 0.06 0.10 0.01 0.02 0.07 0.15 0.03 0.09
Scl   1011633     0.13 0.27 0.01 0.01 0.00 0.00 0.00 0.00 0.09 0.19 0.01 0.03 0.05 0.10 0.02 0.02 0.04 0.07 0.02 0.03
Scl   1011721     0.14 0.28 0.00 0.01 0.01 0.03 0.01 0.05 0.10 0.19 0.01 0.01 0.07 0.13 0.03 0.05 0.05 0.13 0.01 0.03
Scl   1011506     0.13 0.26 0.02 0.04 0.05 0.11 0.00 0.01 0.09 0.18 0.00 0.01 0.11 0.20 0.04 0.08 0.06 0.13 0.00 0.01
Scl   1011774     0.14 0.27 0.01 0.02 0.08 0.16 0.02 0.03 0.07 0.20 0.01 0.01 0.00 0.01 0.00 0.01 0.01 0.03 0.05 0.05
Scl   1011427     0.14 0.27 0.02 0.03 0.08 0.14 0.02 0.04 0.10 0.19 0.00 0.00 0.07 0.12 0.00 0.03 0.07 0.13 0.02 0.03
Scl   1011587     0.13 0.26 0.02 0.04 0.07 0.15 0.02 0.03 0.10 0.21 0.03 0.06 0.08 0.13 0.04 0.06 0.04 0.13 0.03 0.03
Scl   1011479     0.11 0.21 0.01 0.02 0.06 0.15 0.00 0.00 0.08 0.16 0.00 0.01 0.08 0.17 0.03 0.07 0.02 0.01 0.02 0.02
Scl   1011717     0.12 0.25 0.02 0.03 0.06 0.13 0.05 0.06 0.07 0.16 0.01 0.00 0.00 0.02 0.04 0.06 0.00 0.01 0.02 0.02
Scl   1011828     0.14 0.27 0.01 0.03 0.07 0.14 0.02 0.04 0.11 0.19 0.01 0.01 0.02 0.04 0.00 0.01 0.06 0.07 0.00 0.04
Scl   1011895     0.13 0.26 0.01 0.02 0.06 0.19 0.01 0.00 0.00 0.00 0.00 0.00 0.03 0.05 0.01 0.01 0.03 0.06 0.01 0.02
Scl   1011802     0.15 0.30 0.01 0.02 0.08 0.15 0.02 0.04 0.14 0.21 0.02 0.03 0.01 0.00 0.01 0.02 0.04 0.11 0.01 0.01
Scl   1011742     0.16 0.31 0.00 0.00 0.10 0.19 0.01 0.02 0.11 0.21 0.00 0.00 0.08 0.15 0.01 0.03 0.12 0.17 0.02 0.05
Scl   1011716     0.14 0.28 0.01 0.02 0.09 0.17 0.01 0.02 0.09 0.19 0.00 0.01 0.04 0.08 0.01 0.01 0.01 0.02 0.01 0.01
Scl   1011626     0.15 0.29 0.01 0.03 0.05 0.12 0.02 0.06 0.10 0.22 0.03 0.04 0.06 0.11 0.02 0.04 0.10 0.19 0.01 0.03
Scl   1011834     0.11 0.22 0.01 0.02 0.06 0.13 0.01 0.02 0.06 0.14 0.01 0.00 0.07 0.13 0.03 0.06 0.00 0.00 0.00 0.00
Scl   1011873     0.13 0.26 0.02 0.04 0.00 0.00 0.00 0.00 0.11 0.22 0.01 0.01 0.06 0.09 0.01 0.02 0.05 0.12 0.00 0.01
Scl   1011955     0.13 0.27 0.02 0.04 0.09 0.13 0.01 0.05 0.10 0.21 0.02 0.04 0.04 0.07 0.01 0.02 0.07 0.11 0.01 0.00
Scl   1011954     0.13 0.26 0.01 0.02 0.00 0.00 0.00 0.00 0.13 0.17 0.09 0.12 0.06 0.11 0.03 0.05 0.04 0.04 0.01 0.02
Scl   1012053     0.11 0.19 0.01 0.00 0.00 0.00 0.00 0.00 0.16 0.28 0.07 0.15 0.00 0.00 0.00 0.00 0.00 0.00 0.00 0.00
Scl   1011918     0.09 0.19 0.01 0.01 0.06 0.10 0.00 0.00 0.09 0.17 0.04 0.02 0.06 0.11 0.02 0.06 0.41 0.51 0.27 0.40
Scl   1012108     0.14 0.28 0.00 0.00 0.06 0.13 0.02 0.03 0.10 0.19 0.03 0.04 0.02 0.04 0.01 0.02 0.02 0.04 0.03 0.06
Scl   1012164     0.12 0.23 0.00 0.01 0.06 0.12 0.01 0.04 0.06 0.16 0.01 0.01 0.09 0.16 0.05 0.09 0.04 0.13 0.02 0.07
Scl   1012230     0.11 0.24 0.02 0.04 0.04 0.05 0.02 0.04 0.00 0.00 0.00 0.00 0.00 0.01 0.01 0.03 0.11 0.20 0.02 0.04
Scl   1011974     0.14 0.27 0.03 0.05 0.06 0.13 0.03 0.06 0.10 0.20 0.02 0.06 0.06 0.08 0.01 0.02 0.11 0.15 0.01 0.05
Scl   1012132     0.14 0.28 0.00 0.01 0.09 0.18 0.00 0.01 0.11 0.21 0.01 0.03 0.07 0.13 0.01 0.03 0.01 0.01 0.03 0.00
Scl   1012182     0.14 0.27 0.01 0.02 0.00 0.00 0.00 0.00 0.11 0.19 0.02 0.03 0.07 0.13 0.02 0.04 0.02 0.05 0.02 0.03
Scl   1012124     0.11 0.22 0.01 0.02 0.00 0.00 0.00 0.00 0.09 0.20 0.01 0.01 0.05 0.10 0.02 0.03 0.00 0.03 0.01 0.02
Scl   1012039     0.14 0.26 0.00 0.00 0.14 0.22 0.13 0.27 0.10 0.20 0.02 0.04 0.05 0.13 0.04 0.05 0.05 0.16 0.00 0.04
Scl   1012257     0.12 0.23 0.02 0.05 0.07 0.11 0.05 0.07 0.11 0.20 0.05 0.07 0.06 0.11 0.02 0.03 0.03 0.13 0.02 0.02
Scl   1012290     0.12 0.25 0.02 0.03 0.08 0.17 0.01 0.02 0.12 0.16 0.01 0.02 0.03 0.07 0.00 0.00 0.02 0.02 0.01 0.01
Scl   1012318     0.14 0.28 0.01 0.02 0.00 0.00 0.00 0.00 0.00 0.00 0.00 0.00 0.03 0.06 0.01 0.03 0.01 0.02 0.00 0.00
Scl   1012307     0.11 0.21 0.02 0.03 0.09 0.18 0.00 0.00 0.07 0.12 0.01 0.03 0.06 0.12 0.03 0.04 0.07 0.15 0.01 0.02
Scl   1012316     0.14 0.27 0.02 0.04 0.12 0.11 0.02 0.04 0.11 0.21 0.04 0.05 0.00 0.02 0.00 0.00 0.05 0.11 0.01 0.02
Scl   1012268     0.10 0.20 0.00 0.02 0.00 0.00 0.00 0.00 0.07 0.15 0.00 0.00 0.03 0.06 0.01 0.00 0.00 0.00 0.00 0.01
Scl   1012533     0.14 0.27 0.02 0.04 0.07 0.09 0.02 0.04 0.10 0.20 0.05 0.07 0.04 0.08 0.00 0.03 0.10 0.17 0.00 0.00
Scl   1012289     0.10 0.22 0.00 0.03 0.00 0.00 0.00 0.00 0.00 0.06 0.00 0.01 0.04 0.08 0.01 0.04 0.01 0.10 0.03 0.01
Scl   1012279     0.11 0.22 0.01 0.01 0.04 0.07 0.02 0.03 0.11 0.17 0.02 0.02 0.06 0.11 0.02 0.05 0.16 0.32 0.08 0.15
Scl   1012487     0.14 0.29 0.01 0.02 0.00 0.00 0.00 0.00 0.00 0.00 0.00 0.00 0.05 0.11 0.01 0.02 0.00 0.00 0.02 0.04
Scl   1012620     0.12 0.25 0.00 0.00 0.10 0.12 0.01 0.02 0.09 0.18 0.02 0.03 0.07 0.19 0.03 0.05 0.13 0.21 0.06 0.11
Scl   1012567     0.12 0.24 0.01 0.01 0.08 0.14 0.01 0.02 0.00 0.00 0.00 0.00 0.02 0.02 0.00 0.00 0.01 0.05 0.01 0.01
Scl   1012617     0.13 0.26 0.02 0.02 0.00 0.00 0.00 0.00 0.09 0.15 0.02 0.05 0.04 0.04 0.01 0.02 0.03 0.05 0.00 0.00
Scl   1012628     0.12 0.22 0.04 -999 0.00 0.01 0.04 0.05 0.13 0.25 0.03 0.03 0.01 0.02 0.04 0.05 0.14 0.25 0.04 0.05
Scl   1012826     0.15 0.30 0.00 0.01 0.02 0.02 0.03 0.05 0.10 0.24 0.02 0.03 0.04 0.09 0.01 0.01 0.06 0.09 0.01 0.01
Scl   1012960     0.15 0.28 0.00 0.00 0.07 0.11 0.02 0.05 0.00 0.00 0.00 0.00 0.00 0.00 0.00 0.00 0.01 0.05 0.00 0.00
Scl   1012992     0.13 0.25 0.00 0.00 0.06 0.10 0.00 0.02 0.07 0.16 0.02 0.01 0.03 0.05 0.00 0.00 0.01 0.04 0.01 0.02
Scl   1012835     0.16 0.31 0.01 0.02 0.07 0.13 0.02 0.05 0.13 0.25 0.02 0.04 0.03 0.04 0.01 0.01 0.08 0.18 0.01 0.04
Scl   1012781     0.12 0.24 0.01 0.01 0.06 0.14 0.01 0.01 0.09 0.19 0.04 0.06 0.02 0.07 0.01 0.01 0.01 0.00 0.01 0.00
Scl   1013066     0.13 0.27 0.01 0.01 0.08 0.16 0.02 0.04 0.11 0.20 0.01 0.03 0.08 0.13 0.04 0.07 0.05 0.13 0.01 0.03
Scl   1013086     0.14 0.27 0.01 0.03 0.00 0.03 0.02 0.05 0.09 0.18 0.01 0.00 0.03 0.04 0.01 0.00 0.07 0.13 0.02 0.05
Scl   1013035     0.11 0.22 0.01 0.02 0.00 0.00 0.00 0.00 0.12 0.22 0.00 0.02 0.04 0.11 0.01 0.02 0.07 0.13 0.01 0.00
Scl   1013142     0.13 0.26 0.01 0.02 0.00 0.00 0.00 0.00 0.10 0.16 0.01 0.03 0.03 0.10 0.00 0.01 0.03 0.08 0.02 0.04
Scl   1013185     0.12 0.24 0.01 0.01 0.00 0.00 0.00 0.00 0.15 0.30 0.01 0.04 0.18 0.28 0.12 0.20 0.05 0.10 0.03 0.09
Scl   1013095     0.12 0.24 0.01 0.03 0.07 0.12 0.02 0.04 0.08 0.16 0.01 0.02 0.01 0.05 0.00 0.00 0.00 0.00 0.01 0.02
Scl   1013127     0.10 0.20 0.02 0.03 0.00 0.00 0.00 0.00 0.04 0.11 0.02 0.01 0.05 0.10 0.03 0.06 0.03 0.06 0.04 0.06
Scl   1013011     0.13 0.26 0.03 0.06 0.07 0.13 0.01 0.03 0.08 0.19 0.02 0.04 0.05 0.10 0.00 0.00 0.11 0.21 0.03 0.06
Scl   1013235     0.13 0.26 0.02 0.05 0.05 0.08 0.04 0.09 0.05 0.06 0.00 0.02 0.17 0.30 0.08 0.15 0.04 0.11 0.03 0.05
Scl   1013218     0.12 0.26 0.01 0.02 0.01 0.05 0.05 0.06 0.08 0.18 0.01 0.03 0.03 0.01 0.04 0.05 0.06 0.13 0.02 0.03
Scl   1013366     0.11 0.21 0.03 0.05 0.11 0.20 0.01 0.03 0.09 0.15 0.01 0.01 0.02 0.03 0.02 0.05 0.00 0.00 0.01 0.00
Scl   1013381     0.15 0.31 0.00 0.01 0.10 0.20 0.00 0.01 0.00 0.00 0.00 0.00 0.13 0.23 0.05 0.09 0.01 0.00 0.05 0.07
Scl   1013242     0.11 0.21 0.05 0.09 0.01 0.02 0.03 0.04 0.04 0.16 0.03 0.06 0.06 0.10 0.02 0.04 0.10 0.19 0.02 0.03
Scl   1013200     0.14 0.28 0.02 0.03 0.06 0.11 0.02 0.05 0.10 0.22 0.02 0.03 0.06 0.10 0.00 0.01 0.06 0.15 0.01 0.04
Scl   1013241     0.13 0.25 0.00 0.00 0.00 0.00 0.00 0.00 0.10 0.20 0.02 0.04 0.02 0.03 0.01 0.02 0.23 0.28 0.03 0.05
Scl   1013377     0.11 0.21 0.04 -999 0.05 0.08 0.02 0.03 0.13 0.25 0.02 0.02 0.03 0.08 0.06 0.05 0.06 0.15 0.01 0.00
Scl   1013401     0.13 0.27 0.00 0.01 0.07 0.13 0.01 0.03 0.10 0.20 0.01 0.02 0.02 0.03 0.00 0.02 0.02 0.05 0.04 0.09
Scl   1013644     0.13 0.24 0.02 -999 0.00 0.00 0.00 0.00 0.22 0.32 0.14 0.16 0.00 0.01 0.01 0.00 0.07 0.10 0.02 0.03
Scl   1013856     0.14 0.27 0.00 0.00 0.04 0.62 0.04 0.10 0.00 0.00 0.00 0.00 0.00 0.00 0.00 0.00 0.00 0.00 0.00 0.00
Scl   1013808     0.14 0.27 0.00 0.00 0.00 0.00 0.00 0.00 0.12 0.24 0.01 0.02 0.08 0.15 0.01 0.02 0.01 0.02 0.00 0.00
Scl   1013881     0.14 0.27 0.00 0.00 0.00 0.00 0.00 0.00 0.10 0.20 0.01 0.02 0.23 0.40 0.12 0.24 0.06 0.09 0.03 0.06
Scl   1013820     0.13 0.26 0.01 0.03 0.00 0.00 0.00 0.00 0.09 0.17 0.00 0.04 0.04 0.07 0.01 0.02 0.02 0.04 0.01 0.02
Scl   1013854     0.06 0.13 0.07 0.14 0.01 0.03 0.06 0.11 0.00 0.00 0.00 0.00 0.06 0.10 0.05 0.10 0.10 0.15 0.03 0.06
Scl   1013911     0.16 0.31 0.01 0.02 0.10 0.16 0.05 0.04 0.03 0.05 0.01 0.06 0.07 0.13 0.01 0.02 0.02 0.08 0.01 0.02
Scl   1013928     0.14 0.27 0.02 0.03 0.05 0.05 0.01 0.06 0.10 0.19 0.05 0.05 0.02 0.03 0.00 0.01 0.01 0.06 0.01 0.01
Scl   1013834     0.15 0.29 0.01 0.02 0.06 0.15 0.01 0.03 0.10 0.20 0.01 0.02 0.03 0.07 0.00 0.00 0.01 0.02 0.01 0.01
Scl   1014027     0.13 0.27 0.02 0.05 0.03 0.10 0.02 0.05 0.00 0.00 0.00 0.00 0.01 0.03 0.00 0.00 0.06 0.11 0.02 0.04
Scl   1013976     0.14 0.27 0.02 0.05 0.05 0.07 0.04 0.05 0.12 0.22 0.00 0.01 0.08 0.13 0.03 0.05 0.06 0.15 0.00 0.01
Scl   1013817     0.03 0.09 0.08 -999 0.03 0.03 0.06 0.07 0.11 0.15 0.07 0.06 0.05 0.11 0.06 0.08 0.05 0.18 0.00 0.05
Scl   1013950     0.13 0.26 0.03 0.06 0.06 0.10 0.03 0.06 0.10 0.21 0.01 0.03 0.01 0.05 0.00 0.02 0.09 0.19 0.03 0.05
Scl   1013949     0.14 0.28 0.02 0.03 0.05 0.10 0.03 0.05 0.11 0.21 0.02 0.03 0.04 0.02 0.01 0.04 0.04 0.09 0.01 0.01
Scl   1014114     0.14 0.27 0.00 0.01 0.00 0.00 0.00 0.00 0.11 0.20 0.03 0.03 0.02 0.03 0.01 0.00 0.03 0.04 0.00 0.00
Scl   1014115     0.12 0.25 0.01 0.01 0.00 0.00 0.00 0.00 0.15 0.33 0.02 0.12 0.03 0.05 0.03 0.05 0.05 0.10 0.10 0.16
Scl   1014153     0.13 0.26 0.02 0.03 0.09 0.15 0.07 0.04 0.10 0.18 0.00 0.05 0.11 0.23 0.07 0.13 0.07 0.10 0.05 0.07
Scl   1014064     0.15 0.29 0.01 0.03 0.11 0.19 0.01 0.03 0.13 0.25 0.04 0.07 0.02 0.05 0.01 0.01 0.10 0.20 0.04 0.03
Scl   1013945     0.14 0.28 0.01 0.02 0.00 0.00 0.00 0.00 0.08 0.17 0.00 0.01 0.04 0.07 0.00 0.00 0.04 0.06 0.05 0.06
Scl   1014094     0.14 0.28 0.01 0.03 0.07 0.15 0.02 0.04 0.09 0.20 0.01 0.01 0.07 0.10 0.01 0.03 0.05 0.13 0.04 0.03
Scl   1014294     0.17 0.31 0.02 0.02 0.08 0.14 0.04 0.07 0.13 0.24 0.00 0.01 0.27 0.45 0.12 0.25 0.04 0.16 0.05 0.07
Scl   1014177     0.14 0.27 0.01 0.01 0.00 0.00 0.00 0.00 0.08 0.15 0.01 0.01 0.06 0.11 0.01 0.02 0.15 0.22 0.05 0.11
Scl   1014192     0.13 0.27 0.01 0.02 0.01 0.04 0.03 0.08 0.09 0.18 0.00 0.00 0.04 0.05 0.02 0.03 0.01 0.02 0.02 0.02
Scl   1014173     0.13 0.26 0.01 0.02 0.00 0.00 0.00 0.00 0.25 0.39 0.04 0.09 0.07 0.14 0.02 0.03 0.03 0.04 0.04 0.08
Scl   1014203     0.13 0.26 0.01 0.02 0.01 0.04 0.04 0.05 0.10 0.17 0.01 0.02 0.03 0.06 0.01 0.02 0.03 0.01 0.01 0.01
Scl   1014489     0.14 0.28 0.03 0.06 0.08 0.14 0.04 0.07 0.15 0.22 0.01 0.02 -999 -999 -999 -999 0.08 0.20 0.01 0.05
Scl   1014336     0.14 0.27 0.02 0.04 0.03 0.04 0.03 0.06 0.10 0.17 0.03 0.04 0.02 0.03 0.00 0.00 0.04 0.06 0.01 0.01
Scl   1014488     0.14 0.29 0.00 0.00 0.08 0.17 0.01 0.01 0.10 0.21 0.02 0.04 0.05 0.13 0.01 0.01 0.01 0.07 0.01 0.01
Scl   1014514     0.12 0.25 0.02 0.03 0.00 0.00 0.00 0.00 0.07 0.15 0.01 0.01 0.01 0.04 0.00 0.00 0.05 0.08 0.01 0.01
Scl   1014486     0.12 0.24 0.01 0.01 0.09 0.16 0.00 0.00 0.09 0.18 0.02 0.04 0.02 0.03 0.01 0.01 0.03 0.05 0.00 0.00
Scl   1014531     0.11 0.20 0.04 0.08 0.03 0.09 0.03 0.07 0.00 0.02 0.00 0.00 0.23 0.47 0.11 0.21 0.09 0.22 0.03 0.06
Scl   1014452     0.14 0.28 0.01 0.01 0.00 0.00 0.00 0.00 0.11 0.21 0.02 0.07 0.04 0.08 0.00 0.01 0.00 0.02 0.00 0.00
Scl   1014435     0.17 0.32 0.01 0.01 0.00 0.00 0.00 0.00 0.14 0.23 0.03 0.05 0.03 0.05 0.02 0.04 0.00 0.06 0.01 0.01
Scl   1014695     0.12 0.24 0.01 0.02 0.00 0.00 0.00 0.00 0.01 0.06 0.00 0.00 0.00 0.03 0.00 0.02 0.01 0.02 0.01 0.03
Scl   1014481     0.10 0.20 0.01 0.03 0.00 0.00 0.00 0.00 0.11 0.16 0.01 0.01 0.03 0.06 0.02 0.04 0.02 0.01 0.00 0.01
Scl   1014728     0.14 0.28 0.01 0.02 0.06 0.20 0.01 0.04 0.05 0.10 0.01 0.01 0.00 0.01 0.01 0.00 0.11 0.22 0.00 0.01
Scl   1014507     0.14 0.28 0.03 0.05 0.06 0.13 0.03 0.06 0.11 0.21 0.01 0.03 0.02 0.03 0.02 0.05 0.06 0.12 0.05 0.05
Scl   1014775     0.14 0.26 0.01 0.00 0.09 0.20 0.01 0.00 0.10 0.20 0.01 0.03 0.05 0.09 0.01 0.00 0.01 0.04 0.01 0.05
Scl   1014922     0.13 0.24 0.01 0.02 0.06 0.15 0.01 0.03 0.11 0.14 0.01 0.02 0.01 0.00 0.05 0.10 0.04 0.09 0.01 0.02
Scl   1014892     0.12 0.24 0.01 0.01 0.06 0.13 0.02 0.04 0.00 0.00 0.00 0.00 0.08 0.17 0.02 0.04 0.03 0.06 0.01 0.03
Scl   1015134     0.07 0.13 0.08 -999 0.00 0.03 0.06 0.06 0.00 0.00 0.00 0.00 0.03 0.16 0.06 0.07 0.07 0.19 0.00 0.05
Scl   1015254     0.10 0.23 0.02 0.03 0.01 0.01 0.06 0.10 0.06 0.17 0.00 0.01 0.05 0.07 0.05 0.08 0.06 0.06 0.04 0.01
Scl   1015286     0.14 0.26 0.02 0.04 0.07 0.15 0.01 0.01 0.10 0.20 0.01 0.02 0.11 0.20 0.05 0.10 0.00 0.07 0.02 0.00
Scl   1015237     0.14 0.27 0.00 0.00 0.00 0.00 0.00 0.00 0.11 0.21 0.02 0.03 0.07 0.13 0.03 0.06 0.01 0.04 0.01 0.03
Scl   1015321     0.14 0.29 0.03 -999 0.04 0.09 0.03 0.04 0.11 0.22 0.02 0.04 0.03 0.06 0.03 0.03 0.07 0.17 0.01 0.01
Scl   1015388     0.15 0.30 0.00 0.01 0.10 0.21 0.02 0.04 0.12 0.25 0.02 0.03 0.06 0.09 0.01 0.02 0.02 0.03 0.01 0.06
Scl   1015309     0.14 0.27 0.01 0.01 0.00 0.01 0.01 0.07 0.09 0.19 0.00 0.01 0.01 0.02 0.02 0.03 0.05 0.10 0.06 0.11
Scl   1015548     0.16 0.31 0.01 0.01 0.07 0.13 0.02 0.04 0.11 0.23 0.01 0.01 0.07 0.14 0.01 0.03 0.02 0.04 0.00 0.01
Scl   1015517     0.14 0.27 0.01 0.02 0.00 0.00 0.00 0.00 0.09 0.19 0.00 0.00 0.09 0.14 0.01 0.02 0.02 0.03 0.01 0.03
Scl   1015644     0.14 0.30 0.01 0.01 0.04 0.10 0.04 0.07 0.10 0.21 0.00 0.00 0.02 0.00 0.05 0.07 0.15 0.25 0.08 0.15
Scl   1015663     0.13 0.26 0.01 0.01 0.07 0.13 0.04 0.07 0.12 0.29 0.02 0.08 0.18 0.31 0.08 0.12 0.00 0.00 0.00 0.00
Scl   1015616     0.12 0.23 0.01 0.01 0.10 0.18 0.00 0.01 0.11 0.21 0.01 0.03 0.02 0.07 0.01 0.01 0.02 0.03 0.00 0.01
Scl   1015746     0.14 0.27 0.01 0.02 0.00 0.00 0.03 0.03 0.11 0.20 0.01 0.02 0.08 0.15 0.02 0.04 0.01 0.03 0.02 0.02
Scl   1015690     0.14 0.28 0.01 0.02 0.06 0.10 0.01 0.03 0.10 0.20 0.00 0.03 0.03 0.05 0.01 0.01 0.05 0.08 0.01 0.02
Scl   1015815     0.12 0.25 0.00 0.01 0.00 0.00 0.00 0.00 0.08 0.16 0.01 0.00 0.05 0.06 0.02 0.01 0.02 0.04 0.01 0.03
Scl   1015968     0.15 0.29 0.01 0.03 0.08 0.17 0.39 0.04 0.02 0.08 0.02 0.01 0.04 0.05 0.01 0.04 0.08 0.14 0.03 0.06
Scl   1015952     0.13 0.24 0.00 0.02 0.09 0.15 0.00 0.03 0.00 0.00 0.00 0.00 0.09 0.15 0.04 0.05 0.01 0.06 0.01 0.03
Scl   1015905     0.10 0.23 0.01 0.03 0.00 0.00 0.00 0.00 0.08 0.18 0.00 0.00 0.00 0.04 0.03 0.06 0.03 0.08 0.02 0.03
Scl   1016224     0.12 0.23 0.00 0.00 0.04 0.65 0.05 0.11 0.03 0.06 0.00 0.01 0.07 0.11 0.02 0.04 0.00 0.00 0.00 0.01
Scl   4013086     0.15 0.28 0.01 0.01 0.07 0.10 0.00 0.01 0.11 0.20 0.01 0.03 0.08 0.12 0.01 0.03 0.04 0.09 0.01 0.02
Scl   1016093     0.13 0.26 0.01 0.03 0.10 0.20 0.01 0.00 0.12 0.24 0.01 0.03 0.03 0.07 0.01 0.01 0.15 0.30 0.08 0.15
Scl   1016348     0.10 0.21 0.00 0.00 0.00 0.00 0.00 0.00 0.00 0.00 0.00 0.00 0.01 0.03 0.01 0.02 0.15 0.20 0.12 0.18
Scl   1016274     0.15 0.29 0.02 0.03 0.01 0.01 0.03 0.05 0.08 0.22 0.02 0.03 0.08 0.17 0.02 0.05 0.12 0.18 0.01 0.02
Scl   1016347     0.14 0.27 0.02 0.04 0.06 0.12 0.01 0.03 0.11 0.21 0.01 0.07 0.02 0.06 0.00 0.00 0.00 0.07 0.00 0.00
Scl   1016250     0.10 0.20 0.02 0.03 0.01 0.00 0.04 0.05 0.07 0.14 0.01 0.00 0.06 0.11 0.02 0.04 0.00 0.00 0.00 0.00
Scl   1016486     0.14 0.28 0.00 0.01 0.08 0.16 0.03 0.03 0.10 0.23 0.00 0.00 0.06 0.13 0.02 0.03 0.03 0.03 0.00 0.00
Scl   1016539     0.14 0.28 0.01 0.01 0.00 0.00 0.00 0.00 0.08 0.20 0.02 0.03 0.10 0.19 0.04 0.08 0.04 0.08 0.02 0.03
Scl   1016615     0.27 0.42 0.01 0.01 0.23 0.28 0.02 0.03 0.26 0.41 0.04 0.05 0.27 0.40 0.04 0.09 0.00 0.00 0.00 0.00
Scl   1016323     0.13 0.26 0.01 0.02 0.08 0.15 0.02 0.03 0.08 0.13 0.00 0.00 0.04 0.07 0.00 0.01 0.03 0.07 0.01 0.02
Scl   1016439     0.13 0.26 0.01 0.02 0.08 0.14 0.01 0.02 0.06 0.16 0.03 0.02 0.09 0.12 0.01 0.04 0.06 0.08 0.03 0.04
Scl   1016495     0.13 0.27 0.00 0.01 0.06 0.15 0.02 0.04 0.09 0.19 0.01 0.02 0.07 0.14 0.01 0.02 0.01 0.07 0.03 0.03
Scl   1016626     0.10 0.20 0.03 0.05 0.00 0.00 0.00 0.00 0.07 0.16 0.01 0.04 0.02 0.03 0.01 0.00 0.04 0.06 0.01 0.01
Scl   1016610     0.13 0.25 0.04 0.07 0.03 0.07 0.02 0.09 0.10 0.19 0.02 0.04 0.07 0.08 0.02 0.04 0.10 0.15 0.00 0.01
Scl   1016695     0.14 0.28 0.01 0.03 0.03 0.08 0.03 0.06 0.11 0.20 0.03 0.07 0.05 0.07 0.02 0.01 0.01 0.00 0.02 0.07
Scl   1016727     0.16 0.31 0.00 0.00 0.20 0.28 0.19 0.24 0.12 0.23 0.00 0.02 0.07 0.12 0.00 0.00 0.05 0.04 0.01 0.00
Scl   1016750     0.09 0.19 0.02 0.05 0.04 0.03 0.04 0.08 0.06 0.14 0.01 0.02 0.04 0.10 0.01 0.02 0.04 0.04 0.00 0.02
Scl   1016719     0.12 0.23 0.00 0.02 0.00 0.00 0.00 0.00 0.09 0.17 0.00 0.01 0.05 0.11 0.00 0.01 0.01 0.01 0.00 0.01
Scl   1016958     0.14 0.28 0.02 0.03 0.00 0.00 0.00 0.00 0.09 0.21 0.01 0.03 0.02 0.02 0.01 0.01 0.05 0.11 0.02 0.02
Scl   1016796     0.14 0.26 0.03 0.06 0.04 0.08 0.06 0.07 0.12 0.19 0.03 0.05 0.02 0.04 0.02 0.04 0.11 0.15 0.01 0.05
Scl   1017075     0.14 0.28 0.01 0.03 0.09 0.21 0.01 0.01 0.10 0.21 0.02 0.04 0.05 0.04 0.00 0.01 0.04 0.07 0.00 0.01
Scl   1017060     0.13 0.24 0.01 0.01 0.00 0.00 0.00 0.00 0.08 0.12 0.00 0.00 0.08 0.15 0.03 0.07 0.02 0.01 0.00 0.00
Scl   1017081     0.14 0.27 0.02 0.03 0.07 0.14 0.02 0.05 0.11 0.21 0.01 0.03 0.00 0.00 0.00 0.00 0.06 0.11 0.02 0.03
Scl   1017048     0.14 0.28 0.01 0.00 0.00 0.00 0.00 0.00 0.11 0.24 0.00 0.02 0.07 0.09 0.04 0.05 0.01 0.01 0.03 0.05
Scl   1017110     0.14 0.27 0.00 0.01 0.00 0.00 0.00 0.00 0.09 0.18 0.01 0.02 0.07 0.15 0.02 0.04 0.07 0.15 0.03 0.06
Scl   1017220     0.14 0.27 0.03 0.06 0.06 0.10 0.02 0.06 0.12 0.24 0.03 0.04 0.04 0.08 0.01 0.04 0.10 0.19 0.02 0.02
Scl   1017356     0.13 0.25 0.02 0.03 0.07 0.13 0.02 0.03 0.08 0.19 0.01 0.05 0.04 0.07 0.01 0.01 0.04 0.08 0.03 0.03
Scl   1017250     0.14 0.27 0.00 0.01 0.08 0.15 0.01 0.03 0.10 0.20 0.01 0.02 0.09 0.17 0.03 0.06 0.04 0.06 0.02 0.04
Scl   1017162     0.15 0.30 0.01 0.02 0.00 0.00 0.00 0.00 0.11 0.22 0.02 0.04 0.02 0.03 0.01 0.03 0.05 0.09 0.01 0.02
Scl   1017305     0.13 0.25 0.01 0.03 0.14 0.25 0.03 0.04 0.08 0.17 0.02 0.03 0.02 0.02 0.02 0.04 0.01 0.01 0.01 0.01
Scl   1017418     0.14 0.28 0.01 0.02 0.01 0.01 0.03 0.04 0.08 0.17 0.00 0.01 0.00 0.00 0.02 0.03 0.07 0.09 0.01 0.01
Scl   1017614     0.15 0.31 0.01 0.01 0.09 0.17 0.03 0.05 0.11 0.23 0.00 0.01 0.10 0.20 0.02 0.05 0.06 0.08 0.02 0.05
Scl   1017547     0.14 0.29 0.01 0.01 0.09 0.19 0.01 0.02 0.10 0.21 0.04 0.04 0.06 0.12 0.01 0.02 0.00 0.08 0.01 0.01
Scl   1017706     0.15 0.29 0.00 0.00 0.00 0.00 0.00 0.00 0.00 0.00 0.00 0.00 0.07 0.12 0.02 0.03 0.05 0.09 0.00 0.01
Scl   1017546     0.04 -999 0.15 -999 0.04 0.00 0.10 0.10 0.00 0.00 0.00 0.00 0.16 0.22 0.03 0.00 0.09 0.12 0.05 0.06
Scl   1017611     0.12 0.24 0.01 0.01 0.03 0.06 0.02 0.04 0.05 0.18 0.02 0.03 0.06 0.12 0.02 0.04 0.05 0.10 0.01 0.04
Scl   1017802     0.11 0.22 0.05 0.09 0.02 0.03 0.04 0.05 0.06 0.14 0.02 0.03 0.02 0.07 0.01 0.03 0.14 0.20 0.02 0.05
Scl   1017810     0.13 0.26 0.00 0.01 0.00 0.00 0.00 0.00 0.15 0.18 0.04 0.06 0.08 0.16 0.03 0.05 0.03 0.05 0.07 0.13
Scl   1017995     0.14 0.27 0.02 0.04 0.07 0.14 0.01 0.04 0.14 0.22 0.01 0.04 0.03 0.03 0.01 0.02 0.02 0.07 0.00 0.01
Scl   1017977     0.13 0.27 0.04 0.07 0.06 0.12 0.04 0.08 0.13 0.26 0.02 0.04 0.02 0.02 0.04 0.06 0.14 0.22 0.05 0.04
Scl   1017965     0.11 0.23 0.00 0.00 0.00 0.01 0.03 0.07 0.05 0.17 0.01 0.00 0.03 0.07 0.01 0.01 0.00 0.08 0.00 0.08
Scl   1017857     0.14 0.28 0.00 0.00 0.07 0.15 0.02 0.04 0.10 0.18 0.01 0.03 0.03 0.05 0.01 0.01 0.04 0.08 0.01 0.02
Scl   1018032     0.12 0.24 0.00 0.00 0.05 0.11 0.01 0.03 0.08 0.16 0.01 0.02 0.00 0.00 0.03 0.05 0.06 0.11 0.02 0.03
Scl   1017864     0.11 0.20 0.05 0.11 0.02 0.05 0.05 0.10 0.12 0.23 0.01 0.03 0.08 0.11 0.05 0.10 0.18 0.21 0.00 0.06
Scl   1017892     0.14 0.28 0.00 0.02 0.08 0.13 0.02 0.02 0.12 0.29 0.02 0.05 0.05 0.10 0.00 0.02 0.01 0.02 0.00 0.00
Scl   1018007     0.15 0.29 0.01 0.02 0.00 0.00 0.00 0.00 0.11 0.21 0.02 0.04 0.06 0.06 0.00 0.00 0.03 0.06 0.02 0.04
Scl   1018123     0.13 0.26 0.03 0.06 0.05 0.10 0.02 0.04 0.09 0.20 0.02 0.04 0.04 0.05 0.01 0.01 0.10 0.20 0.00 0.05
Scl   1017943     0.13 0.25 0.01 0.02 0.00 0.00 0.00 0.00 0.08 0.16 0.01 0.02 0.04 0.08 0.01 0.01 0.00 0.00 0.00 0.00
Scl   1018075     0.14 0.30 0.01 0.02 0.00 0.00 0.00 0.00 0.11 0.27 0.03 0.05 0.00 0.00 0.00 0.00 0.03 0.03 0.00 0.04
Scl   1018190     0.14 0.27 0.00 0.00 0.08 0.20 0.00 0.00 0.00 0.00 0.00 0.00 0.08 0.15 0.03 0.04 0.05 0.08 0.02 0.05
Scl   1018265     0.14 0.26 0.01 0.02 0.00 0.00 0.00 0.00 0.11 0.20 0.00 0.01 0.02 0.01 0.02 0.07 0.05 0.19 0.08 0.12
Scl   1018222     0.14 0.28 0.02 0.03 0.01 0.01 0.05 0.07 0.10 0.22 0.01 0.02 0.05 0.10 0.00 0.00 0.03 0.03 0.00 0.00
Scl   1018357     0.14 0.28 0.01 0.03 0.05 0.11 0.03 0.04 0.07 0.18 0.02 0.03 0.04 0.11 0.01 0.02 0.08 0.10 0.02 0.05
Scl   1018410     0.16 0.31 0.01 0.01 0.07 0.15 0.01 0.03 0.11 0.21 0.00 0.00 0.09 0.17 0.02 0.05 0.05 0.14 0.03 0.04
Scl   1018454     0.11 0.22 0.01 0.03 0.03 0.06 0.05 0.09 0.07 0.13 0.02 0.01 0.08 0.16 0.04 0.07 0.00 0.00 0.00 0.00
Scl   1018551     0.13 0.26 0.03 -999 0.04 0.09 0.03 0.04 0.11 0.22 0.04 0.05 0.03 0.03 0.01 0.03 0.11 0.24 0.00 0.00
Scl   1018960     0.16 0.32 0.00 0.01 0.00 0.00 0.00 0.00 0.11 0.26 0.02 0.05 0.00 0.00 0.00 0.00 0.15 0.20 0.06 0.11
Scl   1018933     0.14 0.27 0.01 0.03 0.00 0.00 0.00 0.00 0.00 0.00 0.00 0.00 0.03 0.06 0.01 0.02 0.01 0.01 0.00 0.00
Scl   1018968     0.13 0.26 0.03 0.06 0.06 0.12 0.03 0.05 0.10 0.16 0.02 0.05 0.02 0.03 0.00 0.01 0.09 0.14 0.00 0.00
Scl   1019352     0.14 0.27 0.01 0.03 0.09 0.17 0.01 0.02 0.10 0.17 0.01 0.02 0.09 0.15 0.03 0.05 0.05 0.12 0.02 0.03
Scl   1019402     0.14 0.28 0.01 0.01 0.00 0.00 0.00 0.00 0.11 0.22 0.01 0.02 0.10 0.20 0.03 0.06 0.02 0.07 0.00 0.03
Scl   1019417     0.16 0.32 0.00 -999 0.08 0.14 0.02 0.02 0.13 0.27 0.02 0.03 0.06 0.13 0.02 0.02 0.11 0.19 0.00 0.00
Scl   1019459     0.00 0.02 0.11 -999 0.02 0.02 0.05 0.06 0.00 0.00 0.00 0.00 0.06 0.14 0.09 0.10 0.11 0.20 0.03 0.03
Scl   1019945     0.13 0.25 0.04 0.07 0.00 0.08 0.01 0.01 0.00 0.01 0.00 0.00 0.01 0.02 0.05 0.14 0.12 0.20 0.01 0.04
Scl   1019966     0.14 0.27 0.01 0.02 0.00 0.00 0.00 0.00 0.00 0.00 0.00 0.00 0.02 0.06 0.03 0.04 0.00 0.00 0.03 0.06
Scl   1020247     0.13 0.26 0.01 0.02 0.08 0.16 0.02 0.03 0.00 0.00 0.00 0.00 0.03 0.05 0.01 0.02 0.03 0.11 0.03 0.03
Scl   1020432     0.11 0.21 0.01 0.02 0.07 0.11 0.02 0.03 0.06 0.13 0.01 0.01 0.00 0.00 0.00 0.00 0.02 0.04 0.03 0.06
Scl   1020549     0.14 0.28 0.00 0.00 0.00 0.00 0.00 0.00 0.75 0.87 0.07 0.10 0.00 0.00 0.00 0.00 0.00 0.00 0.00 0.00
Scl   1020962     0.14 0.28 0.03 -999 0.05 0.08 0.03 0.03 0.13 0.27 0.03 0.04 0.02 0.06 0.04 0.03 0.11 0.21 0.00 0.00
Scl   1021100     0.12 0.24 0.02 0.03 0.00 0.00 0.00 0.00 0.09 0.17 0.01 0.03 0.00 0.01 0.01 0.02 0.08 0.20 0.00 0.02