Mn 6384 +/- 10 with hfs 
  6374.008    23.0       3.283    -3.918
  6374.101    24.0       3.889    -3.346
  6374.130    21.0       2.109    -4.033
  6374.240    25.1       6.185    -4.759
  6374.285   607.0       0.404    -2.403               7.760
  6374.321    22.0       3.199    -1.463
  6374.359   607.0       0.404    -3.147               7.760
  6374.372   607.0       0.401    -2.384               7.760
  6374.438   607.0       0.309    -3.304               7.760
  6374.482   607.0       0.309    -2.355               7.760
  6374.494   607.0       0.401    -4.032               7.760
  6374.500    23.051     2.115    -2.464
  6374.500    23.051     2.115    -2.464
  6374.500    23.051     2.115    -2.640
  6374.500    23.051     2.115    -2.765
  6374.500    23.051     2.115    -2.300
  6374.500    23.051     2.115    -2.890
  6374.500    23.051     2.115    -2.326
  6374.500    23.051     2.115    -2.292
  6374.500    23.051     2.115    -3.318
  6374.500    23.051     2.115    -2.043
  6374.500    23.051     2.115    -2.453
  6374.500    23.051     2.115    -1.827
  6374.508   112.0       1.320    -2.078               1.340
  6374.508   112.0       1.320    -2.099               1.340
  6374.512    24.0       3.889    -2.715
  6374.547   112.0       0.716    -3.332               1.340
  6374.695    22.0       3.724    -3.517
  6374.730    26.0       4.415    -3.894
  6374.812   607.0       0.295    -2.809               7.760
  6374.855    22.0       2.092    -4.921
  6374.921   112.0       0.788    -2.941               1.340
  6374.930    20.0       4.451    -4.0  
  6374.975    23.0       2.678    -3.433
  6375.198   112.0       1.359    -3.457               1.340
  6375.201    24.0       4.616    -1.383
  6375.211    28.0       4.165    -2.060
  6375.305    23.0       3.267    -3.820
  6375.439   607.0       1.478    -3.246               7.760
  6375.439   112.0       0.788    -2.911               1.340
  6375.460    14.0       5.984    -4.0  
  6375.500   112.0       1.359    -3.443               1.340
  6375.521   607.0       0.333    -2.292               7.760
  6375.527   607.0       0.547    -2.600               7.760
  6375.569   607.0       1.478    -1.532               7.760
  6375.575   607.0       0.333    -3.342               7.760
  6375.670   607.0       0.547    -3.835               7.760
  6375.681    15.0       8.157    -2.190
  6375.686    26.0       5.106    -4.051
  6375.707   607.0       0.266    -3.625               7.760
  6375.758    26.1       9.941    -3.428
  6375.800    26.0       5.6      -1.45
  6375.814   607.0       0.279    -3.092               7.760
  6375.844   607.0       0.279    -2.956               7.760
  6375.907    60.0       1.624     0.020
  6376.002    22.0       1.734    -4.777
  6376.067   607.0       1.610    -1.764               7.760
  6376.100    24.0       3.845    -3.894
  6376.101    21.0       2.320    -2.113
  6376.193    26.0       4.320    -2.9  
  6376.236    24.0       5.823    -3.934
  6376.245    22.0       3.392    -3.480
  6376.284    21.1       7.439    -1.091
  6376.346    24.0       3.878    -2.914
  6376.391    20.0       5.741    -4.711
  6376.435    44.0       1.589    -2.290
  6376.438   607.0       0.217    -4.042               7.760
  6376.516   112.0       1.040    -0.907               1.340
  6376.516   112.0       1.040    -0.928               1.340
  6376.517   607.0       0.740    -4.242               7.760
  6376.627   607.0       1.476    -2.061               7.760
  6376.629   607.0       1.420    -3.191               7.760
  6376.783   607.0       1.420    -1.914               7.760
  6376.804   607.0       0.545    -3.592               7.760
  6376.834    21.0       3.057    -1.702
  6376.866    24.0       3.890    -2.761
  6376.930    90.0       1.761    -0.590
  6377.029    24.0       3.890    -3.462
  6377.073    20.0       5.741    -4.314
  6377.090    69.1       2.971    -1.590
  6377.135    24.0       3.857    -3.112
  6377.281    21.0       4.054    -0.956
  6377.348   607.0       0.392    -2.393               7.760
  6377.375    25.1       6.186    -4.789
  6377.514   607.0       0.316    -3.310               7.760
  6377.550    23.1       4.735    -2.254
  6377.562   607.0       0.316    -2.323               7.760
  6377.576    28.0       5.326    -3.736
  6377.611    59.0       1.293     0.047
  6377.694    28.0       5.326    -2.118
  6378.198   607.0       0.294    -3.730               7.760
  6378.223   607.0       1.335    -3.809               7.760
  6378.247    28.0       4.154    -0.830
  6378.265    24.0       4.411    -3.403
  6378.296    23.051     1.950    -4.301
  6378.302    23.051     1.950    -4.016
  6378.302    23.051     1.950    -4.271
  6378.302   607.0       0.294    -2.768               7.760
  6378.315    23.051     1.950    -4.271
  6378.315    23.051     1.950    -3.828
  6378.315    23.051     1.950    -4.322
  6378.333    23.051     1.950    -3.883
  6378.333    23.051     1.950    -3.737
  6378.333    23.051     1.950    -4.447
  6378.357    23.051     1.950    -3.628
  6378.357    23.051     1.950    -3.715
  6378.357    23.051     1.950    -4.669
  6378.387    23.051     1.950    -3.430
  6378.387    23.051     1.950    -3.769
  6378.424    23.051     1.950    -3.266
  6378.424    23.051     1.950    -3.965
  6378.426    15.0       8.115    -2.190
  6378.448   607.0       0.416    -2.384               7.760
  6378.466    23.051     1.950    -3.125
  6378.515   607.0       1.380    -2.955               7.760
  6378.519    92.1       0.036    -2.946
  6378.524   607.0       0.416    -3.156               7.760
  6378.575    59.0       1.201    -0.045
  6378.587    24.0       4.106    -2.873
  6378.630   607.0       1.380    -1.904               7.760
  6378.689    21.1       7.489    -0.016
  6378.782    21.045     0.000    -4.0
  6378.782    21.045     0.000    -3.8
  6378.793    21.045     0.000    -3.8
  6378.793    21.045     0.000    -3.7
  6378.799     6.0       8.771    -3.290
  6378.808    21.045     0.000    -3.7
  6378.808    21.045     0.000    -4.0
  6378.808    21.045     0.000    -3.8
  6378.826    21.045     0.000    -3.8
  6378.826    21.045     0.000    -3.4
  6378.827    24.0       5.826    -4.101
  6378.839   607.0       0.401    -4.030               7.760
  6378.961   607.0       0.401    -2.373               7.760
  6378.966    56.1       6.201    -0.920
  6378.970    25.055     3.771    -2.5
  6378.983    25.055     3.771    -2.9
  6378.983    25.055     3.771    -2.8
  6378.993    25.055     3.771    -2.8
  6378.993    25.055     3.771    -3.4
  6378.999    25.055     3.771    -2.9
  6379.040    25.055     5.815    -3.980
  6379.042    25.055     5.815    -3.658
  6379.042    25.055     5.815    -4.026
  6379.044    25.055     5.815    -3.834
  6379.044    25.055     5.815    -3.503
  6379.044    25.055     5.815    -4.202
  6379.048    25.055     5.815    -3.424
  6379.048    25.055     5.815    -3.482
  6379.048    25.055     5.815    -4.582
  6379.053    25.055     5.815    -3.151
  6379.053    25.055     5.815    -3.628
  6379.059    25.055     5.815    -2.939
  6379.073   607.0       0.284    -3.083               7.760
  6379.106   607.0       0.284    -2.898               7.760
  6379.145    24.0       3.839    -3.369
  6379.153   112.0       1.219    -2.350               1.340
  6379.153   112.0       1.219    -2.314               1.340
  6379.277   607.0       0.302    -2.766               7.760
  6379.285   112.0       0.700    -3.410               1.340
  6379.306    23.051     2.122    -2.876
  6379.309    23.051     2.122    -2.809
  6379.309    23.051     2.122    -2.613
  6379.317    23.051     2.122    -3.508
  6379.317    23.051     2.122    -2.613
  6379.317    23.051     2.122    -2.409
  6379.324   112.0       1.066    -1.473               1.340
  6379.324   112.0       1.066    -1.488               1.340
  6379.328    23.051     2.122    -3.353
  6379.328    23.051     2.122    -2.508
  6379.328    23.051     2.122    -2.239
  6379.343    23.051     2.122    -3.353
  6379.343    23.051     2.122    -2.2
  6379.343    23.051     2.122    -2.093
  6379.362    23.051     2.122    -3.450
  6379.362    23.051     2.122    -2.467
  6379.362    23.051     2.122    -1.964
  6379.384    23.051     2.122    -3.654
  6379.384    23.051     2.122    -2.540
  6379.384    23.051     2.122    -1.848
  6379.411    23.051     2.122    -4.052
  6379.411    23.051     2.122    -2.751
  6379.411    23.051     2.122    -1.743
  6379.453   607.0       1.725    -2.015               7.760
  6379.486    28.0       4.538    -4.0  
  6379.576   607.0       0.270    -3.574               7.760
  6379.608   607.0       0.547    -2.588               7.760
  6379.614   607.0       0.341    -2.264               7.760
  6379.619    92.1       0.709    -2.367
  6379.645    24.0       3.890    -4.456
  6379.671   607.0       0.341    -3.348               7.760
  6379.688   607.0       1.725    -4.175               7.760
  6379.792    24.1       4.497    -3.362
  6379.860   607.0       1.476    -3.486               7.760
  6379.995   112.0       0.701    -3.390               1.340
  6380.049   607.0       1.476    -2.056               7.760
  6380.061    62.0       1.369    -1.140
  6380.114    23.1       4.244    -2.968
  6380.191    72.0       1.943    -1.790
  6380.259    22.0       3.186    -2.826
  6380.478    14.0       5.616    -4.590
  6380.580    22.0       2.427    -3.085
  6380.622    22.0       3.407    -3.789
  6380.647    24.0       3.845    -3.692
  6380.668    24.0       4.416    -4.411
  6380.673   112.0       1.032    -3.240               1.340
  6380.689    14.0       5.964    -2.620
  6380.692    23.0       1.873    -4.561
  6380.724    38.0       2.251    -0.470
  6380.743    26.0       4.186    -1.25 
  6380.832   607.0       0.324    -3.317               7.760
  6380.882   607.0       0.324    -2.293               7.760
  6380.951    64.1       1.659    -1.164
  6380.993    24.1       6.285    -4.777
  6381.096   607.0       0.404    -2.375               7.760
  6381.105    28.0       4.419    -2.239
  6381.225    22.0       2.160    -2.073
  6381.340   112.0       1.032    -3.223               1.340
  6381.470    23.0       3.315    -0.446
  6381.478    24.0       3.826    -3.748
  6381.520   607.0       1.596    -2.908               7.760
  6381.541    20.0       4.430    -3.441
  6381.591   607.0       0.311    -2.762               7.760
  6381.64     26.0       3.0      -4.5
  6381.712   607.0       0.561    -3.600               7.760
  6381.747    21.0       4.049    -0.844
  6381.769   607.0       1.499    -1.532               7.760
  6381.823    22.0       2.231    -4.271
  6381.849   607.0       1.725    -4.174               7.760
  6381.903   607.0       1.499    -3.255               7.760
  6382.040    23.0       2.580    -3.802
  6382.040   112.0       1.129    -2.643               1.340
  6382.040   112.0       1.129    -2.607               1.340
  6382.063    60.1       1.436    -0.967
  6382.086   607.0       1.725    -2.010               7.760
  6382.112    26.1       8.992    -2.421
  6382.122    23.0       2.616    -1.845
  6382.171    64.1       2.623    -0.582
  6382.175    25.055     3.772    -3.958
  6382.175    25.055     3.772    -3.004
  6382.175    25.055     3.772    -2.315
  6382.185   112.0       0.679    -4.850               1.340
  6382.188    25.055     3.772    -3.9
  6382.188    25.055     3.772    -3.2
  6382.188    25.055     3.772    -2.8
  6382.190    27.059     4.916    -3.209
  6382.197    25.055     3.772    -3.7
  6382.197    25.055     3.772    -3.2
  6382.197    25.055     3.772    -3.1
  6382.202    27.059     4.916    -3.142
  6382.202    27.059     4.916    -2.946
  6382.204    25.055     3.772    -3.7
  6382.204    25.055     3.772    -3.3
  6382.204    25.055     3.772    -3.5
  6382.227    27.059     4.916    -3.841
  6382.227    27.059     4.916    -2.946
  6382.227    27.059     4.916    -2.742
  6382.263    27.059     4.916    -3.686
  6382.263    27.059     4.916    -2.841
  6382.263    27.059     4.916    -2.572
  6382.312    27.059     4.916    -3.686
  6382.312    27.059     4.916    -2.794
  6382.312    27.059     4.916    -2.426
  6382.373    27.059     4.916    -3.783
  6382.373    27.059     4.916    -2.800
  6382.373    27.059     4.916    -2.297
  6382.435    22.0       2.236    -4.668
  6382.447    27.059     4.916    -3.987
  6382.447    27.059     4.916    -2.873
  6382.447    27.059     4.916    -2.181
  6382.532    27.059     4.916    -4.385
  6382.532    27.059     4.916    -3.084
  6382.532    27.059     4.916    -2.076
  6382.576   607.0       0.289    -3.077               7.760
  6382.612   607.0       0.289    -2.846               7.760
  6382.627    24.0       4.207    -3.886
  6382.631   607.0       1.633    -1.767               7.760
  6382.713    63.0       1.877    -0.470
  6382.737    22.0       3.399    -3.608
  6382.737    25.1       6.177    -4.773
  6382.787   607.0       1.633    -3.043               7.760
  6382.802    23.0       2.638    -4.041
  6382.813   607.0       0.428    -2.367               7.760
  6382.895   607.0       0.428    -3.165               7.760
  6382.933    75.0       3.695    -0.620
  6382.938    24.0       4.208    -4.491
  6382.949    21.0       5.902    -3.594
  6383.051   607.0       0.421    -2.373               7.760
  6383.153    24.0       3.892    -3.705
  6383.169    23.0       2.616    -2.552
  6383.173    23.0       2.708    -3.976
  6383.177   607.0       0.421    -4.040               7.760
  6383.210    24.0       4.389    -2.924
  6383.316    24.0       4.824    -3.863
  6383.369    21.1       7.430    -0.701
  6383.401    24.0       3.817    -4.395
  6383.572    92.0       0.552    -2.091
  6383.661    28.0       4.167    -2.949
  6383.676   607.0       0.274    -3.537               7.760
  6383.705    26.0       4.473    -2.808
  6383.718   607.0       1.309    -3.276               7.760
  6383.722    26.1       5.553    -2.2  
  6383.741    20.0       5.585    -4.313
  6383.770    42.0       3.247    -2.023
  6383.793    63.0       1.877    -0.310
  6383.908   607.0       0.351    -2.238               7.760
  6383.928   607.0       0.309    -2.727               7.760
  6383.967   607.0       0.351    -3.355               7.760
  6383.968    24.0       3.847    -3.850
  6384.168   112.0       0.911    -3.121               1.340
  6384.201   607.0       1.398    -1.899               7.760
  6384.205   607.0       1.596    -4.539               7.760
  6384.245    27.0       2.630    -4.0
  6384.290    20.0       5.586    -4.660
  6384.299    22.0       3.716    -2.650
  6384.302    20.0       5.728    -4.932
  6384.367   607.0       0.333    -3.325               7.760
  6384.379   607.0       0.570    -2.591               7.760
  6384.421   607.0       0.333    -2.264               7.760
  6384.445    23.0       3.286    -0.982
  6384.453   607.0       1.596    -2.904               7.760
  6384.457    24.1       9.281    -4.129
  6384.459   607.0       1.574    -3.481               7.760
  6384.526   607.0       0.570    -3.842               7.760
  6384.633   607.0       1.574    -1.553               7.760
  6384.661      25.0     3.772    -2.558
  6384.661      25.0     3.772    -2.081
  6384.663    28.0       4.154    -1.0  
  6384.674      25.0     3.772    -2.456
  6384.674      25.0     3.772    -2.630
  6384.674      25.0     3.772    -2.558
  6384.684      25.0     3.772    -2.588
  6384.684      25.0     3.772    -4.165
  6384.684      25.0     3.772    -2.456
  6384.690      25.0     3.772    -2.956
  6384.690      25.0     3.772    -2.588
  6384.719   112.0       0.911    -3.095               1.340
  6384.780    14.0       5.964    -5.0  
  6384.787    23.1       4.516    -3.470
  6384.901   112.0       1.282    -0.923               1.340
  6384.901   112.0       1.282    -0.935               1.340
  6385.074   607.0       0.416    -2.358               7.760
  6385.118    22.0       3.166    -3.137
  6385.154    60.1       1.160    -0.95
  6385.235    23.051     1.931    -4.778
  6385.256    20.0       5.689    -4.035
  6385.272    20.0       4.451    -2.881
  6385.341   607.0       0.232    -4.050               7.760
  6385.354   112.0       0.705    -3.408               1.340
  6385.375   607.0       1.659    -1.711               7.760
  6385.426   112.0       1.155    -3.161               1.340
  6385.451    26.1       5.553    -2.618
  6385.488    23.051     2.138    -3.240
  6385.488    23.051     2.138    -3.810
  6385.507    23.051     2.138    -3.810
  6385.507    23.051     2.138    -3.214
  6385.507    23.051     2.138    -3.589
  6385.525   112.0       1.184    -2.461               1.340
  6385.525   112.0       1.184    -2.486               1.340
  6385.532    23.051     2.138    -3.589
  6385.532    23.051     2.138    -3.133
  6385.532    23.051     2.138    -3.492
  6385.564    23.051     2.138    -3.492
  6385.564    23.051     2.138    -3.028
  6385.564    23.051     2.138    -3.457
  6385.582   607.0       1.659    -3.772               7.760
  6385.602    23.051     2.138    -3.457
  6385.602    23.051     2.138    -2.915
  6385.602    23.051     2.138    -3.475
  6385.646    23.051     2.138    -3.475
  6385.646    23.051     2.138    -2.801
  6385.646    23.051     2.138    -3.559
  6385.696    23.051     2.138    -3.559
  6385.696    23.051     2.138    -2.690
  6385.696    23.051     2.138    -3.780
  6385.718    26.0       4.733    -1.8  
  6385.750   112.0       0.771    -2.974               1.340
  6385.753    23.051     2.138    -3.780
  6385.753    23.051     2.138    -2.583
  6385.777   607.0       0.767    -4.248               7.760
  6385.810   607.0       1.499    -3.253               7.760
  6385.929    21.0       3.083    -4.232
  6385.944   607.0       1.499    -1.522               7.760
  6386.011   607.0       1.415    -4.870               7.760
  6386.066   607.0       1.444    -1.912               7.760
  6386.099    58.0       1.546    -0.610
  6386.186   112.0       0.705    -3.373               1.340
  6386.207    24.1       4.071    -4.073
  6386.231    72.0       0.292    -2.290
  6386.261    58.0       0.691    -1.358
  6386.303   112.0       0.771    -2.941               1.340
  6386.307   607.0       0.295    -3.075               7.760
  6386.346   607.0       0.295    -2.800               7.760
  6386.361    28.0       5.389    -3.273
  6386.454    38.0       2.271    -0.500
  6386.456   112.0       0.986    -0.978               1.340
  6386.456   112.0       0.986    -0.996               1.340
  6386.545    25.0       4.360    -3.582
  6386.578    25.1       8.129    -3.454
  6386.585   607.0       1.633    -1.756               7.760
  6386.645   607.0       1.326    -3.515               7.760
  6386.656    27.0       3.952    -1.580
  6386.713    26.1       6.803    -2.461
  6386.762    62.0       1.761    -0.306
  6386.790    66.0       0.938    -1.162
  6386.842   607.0       0.578    -3.608               7.760
  6386.844    58.0       1.502     0.192
  6386.858   607.0       0.311    -3.738               7.760
  6386.913    24.0       4.802    -3.317
  6386.965   607.0       0.311    -2.754               7.760
  6387.062    24.0       4.855    -1.843
  6387.239    24.0       4.616    -2.477
  6387.366    23.0       2.723    -3.599
  6387.387    15.0       8.250    -4.000
  6387.389   607.0       0.441    -2.349               7.760
  6387.426   607.0       0.421    -4.037               7.760
  6387.472   607.0       0.441    -3.174               7.760
  6387.552   607.0       0.421    -2.362               7.760
  6387.610   112.0       1.223    -0.675               1.340
  6387.610   112.0       1.223    -0.661               1.340
  6387.786    62.0       0.000    -2.959
  6387.859    22.0       3.294    -3.646
  6387.912    23.0       2.638    -2.376
  6388.002    24.0       3.847    -3.829
  6388.010   607.0       0.279    -3.509               7.760
  6388.075   607.0       1.659    -3.771               7.760
  6388.127   607.0       0.341    -3.333               7.760
  6388.150   112.0       1.243    -3.792               1.340
  6388.177   607.0       1.552    -2.353               7.760
  6388.183   607.0       0.341    -2.238               7.760
  6388.186    68.0       1.992     0.072
  6388.199    38.0       2.259    -0.690
  6388.282   607.0       1.659    -1.705               7.760
  6388.288    25.0       4.268    -2.676
  6388.335    22.0       3.409    -4.141
  6388.386   607.0       0.360    -2.213               7.760
  6388.403    26.0       3.368    -4.0
  6388.403   607.0       0.570    -2.579               7.760
  6388.448   607.0       0.360    -3.363               7.760
  6388.529    24.0       3.847    -3.619
  6388.540    69.0       2.727    -1.970
  6388.541   112.0       1.243    -3.779               1.340
  6388.570    15.0       8.132    -1.490
  6388.624    22.0       3.154    -1.878
  6388.783   607.0       0.316    -2.691               7.760
  6388.800    14.0       5.964    -2.870
  6388.880    24.1       8.356    -4.338
  6388.903   112.0       1.426    -3.812               1.340
  6388.952   607.0       1.398    -2.963               7.760
  6389.071   607.0       1.399    -1.892               7.760
  6389.072    23.0       2.583    -3.080
  6389.090    42.0       3.302    -1.384
  6389.156   112.0       1.426    -3.800               1.340
  6389.261   607.0       0.428    -2.341               7.760
  6389.419    73.0       2.623    -0.630
  6389.423    21.0       2.109    -4.318
  6389.789    92.0       0.743    -1.444
  6389.831    62.1       1.167    -1.187
  6389.877     6.0       8.771    -3.510
  6389.880    21.1       7.472    -3.696
  6389.901   112.0       0.821    -3.035               1.340
  6389.983    60.1       1.522    -1.019
  6390.085    22.0       3.574    -1.552
  6390.089   112.0       1.230    -2.280               1.340
  6390.089   112.0       1.230    -2.314               1.340
  6390.224    44.0       2.900    -1.140
  6390.274   607.0       0.302    -3.074               7.760
  6390.316   607.0       0.302    -2.757               7.760
  6390.323    58.0       0.521    -1.381
  6390.433   112.0       0.821    -3.016               1.340
  6390.477    57.1       0.321    -1.52
  6390.536    26.1       7.118    -3.860
  6390.565   607.0       1.827    -2.569               7.760
  6390.572    20.0       5.796    -4.873
  6390.580   607.0       0.328    -2.749               7.760
  6390.824    62.1       1.064    -1.328
  6390.830   607.0       1.828    -4.817               7.760
  6390.855    22.0       2.236    -3.594
  6391.044   607.0       1.552    -3.898               7.760
  6391.090   112.0       1.116    -1.208               1.340
  6391.090   112.0       1.116    -1.186               1.340
  6391.135    20.0       5.578    -4.783
  6391.196    21.0       4.126    -2.980
  6391.200    25.0       4.268    -1.546
  6391.241    23.0       3.621    -3.750
  6391.267   607.0       1.552    -2.348               7.760
  6391.274   607.0       1.388    -4.225               7.760
  6391.384    14.0       5.863    -2.8
  6391.596    24.0       4.618    -1.471
  6391.606    20.0       5.585    -3.719
  6391.801    26.0       4.312    -3.936
  6391.864    24.0       4.855    -3.300
  6391.958   607.0       0.441    -2.362               7.760
  6391.990    14.0       5.619    -3.150
  6392.087   607.0       0.441    -4.048               7.760
  6392.118   607.0       0.351    -3.342               7.760
  6392.156    20.0       5.586    -3.456
  6392.173    73.0       1.358    -2.120
  6392.177    22.0       4.102    -2.800
  6392.177   607.0       0.351    -2.213               7.760
  6392.183   607.0       0.596    -3.616               7.760
  6392.187   607.0       0.455    -2.333               7.760
  6392.273   607.0       0.455    -3.182               7.760
  6392.339   607.0       1.505    -2.054               7.760
  6392.358    25.055     5.854    -4.773
  6392.371    25.055     5.854    -4.709
  6392.371    25.055     5.854    -4.830
  6392.390    25.055     5.854    -4.830
  6392.390    25.055     5.854    -4.534
  6392.390    25.055     5.854    -4.765
  6392.402   607.0       1.520    -1.522               7.760
  6392.415    25.055     5.854    -4.765
  6392.415    25.055     5.854    -4.342
  6392.415    25.055     5.854    -4.796
  6392.447    25.055     5.854    -4.796
  6392.447    25.055     5.854    -4.157
  6392.447    25.055     5.854    -4.978
  6392.487    25.055     5.854    -4.978
  6392.487    25.055     5.854    -3.986
  6392.534    20.0       4.430    -2.163
  6392.539    26.0       2.279    -3.94 
  6392.540   607.0       1.520    -3.262               7.760
  6392.590   607.0       0.284    -3.489               7.760
  6392.647    23.0       2.684    -2.221
  6392.675    23.0       3.647    -4.147
  6392.758   607.0       1.827    -4.816               7.760
  6392.762    92.0       0.000    -2.093
  6393.023    23.0       1.376    -4.375
  6393.023   607.0       1.828    -2.564               7.760
  6393.033    58.1       1.456    -1.242
  6393.079   607.0       0.371    -2.189               7.760
  6393.145   607.0       0.371    -3.370               7.760
  6393.280    23.051     2.115    -2.968
  6393.280    23.051     2.115    -2.683
  6393.280    23.051     2.115    -2.938
  6393.280    23.051     2.115    -2.938
  6393.280    23.051     2.115    -2.495
  6393.280    23.051     2.115    -2.550
  6393.280    23.051     2.115    -2.989
  6393.280    23.051     2.115    -2.404
  6393.280    23.051     2.115    -2.295
  6393.280    23.051     2.115    -3.114
  6393.280    23.051     2.115    -2.382
  6393.280    23.051     2.115    -2.097
  6393.280    23.051     2.115    -3.336
  6393.280    23.051     2.115    -2.436
  6393.280    23.051     2.115    -1.933
  6393.280    23.051     2.115    -3.746
  6393.280    23.051     2.115    -2.632
  6393.280    23.051     2.115    -1.792
  6393.284    23.0       2.743    -3.422
  6393.401   607.0       1.657    -1.758               7.760
  6393.465   607.0       0.593    -2.582               7.760
  6393.561   607.0       1.657    -3.049               7.760
  6393.601    26.0       2.433    -1.432
  6393.607    23.0       3.273    -2.803
  6393.607   112.0       1.063    -1.314               1.340
  6393.607   112.0       1.063    -1.285               1.340
  6393.615   607.0       0.593    -3.848               7.760
  6393.669    24.1       4.074    -4.687
  6393.673   607.0       0.441    -2.325               7.760
  6393.710    24.0       5.834    -2.823
  6393.828    22.1       6.552    -4.375
  6393.831   607.0       0.324    -2.657               7.760
  6393.861    25.055     5.854    -4.906
  6393.873    24.0       5.834    -2.002
  6393.890    25.055     5.854    -4.748
  6393.927    25.055     5.854    -4.608
  6394.045   607.0       1.362    -3.815               7.760
  6394.235    14.0       5.871    -2.200
  6394.237    57.0       0.433    -0.570
  6394.362    22.0       4.103    -3.384
  6394.382    14.0       5.871    -2.800
  6394.412    27.059     4.916    -2.897
  6394.424    27.059     4.916    -2.612
  6394.424    27.059     4.916    -2.867
  6394.449    27.059     4.916    -2.867
  6394.449    27.059     4.916    -2.424
  6394.449    27.059     4.916    -2.918
  6394.464   607.0       0.309    -3.076               7.760
  6394.483   607.0       0.247    -4.059               7.760
  6394.486    27.059     4.916    -2.479
  6394.486    27.059     4.916    -2.333
  6394.486    27.059     4.916    -3.043
  6394.508   607.0       1.326    -3.284               7.760
  6394.509   607.0       0.309    -2.717               7.760
  6394.528    23.0       3.283    -3.112
  6394.535    27.059     4.916    -2.224
  6394.535    27.059     4.916    -2.311
  6394.535    27.059     4.916    -3.265
  6394.566   112.0       1.289    -4.143               1.340
  6394.575    28.0       5.326    -3.398
  6394.596    27.059     4.916    -2.026
  6394.596    27.059     4.916    -2.365
  6394.596    27.059     4.916    -3.675
  6394.628    22.0       4.103    -1.931
  6394.670    27.059     4.916    -1.862
  6394.670    27.059     4.916    -2.561
  6394.710    26.1       8.971    -2.847
  6394.756    27.059     4.916    -1.721
  6394.770   607.0       1.601    -1.553               7.760
  6394.946   607.0       1.601    -3.488               7.760
  6394.979   607.0       1.418    -1.888               7.760