DEIMOS
  5550.033      58.1     1.279    -0.960
  5550.080      60.1     1.229    -0.980
  5550.097 106.00112     1.381    -3.868               3.456
  5550.153      21.0     3.172    -0.980
  5550.170     607.0     0.897    -3.724               7.650
  5550.197      64.0     0.865    -1.364
  5550.208 106.00112     1.381    -3.845               3.456
  5550.260     607.0     0.897    -2.665               7.650
  5550.337      69.1     3.860    -2.750
  5550.353      25.0     5.491    -1.627
  5550.381      70.1     7.064    -1.240
  5550.393     607.0     1.235    -2.864               7.650
  5550.399      62.0     0.185    -0.678
  5550.405      21.0     2.294    -1.626
  5550.405 106.00112     3.204    -3.277               3.456
  5550.472      20.0     5.490    -4.319
  5550.473      21.0     3.083    -2.322
  5550.586     607.0     0.865    -3.264               7.650
  5550.609      72.0     0.000    -1.900
  5550.618 106.00113     1.333    -3.898               3.456
  5550.634     607.0     0.865    -2.677               7.650
  5550.657      58.0     0.517    -0.844
  5550.663     607.0     1.176    -4.685               7.650
  5550.752     607.0     1.176    -4.700               7.650
  5550.797 106.00113     1.333    -3.872               3.456
  5550.824 106.00112     3.204    -3.263               3.456
  5550.854      70.1     7.370    -2.110
  5550.893      58.1     3.651    -2.340
  5550.999      39.0     2.002    -0.890
  5551.016      23.0     2.332    -1.678
  5551.019       6.0     8.647    -1.629
  5551.133      20.0     6.022    -4.906
  5551.191      24.1     9.016    -3.966
  5551.231      25.0     4.354    -3.313
  5551.274      23.1     9.031    -1.609
  5551.284     607.0     0.922    -3.552               7.650
  5551.322      58.1     1.930    -3.070
  5551.333      41.0     0.620    -1.440
  5551.336 106.00113     3.207    -4.110               3.456
  5551.343     607.0     0.922    -2.239               7.650
  5551.372      90.1     1.188    -2.140
  5551.373 106.00112     0.693    -4.624               3.456
  5551.409      58.0     0.000    -1.520
  5551.425      92.1     0.799    -2.087
  5551.436     607.0     0.934    -2.238               7.650
  5551.466      24.1     6.869    -3.535
  5551.466     607.0     1.005    -2.422               7.650
  5551.497     607.0     0.934    -3.568               7.650
  5551.499 106.00113     3.206    -4.098               3.456
  5551.528      58.1     1.495    -2.640
  5551.552     607.0     1.731    -3.955               7.650
  5551.576       6.0     8.643    -1.900
  5551.576 106.00112     0.999    -4.906               3.456
  5551.604 106.00112     0.693    -4.624               3.456
  5551.691      20.0     5.882    -0.823
  5551.699      70.1     7.211    -1.550
  5551.719      58.1     1.706    -2.990
  5551.758      42.0     3.734    -1.496
  5551.777      26.0     4.103    -3.089
  5551.798 106.00112     0.999    -4.906               3.456
  5551.866      21.0     1.954    -1.518
  5551.926    47.1      15.807     0.650
  5551.928 106.00113     1.015    -4.656               3.456
  5551.977      25.0     5.491     0.607
  5551.987     607.0     1.345    -3.482               7.650
  5552.067      22.0     1.873    -2.519
  5552.069      24.0     3.011    -3.494
  5552.090      24.0     3.889    -3.647
  5552.122      72.0     0.699    -1.410
  5552.125 106.00112     2.589    -4.461               3.456
  5552.144      58.1     1.925    -1.720
  5552.153      26.0     4.985    -3.755
  5552.156      23.0     3.278    -2.843
  5552.156      24.0     3.556    -3.218
  5552.179      42.0     2.623    -2.140
  5552.181 106.00112     2.589    -4.474               3.456
  5552.193      25.0     5.491    -2.730
  5552.224      21.1     1.455    -2.119
  5552.258 106.00113     1.015    -4.656               3.456
  5552.270      58.0     0.000    -1.680
  5552.369 106.00113     0.837    -4.197               3.456
  5552.374     607.0     1.020    -2.428               7.650
  5552.403 106.00112     2.616    -4.427               3.456
  5552.447     607.0     1.020    -3.368               7.650
  5552.449 106.00112     0.693    -4.544               3.456
  5552.461 106.00112     2.616    -4.450               3.456
  5552.609     607.0     1.131    -2.526               7.650
  5552.622 106.00113     2.665    -4.426               3.456
  5552.637 106.00112     0.693    -4.544               3.456
  5552.666     107.0     3.163    -4.816               3.450
  5552.680 106.00112     1.382    -3.845               3.456
  5552.684      25.1     6.528    -3.891
  5552.692      26.0     4.955    -2.120
  5552.729     107.0     3.163    -4.816               3.450
  5552.730 106.00113     1.507    -4.138               3.456
  5552.757 106.00112     1.382    -3.868               3.456
  5552.767 106.00113     1.507    -4.118               3.456
  5552.773 106.00112     1.000    -4.733               3.456
  5552.774     607.0     0.825    -4.044               7.650
  5552.794 106.00113     0.837    -4.153               3.456
  5552.841 106.00113     1.015    -4.536               3.456
  5552.887      76.0     1.411    -2.940
  5552.896 106.00113     2.665    -4.405               3.456
  5552.923      69.1     4.708    -1.990
  5552.955 106.00112     1.000    -4.733               3.456
  5552.998 106.00113     1.334    -3.898               3.456
  5553.007 106.00113     1.334    -3.872               3.456
  5553.057     607.0     0.840    -4.579               7.650
  5553.118 106.00113     1.015    -4.536               3.456
  5553.118 106.00113     2.589    -4.474               3.456
  5553.158 106.00113     3.206    -3.263               3.456
  5553.174       6.0     8.643    -2.370
  5553.175     607.0     1.140    -3.778               7.650
  5553.222      26.0     4.218    -3.756
  5553.365 106.00113     3.207    -3.277               3.456
  5553.452      59.1     1.163    -1.217
  5553.461 106.00113     2.589    -4.461               3.456
  5553.549      24.0     4.613    -0.532
  5553.572      70.1     6.020    -2.760
  5553.577      26.0     4.434    -1.540
  5553.578 106.00113     0.838    -4.197               3.456
  5553.594      21.0     2.303    -1.207
  5553.622      22.0     3.709    -2.939
  5553.639      26.1     5.262    -4.753
  5553.688      28.0     1.935    -3.230
  5553.805      69.1     3.328    -2.330
  5553.850      27.0     2.008    -4.260
  5553.894     607.0     1.093    -2.617               7.650
  5553.896 106.00113     0.838    -4.153               3.456
  5553.992      21.0     2.296    -2.133
  5554.029     607.0     1.093    -4.545               7.650
  5554.044      24.1     8.273    -1.619
  5554.065      22.0     3.409    -1.444
  5554.104     607.0     0.836    -3.611               7.650
  5554.112      20.0     6.023    -4.219
  5554.228     607.0     1.164    -4.700               7.650
  5554.279      24.0     3.847    -2.640
  5554.302      70.1     5.581    -2.430
  5554.305      24.0     4.099    -2.778
  5554.312     607.0     1.164    -4.715               7.650
  5554.339      24.0     3.556    -1.984
  5554.454 106.00113     1.289    -3.932               3.456
  5554.465      58.1     1.775    -3.220
  5554.479      69.1     3.744    -2.730
  5554.664 106.00113     1.289    -3.903               3.456
  5554.741      26.0     5.033    -2.952
  5554.754 106.00112     1.333    -3.898               3.456
  5554.769       6.0     8.643    -3.360
  5554.893 106.00112     1.333    -3.872               3.456
  5554.894      26.0     4.548    -0.570
  5554.908      24.0     4.440    -0.653
  5554.923      29.0     5.506    -1.639
  5554.946     607.0     0.916    -2.661               7.650
  5554.966     607.0     0.886    -2.641               7.650
  5554.977     607.0     1.018    -2.293               7.650
  5555.007      27.0     4.113    -1.446
  5555.009      26.0     5.033    -2.697
  5555.010      26.0     4.186    -4.906
  5555.055     607.0     0.961    -2.968               7.650
  5555.081     607.0     1.018    -4.023               7.650
  5555.122      26.0     4.143    -2.272
  5555.185      26.0     3.547    -4.403
  5555.197      24.0     3.556    -2.581
  5555.268      64.1     1.318    -2.470
  5555.273      20.0     5.883    -4.112
  5555.317      58.1     2.004    -2.170
  5555.335      58.1     4.014    -1.860
  5555.345      69.1     4.756    -2.300
  5555.533     607.0     0.875    -3.271               7.650
  5555.569      24.0     3.556    -1.926
  5555.583     607.0     0.876    -2.653               7.650
  5555.587      69.1     4.114    -2.340
  5555.606      23.0     3.960    -2.549
  5555.612 106.00113     1.033    -4.491               3.456
  5555.735      23.0     4.049    -4.425
  5555.802     607.0     1.308    -4.201               7.650
  5555.816      25.0     4.354    -1.932
  5555.896 106.00112     3.206    -3.263               3.456
  5555.902      23.1     9.011    -0.606
  5555.993      58.1     3.335    -3.980
  5556.001      70.1     7.409    -1.440
  5556.007    16.1      13.617    -1.020
  5556.029      22.1     5.885    -2.223
  5556.072 106.00113     1.034    -4.491               3.456
  5556.078 106.00113     2.666    -4.405               3.456
  5556.092      70.1     6.586    -1.230
  5556.112      23.1     6.317    -3.924
  5556.121 106.00113     2.667    -4.426               3.456
  5556.131      23.1     7.110    -4.068
  5556.146 106.00112     2.803    -4.193               3.456
  5556.155 106.00112     2.665    -4.426               3.456
  5556.155 106.00112     3.207    -3.277               3.456
  5556.173      24.0     3.013    -2.482
  5556.180 106.00112     1.015    -4.656               3.456
  5556.180 106.00113     3.274    -3.263               3.456
  5556.186 106.00112     2.803    -4.206               3.456
  5556.187     607.0     0.934    -3.561               7.650
  5556.224      22.0     3.179    -2.731
  5556.231      69.1     4.956    -4.000
  5556.240     607.0     1.093    -4.544               7.650
  5556.248     607.0     0.934    -2.221               7.650
  5556.258      58.0     0.589    -0.012
  5556.280      42.0     2.076    -1.595
  5556.353 106.00113     1.034    -4.396               3.456
  5556.355     607.0     1.178    -3.226               7.650
  5556.374     607.0     1.093    -2.609               7.650
  5556.393 106.00112     2.665    -4.405               3.456
  5556.418      39.0     1.890    -0.380
  5556.442      69.1     5.004    -0.900
  5556.481      70.0     0.000    -1.770
  5556.510 106.00112     1.015    -4.656               3.456
  5556.517      25.1     6.177    -2.360
  5556.523      44.0     0.997    -2.930
  5556.529 106.00112     0.837    -4.197               3.456
  5556.554     607.0     1.020    -2.409               7.650
  5556.569 106.00112     3.136    -4.121               3.456
  5556.569 106.00113     1.290    -3.932               3.456
  5556.622 106.00113     1.290    -3.903               3.456
  5556.650      24.0     5.793    -3.641
  5556.663     607.0     0.948    -2.221               7.650
  5556.665      28.0     3.941    -2.739
  5556.680 106.00113     3.274    -3.250               3.456
  5556.719      42.0     2.988    -1.104
  5556.726     607.0     0.948    -3.576               7.650
  5556.748      25.0     5.520    -3.933
  5556.751 106.00113     1.034    -4.396               3.456
  5556.755     107.0     3.179    -4.674               3.450
  5556.757 106.00112     1.507    -4.118               3.456
  5556.767      58.1     1.458    -1.330
  5556.790      24.0     4.440    -1.312
  5556.798 106.00112     1.507    -4.138               3.456
  5556.847      26.0     4.985    -3.510
  5556.859     107.0     3.179    -4.674               3.450
  5556.868      69.1     4.756    -2.480
  5556.878 106.00112     0.837    -4.153               3.456
  5556.915      58.1     2.250    -1.960
  5556.941      58.1     1.813    -0.300
  5556.983 106.00112     3.136    -4.109               3.456
  5556.989     107.0     3.601    -4.464               3.450
  5557.046      90.0     1.091    -1.370
  5557.063    13.0       3.143    -2.104
  5557.107 106.00112     1.334    -3.872               3.456
  5557.110 106.00112     1.015    -4.536               3.456
  5557.137 106.00112     1.334    -3.898               3.456
  5557.309      90.1     2.054    -1.587
  5557.310      27.0     1.883    -3.564
  5557.337      69.1     4.459    -1.910
  5557.346      58.1     0.701    -3.860
  5557.354 106.00113     2.803    -4.206               3.456
  5557.377      69.1     4.531    -0.930
  5557.386      26.0     5.064    -3.150
  5557.388 106.00112     1.015    -4.536               3.456
  5557.400      60.1     1.410    -0.790
  5557.456      23.0     0.017    -3.430
  5557.471 106.00113     1.509    -4.118               3.456
  5557.495      58.1     1.140    -3.440
  5557.505 106.00113     1.247    -3.972               3.456
  5557.539      21.0     2.294    -2.333
  5557.684      25.0     4.354    -1.475
  5557.700 106.00113     2.803    -4.193               3.456
  5557.709      23.0     3.215    -2.432
  5557.710     607.0     1.151    -4.715               7.650
  5557.740 106.00112     0.838    -4.197               3.456
  5557.743 106.00113     1.247    -3.938               3.456
  5557.743 106.00113     1.509    -4.138               3.456
  5557.747     607.0     1.036    -2.415               7.650
  5557.794     607.0     1.151    -4.731               7.650
  5557.823     607.0     1.036    -3.376               7.650
  5557.836      27.0     4.232    -1.167
  5557.856      69.1     2.917    -3.310
  5557.881      92.0     0.077    -1.997
  5557.896     607.0     0.961    -4.260               7.650
  5557.897      26.0     3.111    -3.927
  5557.904      26.0     4.473    -1.614
  5557.948    13.0       3.143    -2.405
  5557.964     607.0     1.452    -4.707               7.650
  5557.977      58.1     1.930    -2.370
  5557.981 106.00112     0.838    -4.153               3.456
  5557.982      26.0     4.473    -1.410
  5557.982     607.0     1.018    -4.021               7.650
  5557.998      69.1     4.606    -3.060
  5558.020     607.0     0.961    -2.962               7.650
  5558.086     607.0     1.018    -2.284               7.650
  5558.091     607.0     1.155    -2.528               7.650
  5558.140    47.1      15.772    -0.360
  5558.188      23.1     5.468    -4.730
  5558.197      25.1     6.906    -4.444
  5558.200 106.00112     2.591    -4.461               3.456
  5558.208     607.0     1.155    -3.812               7.650
  5558.286    26.1      10.545    -0.780
  5558.342      90.0     1.006    -1.136
  5558.401      58.1     1.520    -3.980
  5558.405     107.0     3.601    -4.464               3.450
  5558.429 106.00113     1.055    -4.368               3.456
  5558.482      22.0     3.399    -3.774
  5558.485      23.1     9.011    -0.446
  5558.488      58.1     1.784    -1.660
  5558.511      69.1     4.003    -3.090
  5558.523     607.0     1.178    -3.220               7.650
  5558.547     607.0     0.916    -3.731               7.650
  5558.593 106.00113     3.136    -4.121               3.456
  5558.612     607.0     1.021    -3.569               7.650
  5558.630 106.00112     1.289    -3.932               3.456
  5558.640     607.0     0.916    -2.654               7.650
  5558.643      58.0     0.521    -1.007
  5558.692     607.0     1.265    -2.866               7.650
  5558.702    18.0      12.907    -1.483
  5558.723      23.1     8.983    -2.313
  5558.757      23.0     1.711    -1.060
  5558.763 106.00112     2.591    -4.474               3.456
  5558.788      23.0     1.043    -2.869
  5558.806 106.00112     1.289    -3.903               3.456
  5558.818      27.0     3.530    -1.383
  5558.840     607.0     1.265    -4.326               7.650
  5558.857     607.0     1.159    -3.786               7.650
  5558.920 106.00112     3.274    -3.263               3.456
  5558.967      23.1     8.995    -2.103
  5559.038 106.00113     1.055    -4.368               3.456
  5559.044 106.00113     1.055    -4.291               3.456
  5559.047      25.1     6.185    -1.318
  5559.198      58.0     0.552    -0.349
  5559.217      23.0     3.226    -3.933
  5559.245      58.1     1.767    -1.190
  5559.253      69.1     3.679    -2.880
  5559.282      22.0     3.716    -3.417
  5559.328 106.00113     0.680    -4.696               3.456
  5559.344      26.0     5.100    -3.819
  5559.359      26.0     5.064    -2.786
  5559.362 106.00113     1.248    -3.972               3.456
  5559.366 106.00112     3.274    -3.250               3.456
  5559.400 106.00113     3.136    -4.109               3.456
  5559.429     607.0     0.845    -3.615               7.650
  5559.458 106.00113     1.248    -3.938               3.456
  5559.468 106.00113     0.680    -4.696               3.456
  5559.539 106.00113     2.591    -4.461               3.456
  5559.579 106.00112     2.666    -4.405               3.456
  5559.582 106.00113     1.055    -4.291               3.456
  5559.596      70.1     7.393    -1.790
  5559.639      26.0     4.988    -1.960
  5559.659 106.00112     2.667    -4.426               3.456
  5559.703 106.00113     2.591    -4.474               3.456
  5559.721      64.0     0.213    -1.946
  5559.743 106.00113     1.208    -4.016               3.456
  5559.752      44.0     0.928    -1.860
  5559.796    26.1      10.623    -0.750
  5559.797      58.1     1.709    -1.340
  5559.860      20.0     4.780    -1.306
  5559.885 106.00112     1.033    -4.491               3.456
  5559.892      90.0     0.457    -2.532
  5559.893      26.0     4.638    -1.791
  5560.006      58.0     1.115    -0.755
  5560.021 106.00113     1.208    -3.978               3.456
  5560.024 106.00113     2.717    -4.403               3.456
  5560.103      58.0     1.157    -0.647
  5560.211      26.0     4.434    -1.320
  5560.259      69.1     4.433    -2.410
  5560.273      26.1     9.700    -3.889
  5560.312 106.00113     2.717    -4.383               3.456
  5560.325      26.1     6.703    -4.107
  5560.330      23.1     8.991    -1.880
  5560.346 106.00112     1.034    -4.491               3.456
  5560.369      58.1     0.809    -2.720
  5560.386 106.00113     1.080    -4.271               3.456
  5560.420 106.00113     3.436    -3.851               3.456
  5560.452     607.0     0.898    -2.619               7.650
  5560.562      23.0     0.040    -3.620
  5560.610      24.0     3.850    -3.369
  5560.618      76.0     4.416    -0.370
  5560.633 106.00112     1.034    -4.396               3.456
  5560.661     607.0     0.886    -3.279               7.650
  5560.678      64.1     1.372    -1.090
  5560.714     607.0     0.886    -2.631               7.650
  5560.729      23.0     4.079    -4.166
  5560.748 106.00112     1.290    -3.932               3.456
  5560.766 106.00112     1.290    -3.903               3.456
  5560.783      22.0     3.112    -4.200
  5560.847 106.00113     0.680    -4.594               3.456
  5560.909 106.00113     1.080    -4.207               3.456
  5560.952 106.00113     0.680    -4.594               3.456
  5560.985      70.1     6.556    -3.340
  5561.032 106.00112     1.034    -4.396               3.456
  5561.082 106.00113     3.436    -3.839               3.456
  5561.082 106.00112     3.436    -3.851               3.456
  5561.083      58.1     1.876    -1.540
  5561.094 106.00113     0.805    -4.247               3.456
  5561.116      58.1     1.412    -1.660
  5561.118     607.0     1.140    -4.731               7.650
  5561.135      21.0     2.296    -1.605
  5561.138    26.1      10.522    -0.580
  5561.154      60.0     0.000    -0.932
  5561.159 106.00113     1.171    -4.066               3.456
  5561.162 106.00113     1.080    -4.271               3.456
  5561.198     607.0     1.021    -3.564               7.650
  5561.198     607.0     1.140    -4.748               7.650
  5561.208     607.0     1.265    -2.857               7.650
  5561.227      21.0     5.568    -2.949
  5561.230      23.1     9.011    -2.125
  5561.243      26.0     4.607    -1.340
  5561.292      21.1     7.143    -2.779
  5561.301     607.0     0.948    -3.570               7.650
  5561.354 106.00113     1.208    -4.016               3.456
  5561.364     607.0     0.948    -2.205               7.650
  5561.368     607.0     0.842    -4.052               7.650
  5561.379      62.0     0.101    -1.904
  5561.432      25.1     6.186    -2.422
  5561.445      58.1     1.458    -0.860
  5561.456      69.1     4.301    -2.230
  5561.469 106.00112     1.509    -4.118               3.456
  5561.484 106.00113     1.171    -4.024               3.456
  5561.490 106.00113     1.107    -4.191               3.456
  5561.506 106.00113     1.208    -3.978               3.456
  5561.509      69.1     4.531    -3.700
  5561.524    26.1      10.545    -0.560
  5561.571 106.00112     3.436    -3.839               3.456
  5561.580 106.00113     0.805    -4.199               3.456
  5561.602 106.00113     1.080    -4.207               3.456
  5561.664      23.0     1.712    -1.240
  5561.679 106.00112     2.805    -4.193               3.456
  5561.716 106.00112     1.247    -3.972               3.456
  5561.747 106.00113     1.138    -4.124               3.456
  5561.756 106.00113     3.276    -3.250               3.456
  5561.761      70.1     6.775    -2.520
  5561.818 106.00112     1.509    -4.138               3.456
  5561.840     607.0     1.036    -2.397               7.650
  5561.871      26.0     4.446    -2.733
  5561.923 106.00112     1.247    -3.938               3.456
  5561.930     107.0     3.198    -4.571               3.450
  5561.933 106.00113     1.107    -4.136               3.456
  5561.953      69.1     0.000    -3.610
  5561.973 106.00113     3.276    -3.263               3.456
  5561.999      22.0     3.551    -4.005
  5562.044 106.00112     3.138    -4.109               3.456
  5562.066     607.0     0.961    -2.205               7.650
  5562.087     107.0     3.198    -4.571               3.450
  5562.094      22.1     5.905    -3.552
  5562.097 106.00113     0.806    -4.247               3.456
  5562.098      28.0     4.538    -2.337
  5562.105      70.0     3.069    -0.559
  5562.111      24.0     4.616    -2.393
  5562.116      26.0     4.387    -0.569
  5562.118      23.1     5.475    -1.783
  5562.120      58.0     0.302    -1.559
  5562.125 106.00113     1.138    -4.075               3.456
  5562.132     607.0     0.961    -3.584               7.650
  5562.186      22.0     3.113    -3.303
  5562.197      58.0     0.206    -1.587
  5562.252      58.1     0.320    -3.510
  5562.253      69.1     4.723    -1.860
  5562.258 106.00112     2.805    -4.206               3.456
  5562.270 106.00112     3.138    -4.121               3.456
  5562.409      23.1     9.040    -3.613
  5562.453 106.00113     1.108    -4.191               3.456
  5562.465      42.0     4.316    -0.855
  5562.487 106.00113     0.806    -4.199               3.456
  5562.509     607.0     1.380    -3.483               7.650
  5562.539 106.00113     1.172    -4.066               3.456
  5562.592      23.1     6.529    -2.478
  5562.619      22.0     3.154    -1.575
  5562.686      58.1     3.562    -2.870
  5562.705      26.0     3.274    -5.021
  5562.706      26.0     4.435    -0.771
  5562.708      22.0     0.900    -2.870
  5562.713 106.00112     1.055    -4.368               3.456
  5562.719      21.1     7.159    -1.687
  5562.750 106.00113     1.172    -4.024               3.456
  5562.753      22.0     3.441    -2.874
  5562.787      69.1     2.508    -2.450
  5562.792      24.0     3.011    -4.884
  5562.802 106.00113     1.108    -4.136               3.456
  5562.911 106.00113     1.138    -4.124               3.456
  5562.985      41.0     1.269    -2.080
  5563.023      58.0     0.957    -0.037
  5563.062      26.0     2.728    -5.070
  5563.114      69.1     3.331    -1.230
  5563.171 106.00112     3.218    -4.121               3.456
  5563.183 106.00113     1.138    -4.075               3.456
  5563.192 106.00112     3.218    -4.110               3.456
  5563.233      75.0     1.813    -1.880
  5563.236 106.00113     2.805    -4.193               3.456
  5563.287     607.0     1.052    -2.402               7.650
  5563.322 106.00112     1.055    -4.368               3.456
  5563.332 106.00112     1.055    -4.291               3.456
  5563.359      42.0     3.223    -1.778
  5563.363      25.1     6.493    -4.523
  5563.365     607.0     1.052    -3.384               7.650
  5563.388    26.1      10.629    -0.550
  5563.400      58.1     0.933    -3.490
  5563.428 106.00113     2.805    -4.206               3.456
  5563.465      58.1     4.101    -2.990
  5563.487       6.0     8.647    -4.550
  5563.516      26.0     4.638    -4.515
  5563.530 106.00112     2.717    -4.403               3.456
  5563.543     607.0     1.040    -2.284               7.650
  5563.564      69.1     5.188    -0.610
  5563.569     607.0     0.936    -2.650               7.650
  5563.576 106.00112     1.248    -3.972               3.456
  5563.600      26.0     4.191    -1.120
  5563.641 106.00112     1.248    -3.938               3.456
  5563.641 106.00112     0.680    -4.696               3.456
  5563.650     607.0     1.040    -4.030               7.650
  5563.669      24.0     3.422    -2.861
  5563.676      26.0     4.143    -3.110
  5563.679      27.0     3.568    -2.502
  5563.685 106.00113     2.719    -4.383               3.456
  5563.694      26.0     2.424    -3.536
  5563.744 106.00113     2.719    -4.403               3.456
  5563.750      69.1     4.778    -3.200
  5563.778 106.00112     2.717    -4.383               3.456
  5563.781 106.00112     0.680    -4.696               3.456
  5563.789      24.0     4.411    -2.456
  5563.870 106.00112     1.055    -4.291               3.456
  5563.939     607.0     0.864    -4.585               7.650
  5563.958      22.0     3.718    -3.882
  5563.979      23.1     9.036    -2.814
  5563.982 106.00112     1.208    -4.016               3.456
  5564.013      23.0     3.245    -1.934
  5564.025      58.1     0.536    -3.600
  5564.042      42.0     2.623    -1.771
  5564.100      26.0     4.607    -3.682
  5564.170      92.0     0.471    -1.125
  5564.201      90.1     1.548    -1.389
  5564.214 106.00113     3.218    -4.121               3.456
  5564.236 106.00112     1.208    -3.978               3.456
  5564.239      58.0     0.659    -0.441
  5564.298 106.00113     3.138    -4.121               3.456
  5564.300      66.0     1.569    -1.830
  5564.326      27.0     1.883    -3.879
  5564.357      20.0     5.299    -4.032
  5564.365      70.1     6.570    -1.580
  5564.396      69.1     4.904    -1.490
  5564.409      58.1     3.562    -2.990
  5564.444     607.0     1.129    -4.748               7.650
  5564.446 106.00112     3.276    -3.250               3.456
  5564.465 106.00113     3.138    -4.109               3.456
  5564.512      23.1     3.796    -4.112
  5564.521     607.0     1.129    -4.765               7.650
  5564.564 106.00113     3.218    -4.110               3.456
  5564.604 106.00113     1.440    -4.161               3.456
  5564.634      22.0     3.716    -3.730
  5564.651 106.00113     1.440    -4.140               3.456
  5564.676 106.00112     1.080    -4.271               3.456
  5564.697      69.1     4.946    -1.130
  5564.716      24.1     8.227    -2.077
  5564.718     607.0     1.335    -4.206               7.650
  5564.719 106.00112     3.276    -3.263               3.456
  5564.744     607.0     1.120    -2.609               7.650
  5564.747     607.0     1.178    -3.793               7.650
  5564.750      27.0     3.665    -3.513
  5564.771     607.0     1.380    -3.476               7.650
  5564.823      70.1     5.671    -1.950
  5564.829      58.1     2.250    -1.670
  5564.881     607.0     1.120    -4.551               7.650
  5564.883      21.0     1.969    -1.156
  5564.888      20.0     5.300    -4.467
  5564.953     607.0     0.855    -3.619               7.650
  5564.962      58.0     0.396    -0.014
  5564.976    16.1      13.672    -0.336
  5564.992      23.1     8.983    -1.034
  5565.081 106.00112     0.680    -4.594               3.456
  5565.131      25.1     6.185    -4.060
  5565.150      25.0     5.112    -3.062
  5565.187 106.00112     0.680    -4.594               3.456
  5565.193 106.00112     1.080    -4.207               3.456
  5565.243 106.00113     3.438    -3.839               3.456
  5565.252      69.1     4.265    -2.510
  5565.278      58.0     0.621    -0.575
  5565.283      25.1     6.494    -4.560
  5565.305      25.0     5.112    -3.036
  5565.336 106.00112     0.805    -4.247               3.456
  5565.360 106.00113     3.438    -3.851               3.456
  5565.377      24.0     4.618    -1.576
  5565.422 106.00112     1.171    -4.066               3.456
  5565.429      57.0     0.952    -0.880
  5565.453 106.00112     1.080    -4.271               3.456
  5565.456      23.0     1.860    -3.577
  5565.473      22.0     2.236    -0.893
  5565.492      26.1     6.729    -2.777
  5565.501      58.1     2.008    -1.670
  5565.509      69.1     4.914    -1.720
  5565.581      26.0     5.507    -4.303
  5565.596 106.00112     1.208    -4.016               3.456
  5565.698      57.0     0.373    -1.570
  5565.704      26.0     4.608    -0.343
  5565.723 106.00112     1.208    -3.978               3.456
  5565.726 106.00112     1.171    -4.024               3.456
  5565.732 106.00112     3.438    -3.839               3.456
  5565.754 106.00112     0.805    -4.199               3.456
  5565.763 106.00112     3.699    -3.810               3.456
  5565.775 106.00112     1.107    -4.191               3.456
  5565.820      15.0     6.985    -2.640
  5565.834      26.0     5.086    -2.955
  5565.837 106.00113     3.343    -3.249               3.456
  5565.887 106.00112     1.080    -4.207               3.456
  5565.912 106.00112     3.699    -3.800               3.456
  5565.946      23.0     1.051    -2.580
  5565.946      27.0     4.232    -1.441
  5565.948     607.0     0.987    -2.960               7.650
  5565.968      58.0     0.467    -0.061
  5565.969     607.0     0.898    -3.287               7.650
  5566.000      69.0     1.627    -1.110
  5566.020      70.1     6.456    -3.370
  5566.023 106.00112     1.138    -4.124               3.456
  5566.023 106.00112     3.438    -3.851               3.456
  5566.024     607.0     0.898    -2.610               7.650
  5566.045      70.1     5.613    -1.640
  5566.104     607.0     0.910    -2.599               7.650
  5566.120      69.0     2.318    -1.560
  5566.203      20.0     5.490    -4.337
  5566.209 106.00112     1.107    -4.136               3.456
  5566.237      24.1     9.007    -4.149
  5566.257      58.1     4.097    -3.090
  5566.340 106.00112     0.806    -4.247               3.456
  5566.345      69.1     3.132    -2.260
  5566.364 106.00113     3.343    -3.237               3.456
  5566.389 106.00112     1.138    -4.075               3.456
  5566.447      58.1     3.460    -2.730
  5566.471      58.1     1.482    -2.100
  5566.477      58.0     1.219    -0.153
  5566.489     607.0     1.040    -4.028               7.650
  5566.574      24.0     3.435    -2.120
  5566.578      69.1     4.512    -2.690
  5566.595     607.0     0.961    -3.579               7.650
  5566.595     607.0     1.040    -2.274               7.650
  5566.628      25.1     6.495    -3.369
  5566.660     607.0     0.961    -2.189               7.650
  5566.662 106.00112     0.806    -4.199               3.456
  5566.718      23.1     6.784    -4.360
  5566.718      58.1     1.546    -2.070
  5566.719      24.0     4.535    -2.225
  5566.722      26.0     5.010    -2.701
  5566.739 106.00112     1.108    -4.191               3.456
  5566.799      26.0     3.252    -4.187
  5566.804 106.00112     1.172    -4.066               3.456
  5566.835      69.1     2.620    -3.050
  5566.847      58.1     3.860    -2.150
  5566.891      27.1     8.333    -4.641
  5566.925      57.1     2.382    -1.004
  5566.939     607.0     1.180    -2.520               7.650
  5566.971      69.1     4.847    -1.110
  5566.994 106.00112     1.172    -4.024               3.456
  5567.060     607.0     1.180    -3.818               7.650
  5567.070     607.0     1.120    -4.549               7.650
  5567.080 106.00112     1.108    -4.136               3.456
  5567.099      69.1     4.266    -1.890
  5567.106      27.1     8.372    -2.051
  5567.128     607.0     0.936    -3.739               7.650
  5567.129     107.0     3.152    -4.804               3.450
  5567.140     107.0     3.152    -4.804               3.450
  5567.155 106.00112     2.719    -4.383               3.456
  5567.189 106.00112     1.138    -4.124               3.456
  5567.207     607.0     1.120    -2.602               7.650
  5567.224     607.0     0.936    -2.643               7.650
  5567.254 106.00112     2.719    -4.403               3.456
  5567.274      26.0     4.415    -1.770
  5567.290     607.0     1.052    -2.384               7.650
  5567.391      26.0     2.608    -2.694
  5567.400      23.1     6.784    -4.373
  5567.449 106.00112     1.138    -4.075               3.456
  5567.477      20.0     6.028    -4.293
  5567.500      22.0     3.178    -2.671
  5567.567      15.0     7.965    -3.980
  5567.675     607.0     0.975    -2.189               7.650
  5567.689     607.0     1.118    -4.765               7.650
  5567.702      22.0     3.709    -3.688
  5567.732      23.0     1.931    -4.185
  5567.742     607.0     0.975    -3.593               7.650
  5567.750      25.0     5.520     0.505
  5567.760      39.0     1.919    -0.340
  5567.766     607.0     1.118    -4.784               7.650
  5567.820      58.0     1.065     0.069
  5567.842      26.1     6.730    -1.866
  5567.870      22.0     3.724    -3.763
  5567.890 106.00113     2.771    -4.382               3.456
  5567.904      70.1     7.080    -3.090
  5568.074      26.0     4.154    -2.937
  5568.110      70.0     3.206    -0.668
  5568.187 106.00113     2.771    -4.362               3.456
  5568.235     107.0     3.222    -4.489               3.450
  5568.271 106.00113     3.699    -3.810               3.456
  5568.362      58.1     3.550    -2.190
  5568.404      24.0     3.000    -4.344
  5568.411      55.0     1.386    -2.452
  5568.426      24.1     8.215    -2.249
  5568.431      26.0     4.154    -4.106
  5568.448      57.0     0.433    -1.210
  5568.454     107.0     3.222    -4.489               3.450
  5568.485      23.1     9.031    -4.252
  5568.532 106.00112     3.343    -3.249               3.456
  5568.577      26.0     4.191    -3.895
  5568.594      27.0     4.504    -3.197
  5568.604      42.0     2.836    -1.234
  5568.680      26.0     4.143    -3.459
  5568.736 106.00112     1.440    -4.140               3.456
  5568.749 106.00113     3.699    -3.800               3.456
  5568.764 106.00112     1.440    -4.161               3.456
  5568.768     607.0     0.987    -4.266               7.650
  5568.810      26.0     3.635    -3.080
  5568.817      23.0     3.315    -2.263
  5568.821      22.0     0.836    -4.835
  5568.864      26.0     3.635    -2.904
  5568.894     607.0     0.987    -2.954               7.650
  5568.916      26.1     7.517    -4.298
  5568.991 106.00113     0.777    -4.304               3.456
  5569.006 106.00112     3.343    -3.237               3.456
  5569.026     607.0     1.069    -2.390               7.650
  5569.037      44.0     1.002    -2.790
  5569.065 106.00113     1.442    -4.140               3.456
  5569.107     607.0     1.069    -3.392               7.650
  5569.132     607.0     1.210    -3.220               7.650
  5569.213      69.1     4.899    -1.300
  5569.221      58.1     0.812    -3.650
  5569.227      58.1     1.581    -1.440
  5569.232     607.0     1.485    -4.711               7.650
  5569.295      58.0     0.398    -1.129
  5569.307 106.00113     1.442    -4.161               3.456
  5569.414      20.0     5.321    -2.650
  5569.472      24.0     3.013    -4.826
  5569.473      42.0     2.918    -1.272
  5569.480      22.0     2.506    -2.668
  5569.515      22.0     3.458    -3.479
  5569.555 106.00113     0.777    -4.249               3.456
  5569.599      26.1     8.230    -4.190
  5569.618    26.0       3.414    -0.486
  5569.652      23.1     9.011    -0.613
  5569.698      14.0     5.614    -3.332
  5569.723      27.0     2.871    -4.489
  5569.779      26.0     5.486    -4.490
  5569.785     607.0     1.295    -2.859               7.650
  5569.804 106.00113     0.777    -4.304               3.456
  5569.882     607.0     1.180    -2.509               7.650
  5569.896      26.0     4.143    -3.671
  5569.936      69.1     4.723    -2.670
  5569.936     607.0     1.295    -4.331               7.650
  5569.937      23.0     1.853    -3.251
  5569.943      60.1     1.282    -1.140
  5569.974      22.0     3.179    -3.813
  5569.974      69.1     4.254    -1.350
  5570.051      26.0     2.845    -4.407
  5570.158     607.0     0.860    -4.060               7.650
  5570.198      26.0     5.086    -5.024
  5570.213 106.00112     3.221    -4.110               3.456
  5570.285 106.00113     0.777    -4.249               3.456
  5570.332      20.0     5.299    -3.022
  5570.337      63.0     1.708    -0.080
  5570.340      63.0     1.708     0.040
  5570.365      57.0     0.000    -2.340
  5570.371      20.0     5.490    -4.924
  5570.421      21.0     4.432    -2.678
  5570.444      42.0     1.335    -0.337
  5570.445      24.0     4.613    -1.255
  5570.477 106.00113     0.670    -4.801               3.456
  5570.539      25.1     6.177    -1.444
  5570.545 106.00113     0.670    -4.801               3.456
  5570.567      69.1     3.435    -3.870
  5570.575      26.0     5.100    -4.163
  5570.577      24.0     4.106    -1.705
  5570.585      24.0     3.889    -4.361
  5570.665      92.1     1.184    -1.554
  5570.676     607.0     0.865    -3.625               7.650
  5570.807     607.0     1.198    -3.800               7.650
  5570.855     607.0     1.107    -4.784               7.650
  5570.864      20.0     5.300    -2.986
  5570.928     607.0     1.107    -4.803               7.650
  5570.930 106.00112     3.221    -4.121               3.456
  5570.971 106.00112     3.068    -4.134               3.456
  5570.980      21.1     8.399    -3.979
  5570.980      21.1     8.399    -4.938
  5571.157      23.1     8.449    -4.326
  5571.172      24.0     5.548    -2.185
  5571.176      26.1     5.262    -4.698
  5571.191      90.0     1.388    -0.915
  5571.194      23.1     9.040    -0.311
  5571.238      21.0     2.303    -1.546
  5571.263       6.0     8.640    -2.780
  5571.303     607.0     1.211    -3.214               7.650
  5571.318      25.0     4.360    -3.153
  5571.362 106.00112     3.068    -4.121               3.456
  5571.365 106.00112     2.771    -4.382               3.456
  5571.377      23.0     3.239    -1.838
  5571.421 106.00113     3.345    -3.237               3.456
  5571.421     607.0     1.052    -3.562               7.650
  5571.430 106.00112     3.701    -3.800               3.456
  5571.430      41.0     2.273    -1.330
  5571.454      58.1     3.283    -1.030
  5571.507      58.1     3.371    -1.740
  5571.526     607.0     0.910    -3.295               7.650
  5571.583     607.0     0.910    -2.590               7.650
  5571.588 106.00113     3.221    -4.110               3.456
  5571.623 106.00112     2.771    -4.362               3.456
  5571.657 106.00113     3.346    -3.249               3.456
  5571.657      26.0     4.186    -3.911
  5571.702      58.1     2.373    -2.310
  5571.744 106.00113     2.772    -4.362               3.456
  5571.821 106.00113     2.772    -4.382               3.456
  5571.823      22.0     3.716    -3.850
  5571.828      59.1     0.508    -1.232
  5571.977 106.00113     3.221    -4.121               3.456
  5571.996     607.0     0.922    -2.579               7.650
  5572.023      23.0     1.800    -4.038
  5572.067     607.0     0.975    -3.588               7.650
  5572.069      22.0     3.148    -4.230
  5572.134     607.0     0.975    -2.174               7.650
  5572.163     107.0     3.661    -4.432               3.450
  5572.193      58.0     0.172    -1.188
  5572.205      26.0     3.252    -4.588
  5572.238 106.00112     3.702    -3.810               3.456
  5572.260     607.0     1.295    -2.851               7.650
  5572.332     607.0     1.062    -2.274               7.650
  5572.347      58.1     1.406    -1.940
  5572.348      20.0     5.832    -2.688
  5572.359      21.0     5.226    -2.301
  5572.403      26.0     4.991    -2.541
  5572.410     607.0     0.956    -2.639               7.650
  5572.441     607.0     1.062    -4.037               7.650
  5572.465      90.0     0.930    -1.681
  5572.481      58.1     2.373    -2.220
  5572.499      27.0     2.280    -2.041
  5572.517      64.0     0.881    -1.291
  5572.536      70.1     5.168    -1.230
  5572.541    18.0      13.095    -1.670
  5572.623 106.00113     3.068    -4.134               3.456
  5572.666 106.00113     0.670    -4.651               3.456
  5572.713 106.00113     0.670    -4.651               3.456
  5572.842    26.0       3.394    -0.275
  5572.970     607.0     1.069    -2.373               7.650
  5572.983      23.1     9.011    -2.686
  5573.011      15.0     7.404    -2.000
  5573.011      25.0     5.556     0.280
  5573.037      39.0     1.900    -1.470
  5573.074      92.0     1.283    -1.023
  5573.085      24.0     5.522    -2.673
  5573.102    26.0       4.188    -1.317
  5573.104      23.1     8.983    -1.662
  5573.148      23.1     3.799    -3.263
  5573.157 106.00112     1.442    -4.140               3.456
  5573.191      21.1     7.143    -2.736
  5573.197      25.0     4.360    -2.039
  5573.257      23.0     3.960    -2.331
  5573.294      23.0     3.286    -4.325
  5573.306 106.00112     0.777    -4.304               3.456
  5573.354      90.0     1.006    -1.235
  5573.396 106.00113     3.068    -4.121               3.456
  5573.409      62.0     0.388    -0.959
  5573.446      23.1     9.011    -3.257
  5573.454     607.0     0.990    -2.174               7.650
  5573.474 106.00112     1.442    -4.161               3.456
  5573.483      75.0     2.149    -1.850
  5573.523      20.0     5.832    -2.241
  5573.524     607.0     0.990    -3.601               7.650
  5573.541      58.1     1.495    -2.580
  5573.567      23.0     1.849    -3.882
  5573.573      69.1     3.379    -2.480
  5573.577      23.1     9.040    -1.859
  5573.591      92.0     0.775    -1.630
  5573.592      21.1     7.159    -2.813
  5573.657      70.1     6.562    -2.780
  5573.659      22.0     3.186    -2.196
  5573.682      25.0     5.542     0.395
  5573.704      27.0     4.232    -1.368
  5573.747      25.0     4.360    -1.645
  5573.757      26.0     5.070    -2.982
  5573.765     107.0     3.661    -4.432               3.450
  5573.810 106.00112     0.777    -4.249               3.456
  5573.826    47.1      15.807     0.130
  5573.942     607.0     1.097    -4.803               7.650
  5573.981      26.1     5.249    -4.908
  5574.009      23.0     0.040    -4.736
  5574.011     607.0     1.052    -3.557               7.650
  5574.011     607.0     1.097    -4.822               7.650
  5574.048      58.1     0.960    -2.990
  5574.068 106.00112     3.345    -3.237               3.456
  5574.117      23.1     9.011    -0.938
  5574.120 106.00112     0.777    -4.304               3.456
  5574.155      58.1     2.799    -2.390
  5574.273 106.00113     3.701    -3.800               3.456
  5574.357 106.00112     3.346    -3.249               3.456
  5574.363      69.1     4.114    -0.180
  5574.389      26.0     4.415    -3.145
  5574.393      24.0     4.447    -1.426
  5574.443      22.0     3.727    -3.769
  5574.475      23.1     9.011    -0.630
  5574.500      21.0     3.189    -0.874
  5574.522     607.0     1.542    -4.460               7.650
  5574.540 106.00112     0.777    -4.249               3.456
  5574.615      59.1     1.050    -1.304
  5574.622      26.1     7.717    -2.752
  5574.653     607.0     1.542    -4.469               7.650
  5574.751 106.00113     3.702    -3.810               3.456
  5574.775      24.0     3.890    -4.317
  5574.879 106.00112     0.670    -4.801               3.456
  5574.904      62.0     0.036    -1.614
  5574.928     607.0     1.086    -2.377               7.650
  5574.947 106.00112     0.670    -4.801               3.456
  5574.995      58.1     3.863    -1.940
  5574.997      58.0     1.349    -0.526
  5575.011     607.0     1.086    -3.400               7.650
  5575.011      69.1     3.580    -0.890
  5575.022 106.00112     3.623    -3.821               3.456
  5575.026      58.1     1.339    -2.460
  5575.031     607.0     0.887    -4.592               7.650
  5575.061      15.0     6.985    -3.780
  5575.110      58.0     0.999    -0.806
  5575.115      14.0     5.616    -3.277
  5575.142      24.0     3.011    -2.759
  5575.149 106.00112     3.623    -3.810               3.456
  5575.178      42.0     2.476    -1.539
  5575.183 106.00112     2.772    -4.362               3.456
  5575.235     607.0     1.062    -4.035               7.650
  5575.256      58.1     1.796    -1.790
  5575.295      25.0     4.332    -2.368
  5575.302 106.00112     2.772    -4.382               3.456
  5575.344     607.0     1.062    -2.265               7.650
  5575.376      22.1     5.885    -4.023
  5575.381      69.1     4.110    -2.330
  5575.482      22.0     3.460    -3.229
  5575.500      60.0     1.042     0.070
  5575.561     607.0     1.415    -3.478               7.650
  5575.599      58.1     3.463    -3.840
  5575.622      23.1     9.045    -1.917
  5575.708      70.1     3.914    -2.860
  5575.722     107.0     3.249    -4.422               3.450
  5575.728      25.1     6.185    -2.501
  5575.737 106.00113     1.376    -4.184               3.456
  5575.742      26.0     5.070    -3.363
  5575.749      23.1     9.011    -3.174
  5575.799 106.00113     1.376    -4.162               3.456
  5575.802      23.1     6.534    -2.184
  5575.815     607.0     1.148    -2.602               7.650
  5575.833      27.0     3.568    -2.148
  5575.855      72.0     3.249     0.020
  5575.911     607.0     1.204    -2.512               7.650
  5575.940      66.0     1.813    -1.510
  5575.955     607.0     1.149    -4.556               7.650
  5576.016     107.0     3.249    -4.422               3.450
  5576.033     607.0     1.205    -3.824               7.650
  5576.042 106.00113     0.751    -4.370               3.456
  5576.042      27.0     4.504    -1.979
  5576.076      69.1     3.947    -3.390
  5576.089      26.0     3.430    -1.130
  5576.114      64.0     0.841    -1.445
  5576.157      41.0     0.348    -1.940
  5576.205      90.0     1.291    -1.176
  5576.275 106.00113     2.826    -4.361               3.456
  5576.319      74.0     2.533    -1.850
  5576.381      23.0     3.299    -3.571
  5576.399 106.00112     3.070    -4.121               3.456
  5576.440      40.1     3.427    -1.900
  5576.446      24.0     5.548    -1.245
  5576.505      23.0     1.064    -2.366
  5576.583 106.00113     2.826    -4.342               3.456
  5576.585     607.0     0.875    -3.631               7.650
  5576.589      25.0     5.599    -0.536
  5576.617 106.00112     3.070    -4.134               3.456
  5576.666      26.0     5.106    -3.485
  5576.679 106.00113     0.751    -4.370               3.456
  5576.682      26.1     7.627    -4.719
  5576.701 106.00113     0.751    -4.307               3.456
  5576.701 106.00113     3.413    -3.236               3.456
  5576.722      26.0     4.186    -4.014
  5576.813      21.0     2.608    -2.053
  5576.944      21.0     4.585    -3.421
  5576.944      58.1     4.101    -2.730
  5576.946     607.0     1.088    -4.822               7.650
  5577.000 106.00112     0.670    -4.651               3.456
  5577.014     607.0     1.088    -4.843               7.650
  5577.025      26.0     5.033    -1.680
  5577.046 106.00112     0.670    -4.651               3.456
  5577.082     607.0     1.013    -2.951               7.650
  5577.105     607.0     1.218    -3.807               7.650
  5577.124      23.1     5.475    -2.892
  5577.127      63.0     1.668     0.120
  5577.144      58.1     2.145    -1.060
  5577.211 106.00113     3.623    -3.821               3.456
  5577.231     607.0     0.922    -3.303               7.650
  5577.255      26.0     4.985    -3.864
  5577.261 106.00113     3.413    -3.224               3.456
  5577.264 106.00113     0.751    -4.307               3.456
  5577.280      58.0     0.773    -0.595
  5577.290     607.0     0.922    -2.570               7.650
  5577.395      23.0     1.955    -3.196
  5577.415      39.0     1.967     0.160
  5577.455      58.1     0.709    -3.530
  5577.510      25.1     6.913    -4.160
  5577.523      23.0     4.049    -4.400
  5577.537     607.0     1.520    -4.469               7.650
  5577.646    27.1      11.615    -0.400
  5577.665     607.0     1.520    -4.478               7.650
  5577.666 106.00113     3.623    -3.810               3.456
  5577.694      60.0     1.351     0.240
  5577.745     607.0     0.990    -3.596               7.650
  5577.756      25.1     6.573    -4.073
  5577.784      21.0     3.101    -2.799
  5577.812     607.0     1.415    -3.471               7.650
  5577.815     607.0     0.990    -2.159               7.650
  5577.846       6.0     8.643    -3.660
  5577.930      24.0     4.416    -1.984
  5577.939      69.1     2.692    -3.450
  5578.008    26.1      10.600    -0.620
  5578.029     607.0     0.934    -2.561               7.650
  5578.117     607.0     1.148    -4.555               7.650
  5578.126      25.1     6.186    -1.400
  5578.154      26.0     4.966    -4.241
  5578.257     607.0     1.149    -2.595               7.650
  5578.273 106.00113     3.070    -4.134               3.456
  5578.282      58.0     1.003    -0.103
  5578.284     607.0     0.956    -3.746               7.650
  5578.332      41.0     1.532    -1.760
  5578.337      69.1     2.745    -3.540
  5578.382     607.0     0.956    -2.632               7.650
  5578.400      23.0     1.051    -2.734
  5578.428 106.00112     2.732    -4.206               3.456
  5578.438 106.00113     3.070    -4.121               3.456
  5578.475 106.00112     2.732    -4.219               3.456
  5578.478      70.1     8.055    -0.850
  5578.497 106.00113     0.662    -4.885               3.456
  5578.497 106.00113     0.662    -4.885               3.456
  5578.507      22.0     3.128    -3.338
  5578.567      22.0     1.502    -2.056
  5578.650      60.1     0.550    -1.810
  5578.711      28.0     1.676    -2.640
  5578.714      26.0     5.064    -3.326
  5578.723      20.0     5.453    -4.927
  5578.777      37.0     1.560    -2.212
  5578.808      59.0     0.603    -0.697
  5578.822     607.0     1.086    -2.361               7.650
  5578.878      24.0     4.446    -4.150
  5578.889    16.1      13.677    -0.728
  5578.897      58.0     0.467    -0.730
  5578.947     107.0     3.163    -4.758               3.450
  5578.979     107.0     3.163    -4.758               3.450
  5579.023      69.1     4.433    -2.340
  5579.156     607.0     0.878    -4.067               7.650
  5579.238      69.1     4.288    -1.120
  5579.275 106.00113     2.732    -4.219               3.456
  5579.340      26.0     4.231    -2.530
  5579.353 106.00112     3.413    -3.236               3.456
  5579.359      90.0     0.690    -1.607
  5579.412      23.1     9.036    -3.978
  5579.441     607.0     1.005    -2.159               7.650
  5579.513     607.0     1.005    -3.609               7.650
  5579.605 106.00113     2.732    -4.206               3.456
  5579.624      63.0     1.806    -0.280
  5579.641      22.0     3.161    -3.543
  5579.678    47.1      15.807     0.090
  5579.694      69.1     4.174    -2.170
  5579.720 106.00112     2.826    -4.361               3.456
  5579.776      21.0     1.969    -1.371
  5579.779 106.00113     3.501    -3.838               3.456
  5579.835      69.1     5.188    -1.660
  5579.839      23.0     4.059    -3.587
  5579.857     607.0     1.013    -4.272               7.650
  5579.860 106.00112     3.413    -3.224               3.456
  5579.868     607.0     1.079    -4.843               7.650
  5579.885      23.0     3.215    -1.414
  5579.898      69.1     4.461    -0.670
  5579.917 106.00113     1.377    -4.162               3.456
  5579.926    26.1      10.629    -0.500
  5579.934     607.0     1.079    -4.865               7.650
  5579.943      26.0     4.559    -3.211
  5579.976 106.00112     1.376    -4.162               3.456
  5579.985 106.00112     1.376    -4.184               3.456
  5579.986     607.0     1.013    -2.946               7.650
  5579.988 106.00112     2.826    -4.342               3.456
  5580.022      24.1     6.282    -3.738
  5580.030      63.0     1.639    -0.130
  5580.038      23.0     1.950    -3.868
  5580.125 106.00113     1.377    -4.184               3.456
  5580.130      42.0     3.904    -1.352
  5580.272 106.00112     3.501    -3.838               3.456
  5580.277      26.0     3.640    -4.723
  5580.310      58.1     1.244    -2.510
  5580.312 106.00113     2.828    -4.342               3.456
  5580.333      69.1     2.725    -3.400
  5580.396      23.0     2.359    -4.557
  5580.404      24.0     4.613    -1.462
  5580.409 106.00113     2.828    -4.361               3.456
  5580.421 106.00112     0.751    -4.370               3.456
  5580.435      24.0     3.438    -3.710
  5580.439      69.1     3.010    -2.470
  5580.465     607.0     1.499    -4.478               7.650
  5580.483      69.1     4.469    -3.620
  5580.487 106.00113     3.501    -3.827               3.456
  5580.497      92.1     1.026    -2.021
  5580.505      23.1     9.036    -2.573
  5580.568      23.0     3.224    -2.676
  5580.592     607.0     1.499    -4.487               7.650
  5580.601      58.1     4.330    -2.090
  5580.657      58.1     3.466    -0.210
  5580.674      76.0     4.107    -0.370
  5580.717      58.1     1.107    -3.310
  5580.769      22.0     2.487    -2.717
  5580.771     607.0     1.518    -4.716               7.650
  5580.798 106.00112     3.501    -3.827               3.456
  5580.801      92.1     0.670    -1.668
  5580.804      70.1     5.910    -0.240
  5580.832 106.00112     3.626    -3.810               3.456
  5580.920      23.0     2.505    -3.764
  5580.922      70.1     6.556    -0.770
  5580.986      58.1     1.639    -2.740
  5581.029 106.00112     0.751    -4.307               3.456
  5581.060 106.00112     0.751    -4.370               3.456
  5581.073     607.0     1.326    -2.853               7.650
  5581.077      39.0     1.983    -0.680
  5581.084     607.0     1.104    -2.366               7.650
  5581.170     607.0     1.104    -3.407               7.650
  5581.222      92.1     0.113    -2.769
  5581.227     607.0     1.326    -4.335               7.650
  5581.263      24.0     5.548    -2.132
  5581.278      27.0     4.259    -1.741
  5581.297     607.0     1.085    -2.265               7.650
  5581.325 106.00113     1.015    -4.990               3.456
  5581.331      69.1     2.968    -3.210
  5581.334      25.0     5.579    -0.843
  5581.337 106.00112     2.514    -4.473               3.456
  5581.367      26.0     4.985    -3.970
  5581.368      69.0     2.530    -0.306
  5581.396 106.00112     2.514    -4.487               3.456
  5581.408     607.0     1.085    -4.043               7.650
  5581.449     607.0     0.976    -2.628               7.650
  5581.454      69.1     4.904    -2.440
  5581.470      69.1     4.914    -2.350
  5581.558      23.1     8.995    -0.342
  5581.577 106.00113     1.034    -4.891               3.456
  5581.587      24.0     3.435    -2.100
  5581.590      60.1     0.859    -1.190
  5581.593 106.00112     0.751    -4.307               3.456
  5581.594      92.1     0.036    -2.640
  5581.625    26.1      10.600    -0.520
  5581.627 106.00112     3.626    -3.821               3.456
  5581.786      70.1     5.671    -1.990
  5581.847      24.0     4.096    -3.552
  5581.864      58.1     3.736    -3.410
  5581.869      39.0     1.374     0.350
  5581.901      26.0     2.692    -4.219
  5581.929 106.00113     1.055    -4.803               3.456
  5581.953      70.1     6.950    -2.530
  5581.954 106.00113     2.514    -4.487               3.456
  5581.965      20.0     2.523    -0.555
  5581.967 106.00113     1.000    -4.994               3.456
  5581.995 106.00113     1.015    -4.894               3.456
  5582.101      59.1     0.950    -2.200
  5582.107      23.0     1.931    -2.936
  5582.129 106.00113     1.034    -4.805               3.456
  5582.163     607.0     1.243    -3.214               7.650
  5582.225 106.00113     0.728    -4.448               3.456
  5582.269 106.00113     3.415    -3.224               3.456
  5582.285 106.00113     2.514    -4.473               3.456
  5582.331      58.1     1.694    -2.070
  5582.344      59.1     1.053    -1.244
  5582.400 106.00113     1.055    -4.722               3.456
  5582.431      23.1     2.372    -2.891
  5582.437 106.00113     1.080    -4.722               3.456
  5582.512      25.0     3.378    -4.551
  5582.515 106.00113     3.416    -3.236               3.456
  5582.556      58.1     1.666    -0.570
  5582.618      23.0     1.804    -2.971
  5582.656      23.0     3.224    -2.618
  5582.688      58.0     0.548    -0.819
  5582.706     607.0     0.886    -3.638               7.650
  5582.708 106.00113     0.728    -4.448               3.456
  5582.712     607.0     1.070    -4.865               7.650
  5582.717      20.0     5.453    -4.685
  5582.730      58.0     0.172    -0.816
  5582.772     607.0     1.070    -4.888               7.650
  5582.836 106.00113     1.080    -4.644               3.456
  5582.896      23.1     3.803    -2.788
  5582.977 106.00112     0.662    -4.885               3.456
  5582.977 106.00112     0.662    -4.885               3.456
  5583.008 106.00113     0.729    -4.374               3.456
  5583.075      58.1     1.876    -2.600
  5583.098      23.1     8.991    -1.037
  5583.141     607.0     0.934    -3.312               7.650
  5583.151      58.1     4.331    -1.910
  5583.157 106.00113     1.108    -4.643               3.456
  5583.179      58.1     1.520    -2.030
  5583.203     607.0     0.934    -2.552               7.650
  5583.241     607.0     1.390    -4.217               7.650
  5583.312     607.0     1.478    -4.487               7.650
  5583.344      58.1     3.772    -2.100
  5583.354 106.00113     3.626    -3.810               3.456
  5583.429 106.00113     0.729    -4.374               3.456
  5583.431      26.0     5.100    -5.099
  5583.435       6.0     8.771    -2.800
  5583.437     607.0     1.478    -4.497               7.650
  5583.457      23.0     4.073    -3.136
  5583.504 106.00113     1.108    -4.566               3.456
  5583.532      69.1     4.563    -0.480
  5583.542     607.0     1.326    -2.845               7.650
  5583.568     607.0     1.239    -3.814               7.650
  5583.569      70.1     7.552    -1.760
  5583.570      24.0     5.808    -1.797
  5583.615      22.0     3.409    -1.624
  5583.615     607.0     1.005    -3.605               7.650
  5583.670      64.1     1.060    -1.240
  5583.688     607.0     1.005    -2.145               7.650
  5583.710      58.1     3.734    -3.660
  5583.722 106.00112     2.828    -4.342               3.456
  5583.762      90.1     1.123    -2.267
  5583.822 106.00113     3.626    -3.821               3.456
  5583.856 106.00112     2.735    -4.206               3.456
  5583.859 106.00112     2.828    -4.361               3.456
  5583.902      14.0     5.619    -1.464
  5583.906 106.00113     0.664    -4.719               3.456
  5583.912 106.00113     0.664    -4.719               3.456
  5583.912      21.0     3.101    -1.854
  5583.968      26.0     4.191    -2.900
  5583.981      73.0     3.439    -0.170
  5584.022      26.0     4.371    -2.484
  5584.096      25.0     5.520    -1.970
  5584.099 106.00112     1.377    -4.162               3.456
  5584.152 106.00113     1.138    -4.566               3.456
  5584.161     607.0     1.085    -4.041               7.650
  5584.214       6.0     8.771    -2.810
  5584.237      20.0     6.035    -4.590
  5584.268      26.0     4.387    -1.121
  5584.272     607.0     1.085    -2.256               7.650
  5584.280      24.1     5.871    -4.987
  5584.295     607.0     0.948    -2.543               7.650
  5584.302      23.0     2.359    -0.513
  5584.308      20.0     6.035    -4.476
  5584.321     607.0     1.244    -3.208               7.650
  5584.341      69.1     2.784    -2.960
  5584.380 106.00112     1.377    -4.184               3.456
  5584.414 106.00112     2.735    -4.219               3.456
  5584.423      58.1     2.473    -1.750
  5584.446      76.0     1.887    -1.730
  5584.449      23.1     9.045    -1.375
  5584.455 106.00113     1.138    -4.488               3.456
  5584.457     107.0     3.280    -4.364               3.450
  5584.492      23.0     1.064    -1.202
  5584.499     607.0     1.083    -3.556               7.650
  5584.558 106.00113     3.502    -3.827               3.456
  5584.598      22.0     3.199    -2.142
  5584.609      58.0     0.493    -0.976
  5584.647      58.0     0.302    -1.062
  5584.648      69.1     4.854    -1.010
  5584.683 106.00113     3.503    -3.838               3.456
  5584.739      75.0     2.061    -1.940
  5584.739      23.0     1.868    -1.396
  5584.753      69.1     5.104    -0.400
  5584.765      26.0     3.573    -2.450
  5584.779      21.0     5.405    -2.046
  5584.809      26.0     4.988    -3.262
  5584.835     107.0     3.280    -4.364               3.450
  5584.854      58.1     2.876    -1.020
  5584.861     607.0     0.976    -3.753               7.650
  5584.869     607.0     1.104    -2.350               7.650
  5584.870 106.00112     3.502    -3.827               3.456
  5584.873 106.00112     3.415    -3.224               3.456
  5584.935      27.0     1.956    -4.332
  5584.961     607.0     0.976    -2.621               7.650
  5584.975      69.1     4.435    -1.870
  5585.035 106.00113     2.735    -4.206               3.456
  5585.072     607.0     1.230    -2.504               7.650
  5585.078      69.1     4.443    -1.700
  5585.118      58.1     2.799    -1.640
  5585.172 106.00112     3.416    -3.236               3.456
  5585.176 106.00112     3.503    -3.838               3.456
  5585.179      23.0     2.359    -0.428
  5585.182      23.1     9.011     0.327
  5585.197     607.0     1.230    -3.830               7.650
  5585.215      26.0     5.012    -4.259
  5585.216 106.00113     2.735    -4.219               3.456
  5585.243      70.1     7.959    -0.730
  5585.244 106.00113     2.883    -4.341               3.456
  5585.261      58.1     1.694    -3.070
  5585.284      69.1     4.235    -1.900
  5585.344      20.0     6.035    -4.439
  5585.359      26.1     8.341    -3.193
  5585.376      58.1     1.244    -3.040
  5585.470     607.0     1.062    -4.888               7.650
  5585.493      24.0     4.449    -3.994
  5585.500 106.00113     1.172    -4.488               3.456
  5585.515      69.1     4.940    -1.970
  5585.531     607.0     1.062    -4.912               7.650
  5585.566 106.00113     2.883    -4.324               3.456
  5585.606     607.0     1.020    -2.144               7.650
  5585.645      26.0     4.231    -3.995
  5585.680     607.0     1.020    -3.618               7.650
  5585.722      26.0     4.371    -2.602
  5585.727      26.0     5.033    -1.524
  5585.768 106.00113     1.172    -4.409               3.456
  5585.987      23.0     1.860    -1.458
  5585.992      58.1     0.893    -3.490
  5586.052 106.00112     3.547    -3.831               3.456
  5586.073     607.0     1.457    -4.497               7.650
  5586.078      24.0     5.816    -1.878
  5586.084      23.0     3.226    -0.081
  5586.090 106.00113     1.314    -4.218               3.456
  5586.132      64.1     1.251    -1.955
  5586.155 106.00112     3.547    -3.821               3.456
  5586.171 106.00113     1.314    -4.187               3.456
  5586.196     607.0     1.457    -4.506               7.650
  5586.237      63.0     1.618    -0.320
  5586.240      23.1     9.054    -1.618
  5586.268      26.0     4.638    -1.425
  5586.285      24.0     4.613    -4.212
  5586.299 106.00112     3.001    -4.146               3.456
  5586.301      64.0     0.927    -1.244
  5586.341     607.0     0.912    -4.598               7.650
  5586.361      70.0     3.069    -0.806
  5586.377      24.1     6.285    -2.847
  5586.408      70.1     6.063    -2.750
  5586.408      70.1     7.863    -2.120
  5586.524      70.1     6.847    -2.920
  5586.580       6.0     8.771    -2.670
  5586.616      58.0     0.848    -0.957
  5586.635      58.1     2.596    -2.010
  5586.649      69.1     4.311    -0.080
  5586.661 106.00112     0.728    -4.448               3.456
  5586.664      23.1     7.951    -3.999
  5586.667 106.00112     3.001    -4.133               3.456
  5586.756    26.0       3.366    -0.144
  5586.767      26.0     4.260    -3.153
  5586.808      63.0     1.639    -0.490
  5586.842      23.1     9.045    -1.594
  5586.895      23.0     3.245    -1.391
  5586.989      41.0     0.142    -1.940
  5587.025      58.1     1.412    -2.470
  5587.027      90.0     0.615    -1.447
  5587.063     607.0     1.083    -3.551               7.650
  5587.101     607.0     1.177    -2.595               7.650
  5587.114      26.1     6.729    -1.992
  5587.145 106.00112     0.728    -4.448               3.456
  5587.194      58.1     0.621    -2.270
  5587.195      25.1     6.528    -4.680
  5587.239 106.00112     3.137    -4.132               3.456
  5587.243     607.0     1.177    -4.562               7.650
  5587.245 106.00112     3.137    -4.121               3.456
  5587.274       6.0     8.771    -2.460
  5587.283 106.00112     2.517    -4.473               3.456
  5587.286 106.00113     1.208    -4.408               3.456
  5587.338      26.0     3.267    -4.458
  5587.388     607.0     1.122    -2.354               7.650
  5587.398 106.00112     0.729    -4.374               3.456
  5587.407      69.1     3.955    -2.390
  5587.476     607.0     1.122    -3.415               7.650
  5587.496      22.0     3.186    -2.843
  5587.511 106.00113     0.709    -4.545               3.456
  5587.526 106.00113     1.208    -4.326               3.456
  5587.574      26.0     4.143    -1.980
  5587.585 106.00113     3.001    -4.146               3.456
  5587.611      60.0     1.624     0.500
  5587.626      69.1     3.484    -1.730
  5587.670      27.0     4.110    -4.108
  5587.726      42.0     3.187    -2.342
  5587.735      90.1     2.515    -0.834
  5587.820 106.00112     0.729    -4.374               3.456
  5587.821      26.0     4.446    -3.880
  5587.829 106.00112     2.517    -4.487               3.456
  5587.860    28.0       1.935    -2.140
  5587.860 106.00113     0.709    -4.545               3.456
  5587.922      70.1     5.613    -2.720
  5587.929 106.00113     3.547    -3.831               3.456
  5587.943     607.0     1.230    -2.494               7.650
  5587.957      60.1     0.680    -1.660
  5587.966 106.00113     3.137    -4.132               3.456
  5587.976      23.0     2.332    -2.867
  5587.979      69.1     4.956    -1.430
  5587.992      24.0     3.449    -2.170
  5588.013      23.0     1.893    -3.811
  5588.033    26.1      10.600    -0.740
  5588.068      26.0     4.209    -4.091
  5588.097      58.0     0.517    -1.015
  5588.118      24.0     3.375    -2.997
  5588.148     607.0     1.055    -4.912               7.650
  5588.191      62.0     0.282    -1.330
  5588.204     607.0     1.055    -4.937               7.650
  5588.212      70.1     7.618    -0.450
  5588.221    26.1      10.596     0.160
  5588.232 106.00113     2.517    -4.473               3.456
  5588.262      24.0     4.099    -1.779
  5588.298 106.00113     3.137    -4.121               3.456
  5588.325      58.0     0.398    -0.799
  5588.326      57.0     0.433    -1.220
  5588.328      22.0     3.458    -4.038
  5588.329 106.00112     0.664    -4.719               3.456
  5588.329 106.00113     3.001    -4.133               3.456
  5588.335 106.00112     0.664    -4.719               3.456
  5588.344 106.00112     1.015    -4.990               3.456
  5588.349     607.0     0.897    -4.075               7.650
  5588.354 106.00113     3.547    -3.821               3.456
  5588.388 106.00113     2.517    -4.487               3.456
  5588.414     607.0     1.039    -2.943               7.650
  5588.417    47.1      15.821    -0.170
  5588.420      20.0     5.299    -3.733
  5588.463      23.0     1.081    -2.280
  5588.463 106.00113     0.709    -4.454               3.456
  5588.466      70.1     4.443    -0.440
  5588.585 106.00112     1.034    -4.891               3.456
  5588.660 106.00112     2.883    -4.341               3.456
  5588.717      20.0     5.321    -3.457
  5588.749      20.0     2.526     0.358
  5588.752     607.0     1.437    -4.506               7.650
  5588.760 106.00113     0.709    -4.454               3.456
  5588.764      26.0     3.301    -4.499
  5588.833     607.0     1.450    -3.472               7.650
  5588.869      90.1     0.774    -1.995
  5588.873     607.0     1.437    -4.516               7.650
  5588.907 106.00113     3.484    -3.223               3.456
  5588.922 106.00112     1.055    -4.803               3.456
  5588.932      60.1     1.160    -1.137
  5588.938 106.00112     2.883    -4.324               3.456
  5588.956      20.0     5.300    -3.481
  5588.969      26.0     5.033    -2.990
  5588.988 106.00112     1.000    -4.994               3.456
  5588.991      23.0     3.215    -3.383
  5588.997      23.0     4.090    -3.078
  5589.004 106.00112     1.015    -4.894               3.456
  5589.011      26.0     4.473    -3.569
  5589.030     607.0     0.898    -3.644               7.650
  5589.037      58.1     1.339    -2.760
  5589.048      24.0     4.616    -4.409
  5589.063      23.1     9.040     0.069
  5589.122 106.00112     1.034    -4.805               3.456
  5589.238      58.0     0.826    -0.869
  5589.294      27.0     4.175    -1.665
  5589.307      25.0     5.112    -1.791
  5589.346      26.0     5.067    -2.711
  5589.357      28.0     3.898    -1.140
  5589.376 106.00112     1.055    -4.722               3.456
  5589.381     607.0     0.948    -3.320               7.650
  5589.393     607.0     1.177    -4.560               7.650
  5589.413 106.00112     1.080    -4.722               3.456
  5589.445     607.0     0.948    -2.534               7.650
  5589.452      26.0     5.033    -3.419
  5589.457 106.00113     2.884    -4.324               3.456
  5589.497 106.00113     3.484    -3.211               3.456
  5589.536     607.0     1.177    -2.588               7.650
  5589.569 106.00113     2.884    -4.341               3.456
  5589.616 106.00113     1.248    -4.326               3.456
  5589.701     607.0     1.020    -3.613               7.650
  5589.707      23.0     0.069    -3.850
  5589.707      23.0     1.873    -4.572
  5589.755      58.1     2.004    -1.070
  5589.769      26.0     4.913    -2.940
  5589.775     607.0     1.020    -2.131               7.650
  5589.783    47.1      15.811     0.350
  5589.791 106.00112     1.080    -4.644               3.456
  5589.829 106.00113     1.248    -4.239               3.456
  5589.994 106.00113     1.315    -4.187               3.456
  5589.996      22.0     3.424    -2.555
  5590.060      69.1     4.914    -3.100
  5590.095      58.0     0.978    -0.719
  5590.113 106.00112     1.108    -4.643               3.456
  5590.114      20.0     2.521    -0.571
  5590.152      26.0     4.103    -3.011
  5590.160      23.1     9.040    -0.389
  5590.166 106.00113     1.315    -4.218               3.456
  5590.181      58.1     1.296    -2.200
  5590.273     607.0     1.260    -3.820               7.650
  5590.323      23.1     5.480    -2.047
  5590.354      23.0     3.239    -2.039
  5590.423 106.00112     1.314    -4.218               3.456
  5590.435 106.00112     1.314    -4.187               3.456
  5590.435 106.00112     1.108    -4.566               3.456
  5590.492     607.0     1.108    -2.256               7.650
  5590.535      58.0     0.302    -1.227
  5590.606     607.0     1.108    -4.050               7.650
  5590.645      23.1     8.995    -0.910
  5590.690      72.1     1.891    -2.880
  5590.717     607.0     0.961    -2.526               7.650
  5590.720      27.0     2.042    -1.870
  5590.745     607.0     0.997    -2.617               7.650
  5590.745     607.0     1.047    -4.937               7.650
  5590.760     607.0     1.014    -3.375               7.650
  5590.796     607.0     1.047    -4.965               7.650
  5590.813     607.0     1.010    -3.386               7.650
  5590.834      24.0     5.529    -2.753
  5590.875     607.0     1.018    -3.367               7.650
  5590.953      39.0     1.919    -0.840
  5591.020      58.1     3.379    -1.600
  5591.030     607.0     1.006    -3.403               7.650
  5591.074     607.0     1.450    -3.465               7.650
  5591.085 106.00112     1.138    -4.566               3.456
  5591.115     607.0     1.122    -2.339               7.650
  5591.154      25.0     5.338    -4.121
  5591.157     607.0     1.023    -3.363               7.650
  5591.170      62.0     0.282    -1.694
  5591.170      62.0     0.282    -1.684
  5591.171     607.0     1.039    -4.278               7.650
  5591.253      69.1     1.111    -3.640
  5591.266      58.1     1.533    -2.380
  5591.274      22.0     3.441    -1.341
  5591.302     607.0     1.039    -2.938               7.650
  5591.344     607.0     1.418    -4.516               7.650
  5591.357 106.00112     1.138    -4.488               3.456
  5591.364      21.0     1.987    -0.957
  5591.368      26.1     3.267    -4.590
  5591.396     607.0     1.003    -3.426               7.650
  5591.408      27.0     4.113    -1.969
  5591.448      69.1     4.355    -1.090
  5591.464     607.0     1.418    -4.526               7.650
  5591.517 106.00112     3.484    -3.223               3.456
  5591.534      58.1     3.935    -2.130
  5591.600      69.1     5.004    -1.000
  5591.608     607.0     1.029    -3.361               7.650
  5591.658 106.00112     3.003    -4.133               3.456
  5591.700      26.0     5.010    -4.747
  5591.773      20.0     5.453    -4.413
  5591.773      64.0     1.819     0.034
  5591.783      70.1     6.954    -1.680
  5591.826     107.0     3.179    -4.707               3.450
  5591.842      23.1     8.995    -1.798
  5591.849      23.0     1.849    -3.331
  5591.867 106.00112     3.003    -4.146               3.456
  5591.870 106.00113     0.693    -4.674               3.456
  5591.889      20.0     5.490    -3.947
  5591.890     107.0     3.179    -4.707               3.450
  5591.935     607.0     1.000    -3.457               7.650
  5591.955      23.1     9.011    -1.336
  5591.960     607.0     1.036    -2.131               7.650
  5591.983 106.00112     3.550    -3.821               3.456
  5591.996 106.00112     0.709    -4.545               3.456
  5592.037     607.0     1.036    -3.626               7.650
  5592.058 106.00112     3.484    -3.211               3.456
  5592.105 106.00113     0.693    -4.674               3.456
  5592.140      28.0     4.236    -0.512
  5592.180      27.0     3.514    -1.866
  5592.230      63.0     1.602    -1.110
  5592.230     607.0     1.034    -3.361               7.650
  5592.232      26.0     3.635    -2.777
  5592.258      25.1     6.186    -2.422
  5592.280    28.0       1.951    -2.590
  5592.283      25.0     5.542    -3.307
  5592.346 106.00112     0.709    -4.545               3.456
  5592.346      24.0     4.618    -2.031
  5592.405      21.0     4.684    -2.501
  5592.405 106.00112     1.172    -4.488               3.456
  5592.409      23.0     1.051    -1.140
  5592.417      69.1     4.373    -1.770
  5592.516     607.0     1.552    -4.720               7.650
  5592.599     607.0     1.357    -2.846               7.650
  5592.602 106.00113     1.290    -4.239               3.456
  5592.625     607.0     0.998    -3.499               7.650
  5592.640 106.00112     1.172    -4.409               3.456
  5592.645      26.0     4.294    -2.134
  5592.660      60.1     1.160    -1.358
  5592.755     607.0     1.357    -4.340               7.650
  5592.768 106.00112     3.550    -3.831               3.456
  5592.790 106.00113     1.290    -4.147               3.456
  5592.816      22.0     2.578    -4.090
  5592.829      24.0     4.855    -2.806
  5592.834 106.00112     2.884    -4.324               3.456
  5592.900      23.1     2.376    -2.805
  5592.909 106.00112     0.709    -4.454               3.456
  5592.972      23.0     0.040    -3.230
  5592.990 106.00112     2.884    -4.341               3.456
  5593.025      23.0     2.359    -2.293
  5593.046      22.0     3.724    -3.708
  5593.056      25.1     6.528    -3.472
  5593.069 106.00113     0.693    -4.557               3.456
  5593.078      27.0     3.622    -2.495
  5593.079     607.0     1.041    -3.362               7.650
  5593.141      20.1     9.235    -1.534
  5593.156 106.00113     3.003    -4.146               3.456
  5593.206 106.00112     0.709    -4.454               3.456
  5593.231      27.0     4.240    -1.908
  5593.256     607.0     1.041    -4.965               7.650
  5593.259 106.00113     0.693    -4.557               3.456
  5593.305     607.0     1.041    -4.994               7.650
  5593.322 106.00113     3.003    -4.133               3.456
  5593.323     607.0     1.108    -4.048               7.650
  5593.382      21.0     2.614    -0.635
  5593.392      22.0     2.578    -2.796
  5593.399      24.0     4.532    -4.319
  5593.438     607.0     1.108    -2.247               7.650
  5593.463      68.0     1.474    -0.091
  5593.476     607.0     0.996    -3.557               7.650
  5593.615      90.1     0.868    -1.782
  5593.675      58.0     0.826    -0.648
  5593.733      28.0     3.898    -0.840
  5593.746      58.0     0.684    -0.850
  5593.748      26.0     5.020    -4.041
  5593.817    27.1      11.615    -0.350
  5593.841      69.1     4.531    -2.530
  5593.854     607.0     1.399    -4.526               7.650
  5593.899     607.0     1.140    -2.343               7.650
  5593.970     607.0     1.398    -4.536               7.650
  5593.985     607.0     1.047    -3.366               7.650
  5593.989     607.0     1.140    -3.422               7.650
  5594.011      69.1     3.884    -1.330
  5594.023      58.1     2.167    -2.210
  5594.075     607.0     0.997    -3.760               7.650
  5594.086       6.0     8.771    -3.760
  5594.106      64.0     1.740    -0.182
  5594.124      39.0     2.003    -0.730
  5594.127      23.0     4.111    -2.891
  5594.161 106.00112     1.208    -4.408               3.456
  5594.178     607.0     0.997    -2.611               7.650
  5594.186 106.00113     3.550    -3.821               3.456
  5594.264 106.00112     1.315    -4.187               3.456
  5594.277 106.00112     3.140    -4.121               3.456
  5594.295      70.1     7.080    -2.020
  5594.330      66.0     1.489    -1.910
  5594.335      22.0     3.460    -2.174
  5594.361 106.00112     1.208    -4.326               3.456
  5594.416      60.1     1.121    -0.160
  5594.427 106.00113     3.486    -3.211               3.456
  5594.442     607.0     1.255    -2.496               7.650
  5594.458      24.0     3.104    -4.878
  5594.462      20.0     2.523     0.097
  5594.489     607.0     0.995    -3.640               7.650
  5594.505 106.00112     1.315    -4.218               3.456
  5594.513     107.0     3.315    -4.313               3.450
  5594.570     607.0     1.255    -3.836               7.650
  5594.591      58.1     1.244    -3.620
  5594.649 106.00113     3.550    -3.831               3.456
  5594.655    26.0       4.545    -0.658
  5594.668      23.1     9.059    -1.981
  5594.690 106.00113     3.486    -3.223               3.456
  5594.712      58.1     1.748    -0.650
  5594.762      27.0     4.113    -1.175
  5594.768      69.1     4.235    -1.840
  5594.823      42.0     3.700    -1.517
  5594.843      41.0     2.167    -1.560
  5594.859 106.00113     2.940    -4.322               3.456
  5594.922      23.1     8.991    -1.140
  5594.952      58.0     0.659    -0.177
  5594.987 106.00112     3.140    -4.132               3.456
  5594.988     107.0     3.315    -4.313               3.450
  5595.009      25.1     6.128    -4.763
  5595.046     607.0     1.357    -2.838               7.650
  5595.060      26.0     5.064    -1.900
  5595.064      90.0     1.022    -1.444
  5595.097      21.1     8.399    -3.246
  5595.104     607.0     1.055    -3.370               7.650
  5595.106      22.0     1.502    -1.498
  5595.144      21.1     8.399    -4.055
  5595.200 106.00113     2.940    -4.305               3.456
  5595.211      26.0     5.070    -3.287
  5595.244 106.00113     0.680    -4.875               3.456
  5595.332 106.00113     3.140    -4.121               3.456
  5595.385 106.00113     0.680    -4.875               3.456
  5595.423     607.0     1.277    -3.208               7.650
  5595.512      69.1     4.736    -1.820
  5595.531     607.0     0.910    -3.652               7.650
  5595.561     607.0     0.961    -3.328               7.650
  5595.617      70.1     5.450    -3.530
  5595.627     607.0     0.961    -2.517               7.650
  5595.639 106.00113     1.254    -4.253               3.456
  5595.649     607.0     0.994    -3.765               7.650
  5595.686     607.0     1.034    -4.994               7.650
  5595.717 106.00113     3.140    -4.132               3.456
  5595.733 106.00113     1.254    -4.221               3.456
  5595.795      69.1     3.958    -1.470
  5595.802      60.1     0.859    -1.544
  5595.876      58.0     0.552    -0.095
  5595.915      58.1     3.508    -2.740
  5595.935      58.1     0.435    -1.950
  5595.945     607.0     1.036    -3.622               7.650
  5595.982      58.1     3.742    -3.590
  5596.021     607.0     1.036    -2.117               7.650
  5596.030      58.1     1.786    -2.400
  5596.051      69.1     2.508    -1.910
  5596.052      25.1     6.528    -4.545
  5596.079      26.0     4.186    -4.246
  5596.278     607.0     1.380    -4.536               7.650
  5596.318      42.0     2.918    -1.940
  5596.372 106.00113     1.334    -4.147               3.456
  5596.372      70.1     5.954    -3.010
  5596.392     607.0     1.380    -4.547               7.650
  5596.397 106.00112     0.693    -4.674               3.456
  5596.431     607.0     1.062    -3.375               7.650
  5596.456 106.00112     1.248    -4.326               3.456
  5596.503      58.1     0.969    -3.230
  5596.541 106.00113     1.334    -4.050               3.456
  5596.565      28.0     4.266    -3.027
  5596.598      22.0     3.112    -1.551
  5596.603      26.0     4.154    -4.660
  5596.615      58.1     3.562    -3.080
  5596.619 106.00112     1.248    -4.239               3.456
  5596.626      25.0     4.354    -4.228
  5596.632 106.00112     0.693    -4.674               3.456
  5596.651      23.0     1.942    -4.670
  5596.683      58.1     1.645    -1.050
  5596.795      23.1     6.542    -1.649
  5596.829 106.00113     0.680    -4.700               3.456
  5596.851      24.0     3.435    -3.929
  5596.936 106.00113     0.680    -4.700               3.456
  5596.967      23.1     8.983    -2.398
  5596.981     607.0     0.993    -3.993               7.650
  5596.986      23.1     8.995    -1.070
  5596.992 106.00112     3.486    -3.211               3.456
  5597.058      74.1     3.550    -0.920
  5597.061      26.0     4.991    -2.340
  5597.117     607.0     1.282    -3.827               7.650
  5597.193      64.1     1.425    -1.520
  5597.202      24.0     5.464    -4.040
  5597.268      23.1     8.991    -1.048
  5597.271      23.0     4.078    -4.241
  5597.299       6.0     8.771    -3.760
  5597.306 106.00112     3.486    -3.223               3.456
  5597.340     607.0     0.975    -2.509               7.650
  5597.355      69.1     4.956    -2.730
  5597.365      92.1     0.799    -2.094
  5597.403      23.1     9.011    -1.179
  5597.456      69.1     4.924    -0.850
  5597.556      20.0     6.040    -3.792
  5597.563 106.00112     0.693    -4.557               3.456
  5597.572     607.0     1.140    -2.328               7.650
  5597.573     607.0     1.277    -3.202               7.650
  5597.657      24.1     8.469    -4.114
  5597.701      25.0     4.354    -4.300
  5597.754 106.00112     0.693    -4.557               3.456
  5597.784     607.0     0.916    -4.082               7.650
  5597.797     607.0     1.114    -3.549               7.650
  5597.829      23.0     1.064    -2.500
  5597.868     607.0     0.936    -4.604               7.650
  5597.873     607.0     0.996    -3.398               7.650
  5597.880     607.0     0.996    -3.231               7.650
  5597.899      22.0     2.249    -2.937
  5597.909      24.0     3.839    -2.333
  5597.909     607.0     1.070    -3.381               7.650
  5597.915     607.0     0.995    -3.571               7.650
  5597.920     607.0     0.995    -3.320               7.650
  5597.931      58.1     0.735    -2.120
  5597.940      14.0     4.920    -2.284
  5597.957      58.0     0.691    -0.415
  5598.014     607.0     0.998    -3.268               7.650
  5598.020      22.0     3.113    -1.486
  5598.024     607.0     0.998    -3.167               7.650
  5598.086      25.1     6.493    -3.504
  5598.102     607.0     0.994    -3.846               7.650
  5598.105     607.0     0.994    -3.449               7.650
  5598.163    38.0       2.498    -2.010
  5598.212      58.1     1.482    -2.150
  5598.219      58.1     2.473    -3.520
  5598.240      24.1     6.001    -4.282
  5598.243 106.00112     2.940    -4.322               3.456
  5598.252      24.0     4.618    -3.377
  5598.287      26.0     4.652    -0.500
  5598.289      69.1     4.265    -1.420
  5598.293     607.0     1.000    -3.163               7.650
  5598.305     607.0     1.000    -3.120               7.650
  5598.309     607.0     0.026    -4.461               7.650
  5598.318      23.1     3.973    -3.423
  5598.362     607.0     0.031    -4.457               7.650
  5598.412     607.0     0.021    -4.467               7.650
  5598.426      26.0     3.635    -3.248
  5598.438     607.0     0.993    -3.614               7.650
  5598.467      26.0     2.424    -4.921
  5598.480      20.0     2.521    -0.087
  5598.505     607.0     1.052    -2.117               7.650
  5598.518      58.1     4.110    -3.020
  5598.541 106.00112     2.940    -4.305               3.456
  5598.565     607.0     0.037    -4.456               7.650
  5598.569      26.1     6.729    -4.864
  5598.585     607.0     1.052    -3.634               7.650
  5598.607     607.0     1.206    -2.588               7.650
  5598.616     607.0     1.361    -4.547               7.650
  5598.672     607.0     0.017    -4.477               7.650
  5598.672 106.00112     3.471    -3.842               3.456
  5598.710      25.1     9.469    -4.358
  5598.728     607.0     1.361    -4.558               7.650
  5598.730     607.0     1.003    -3.075               7.650
  5598.738      73.0     3.444    -0.490
  5598.744     607.0     1.003    -3.085               7.650
  5598.753     607.0     1.206    -4.567               7.650
  5598.757 106.00112     3.471    -3.831               3.456
  5598.779      70.1     7.273    -2.770
  5598.852      58.0     0.172    -1.110
  5598.952     607.0     0.043    -4.458               7.650
  5599.064      58.1     1.876    -0.490
  5599.083     607.0     0.013    -4.492               7.650
  5599.095      22.0     3.215    -1.835
  5599.102      24.1     8.227    -3.094
  5599.110      63.0     2.060    -0.840
  5599.140      26.0     4.652    -3.743
  5599.237 106.00113     2.942    -4.305               3.456
  5599.259 106.00113     1.255    -4.221               3.456
  5599.332     607.0     1.006    -2.999               7.650
  5599.348     607.0     1.006    -3.059               7.650
  5599.363      22.0     3.112    -2.267
  5599.365 106.00113     2.942    -4.322               3.456
  5599.400 106.00112     1.290    -4.239               3.456
  5599.403 106.00113     1.255    -4.253               3.456
  5599.419      45.0     1.143    -1.330
  5599.431      23.1     4.244    -4.231
  5599.452     607.0     0.049    -4.460               7.650
  5599.485      73.0     3.445    -0.170
  5599.504      26.0     4.186    -2.917
  5599.512      22.0     3.128    -3.472
  5599.532      58.1     1.528    -3.490
  5599.535 106.00112     1.290    -4.147               3.456
  5599.575      41.0     1.121    -2.290
  5599.591     607.0     1.079    -3.387               7.650
  5599.604     607.0     0.994    -3.614               7.650
  5599.607     607.0     0.994    -3.915               7.650
  5599.644     607.0     0.010    -4.514               7.650
  5599.664      58.1     4.568    -2.710
  5599.669      58.1     1.676    -2.260
  5599.760      63.0     1.618    -1.040
  5599.795 106.00113     0.670    -4.951               3.456
  5599.801 106.00112     0.680    -4.875               3.456
  5599.842      22.0     1.502    -2.912
  5599.842 106.00113     0.670    -4.951               3.456
  5599.894     607.0     1.131    -2.247               7.650
  5599.942 106.00112     0.680    -4.875               3.456
  5599.978     607.0     1.066    -2.936               7.650
