DEIMOS
  5950.028      23.0     2.678    -2.523
  5950.049       6.0     8.640    -4.060
  5950.085      22.0     2.250    -2.961
  5950.092      14.0     5.863    -2.024
  5950.173 106.00113     2.010    -4.378               3.456
  5950.222      75.0     3.539    -0.930
  5950.338     607.0     0.773    -3.995               7.650
  5950.452      58.1     1.533    -3.420
  5950.458     607.0     0.773    -2.245               7.650
  5950.474      21.0     3.807    -4.048
  5950.516      23.0     1.195    -4.010
  5950.584 106.00112     2.913    -4.561               3.456
  5950.587 106.00113     2.010    -4.357               3.456
  5950.603      58.0     0.411    -0.924
  5950.619 106.00112     2.964    -4.524               3.456
  5950.682      24.0     5.969    -1.075
  5950.699     607.0     0.670    -2.622               7.650
  5950.764      21.0     2.509    -4.356
  5950.768 106.00112     2.965    -4.542               3.456
  5950.867 106.00112     2.913    -4.542               3.456
  5950.922      70.1     7.520    -0.030
  5950.970      22.1     8.045    -0.659
  5950.970      26.1     7.653    -4.801
  5951.055      21.0     3.619    -0.249
  5951.143      69.1     4.368    -2.250
  5951.147      44.0     1.866    -2.390
  5951.211      58.0     0.521    -1.136
  5951.258     607.0     0.792    -2.302               7.650
  5951.265      22.0     3.112    -2.879
  5951.285      59.1     1.196    -0.640
  5951.343      26.0     4.988    -3.021
  5951.434 106.00113     2.221    -4.104               3.456
  5951.436      26.0     3.252    -4.806
  5951.439      26.0     4.584    -4.103
  5951.444      23.1     2.499    -2.326
  5951.458      26.0     3.237    -4.685
  5951.458      58.1     3.641    -3.470
  5951.462      69.1     4.904    -2.920
  5951.512     607.0     1.834    -2.780               7.650
  5951.555      26.0     5.334    -4.264
  5951.558      64.1     1.372    -1.780
  5951.568      69.1     5.188    -2.910
  5951.633     607.0     0.578    -4.019               7.650
  5951.639 106.00113     2.221    -4.084               3.456
  5951.668 106.00113     3.138    -4.199               3.456
  5951.689 106.00113     2.914    -4.561               3.456
  5951.710      27.0     3.713    -2.274
  5951.731      59.1     1.112    -1.056
  5951.763 106.00113     2.914    -4.542               3.456
  5951.792 106.00113     3.138    -4.213               3.456
  5951.802 106.00112     3.582    -4.364               3.456
  5951.835      26.0     5.012    -4.720
  5951.852      25.1     6.186    -3.474
  5951.868      70.1     7.047    -3.570
  5951.884 106.00113     2.864    -4.580               3.456
  5952.031      92.1     0.799    -2.270
  5952.046      22.0     3.148    -1.854
  5952.057     607.0     0.715    -3.096               7.650
  5952.125      21.0     3.619     0.169
  5952.135       6.0     8.643    -4.670
  5952.149 106.00112     2.346    -4.072               3.456
  5952.160 106.00113     3.582    -4.364               3.456
  5952.171 106.00112     3.583    -4.376               3.456
  5952.189      26.0     5.086    -2.774
  5952.249 106.00113     3.583    -4.376               3.456
  5952.263      14.0     5.863    -4.178
  5952.270 106.00113     2.347    -4.072               3.456
  5952.320 106.00113     2.520    -4.032               3.456
  5952.351 106.00113     2.864    -4.561               3.456
  5952.359 106.00113     2.367    -4.431               3.456
  5952.363      58.1     1.296    -2.620
  5952.390     7.1      21.160    -0.481
  5952.422 106.00112     2.346    -4.064               3.456
  5952.437      62.1     1.746    -0.982
  5952.440 106.00113     2.347    -4.064               3.456
  5952.476     607.0     0.808    -2.307               7.650
  5952.483 106.00113     2.520    -4.049               3.456
  5952.510      26.1     5.956    -2.388
  5952.510      58.1     1.613    -1.880
  5952.564      22.1     8.056    -0.834
  5952.567     607.0     0.808    -3.302               7.650
  5952.589      22.1     8.097    -0.339
  5952.593      22.1     8.086    -3.526
  5952.670 106.00112     2.519    -4.032               3.456
  5952.718      26.0     3.984    -1.570
  5952.802 106.00112     2.010    -4.378               3.456
  5952.872      58.1     1.962    -2.300
  5952.886      26.0     4.220    -2.926
  5952.933 106.00113     2.367    -4.399               3.456
  5952.940 106.00112     2.519    -4.049               3.456
  5952.979      22.1     8.071    -0.063
  5953.053 106.00113     2.367    -4.431               3.456
  5953.064      69.1     4.924    -1.730
  5953.108      22.0     3.090    -3.612
  5953.157    22.0       1.887    -0.329
  5953.174 106.00112     2.010    -4.357               3.456
  5953.203      58.1     3.799    -1.870
  5953.314      58.1     3.513    -2.560
  5953.376      24.0     3.385    -2.999
  5953.447 106.00112     3.640    -4.364               3.456
  5953.518      63.0     2.454    -0.140
  5953.539 106.00113     2.367    -4.399               3.456
  5953.628      24.1     9.016    -4.128
  5953.649      23.0     1.942    -3.811
  5953.759      24.1     4.073    -4.444
  5953.787     607.0     1.834    -4.396               7.650
  5953.805 106.00113     3.640    -4.364               3.456
  5953.833      63.1     1.279    -1.600
  5953.943      74.0     2.602    -1.530
  5953.968      22.1     8.093    -1.200
  5953.986      24.1     4.074    -4.822
  5953.995     607.0     0.703    -3.486               7.650
  5954.002      26.0     4.966    -4.613
  5954.068     607.0     0.703    -2.109               7.650
  5954.089 106.00112     3.640    -4.352               3.456
  5954.106      21.0     3.607    -2.035
  5954.241      63.0     2.454    -0.090
  5954.263     607.0     0.593    -4.722               7.650
  5954.287      21.0     3.057    -4.032
  5954.319     607.0     0.717    -2.109               7.650
  5954.358 106.00112     2.914    -4.542               3.456
  5954.359      26.0     5.357    -4.025
  5954.379 106.00113     2.741    -4.541               3.456
  5954.395     607.0     0.717    -3.501               7.650
  5954.398      58.1     2.373    -2.670
  5954.408 106.00112     2.010    -4.378               3.456
  5954.486 106.00112     2.914    -4.561               3.456
  5954.500 106.00112     3.138    -4.199               3.456
  5954.516     607.0     0.670    -3.706               7.650
  5954.521 106.00113     2.741    -4.528               3.456
  5954.613      69.1     4.531    -3.110
  5954.623     607.0     0.670    -2.615               7.650
  5954.635 106.00112     2.010    -4.357               3.456
  5954.640     607.0     1.627    -4.248               7.650
  5954.666     607.0     0.936    -2.481               7.650
  5954.689      24.0     3.385    -2.657
  5954.730 106.00113     3.640    -4.352               3.456
  5954.738      22.0     3.323    -2.711
  5954.741     607.0     0.652    -2.524               7.650
  5954.784 106.00112     3.138    -4.213               3.456
  5954.798 106.00113     2.874    -4.288               3.456
  5954.805     607.0     0.936    -3.794               7.650
  5954.876 106.00112     2.864    -4.580               3.456
  5954.922      58.1     3.708    -3.320
  5954.940 106.00113     2.874    -4.274               3.456
  5954.972 106.00112     2.221    -4.084               3.456
  5954.997 106.00112     2.221    -4.104               3.456
  5955.020     607.0     0.641    -3.195               7.650
  5955.030     607.0     0.715    -4.403               7.650
  5955.081     607.0     0.641    -2.535               7.650
  5955.096      26.0     4.584    -3.151
  5955.096      26.1     6.226    -4.472
  5955.110      22.0     2.695    -2.976
  5955.149 106.00112     2.864    -4.561               3.456
  5955.173     607.0     0.715    -3.090               7.650
  5955.193      58.1     2.250    -3.270
  5955.217      22.0     2.408    -3.194
  5955.218      24.0     5.953    -3.516
  5955.256      23.1     4.776    -3.290
  5955.366      40.0     0.000    -2.330
  5955.500      23.0     2.582    -4.222
  5955.508      26.1     7.880    -2.234
  5955.556      24.0     4.855    -1.326
  5955.560      24.0     3.013    -2.343
  5955.568      22.1     8.116    -0.128
  5955.582 106.00113     2.865    -4.580               3.456
  5955.585      22.0     3.062    -2.300
  5955.603      22.1     1.582    -4.559
  5955.652      24.0     3.847    -3.996
  5955.671 106.00113     2.865    -4.561               3.456
  5955.683      26.0     4.260    -3.450
  5955.698    26.1      10.737     0.250
  5955.749     607.0     0.600    -3.530               7.650
  5955.770      27.0     3.812    -4.180
  5955.820      21.0     4.820    -3.135
  5955.820      21.0     4.820    -3.808
  5955.827      62.1     1.446    -1.420
  5955.880 106.00112     2.347    -4.064               3.456
  5955.883      58.1     1.254    -1.840
  5955.901 106.00113     2.223    -4.084               3.456
  5955.908 106.00112     2.347    -4.072               3.456
  5955.912 106.00112     2.520    -4.049               3.456
  5955.930 106.00112     2.520    -4.032               3.456
  5955.981     607.0     0.795    -2.245               7.650
  5956.040 106.00113     2.223    -4.104               3.456
  5956.104     607.0     0.795    -4.005               7.650
  5956.148      58.1     0.977    -2.990
  5956.164      74.0     2.195    -1.940
  5956.286      22.0     3.933    -3.893
  5956.309 106.00113     2.816    -4.601               3.456
  5956.364     607.0     1.120    -4.189               7.650
  5956.419     607.0     1.052    -2.987               7.650
  5956.447      64.1     1.102    -1.570
  5956.462      26.0     4.283    -4.299
  5956.594     607.0     1.052    -4.474               7.650
  5956.615      59.1     1.462    -0.265
  5956.684      58.0     1.173    -0.579
  5956.694    26.0       0.858    -4.608
  5956.764 106.00113     2.816    -4.580               3.456
  5956.799      62.0     1.870     0.101
  5956.833      58.0     1.115    -0.444
  5956.856 106.00112     2.367    -4.431               3.456
  5956.859      92.0     0.480    -1.696
  5956.862     607.0     1.908    -3.424               7.650
  5956.863      70.1     7.005    -1.530
  5956.898 106.00113     1.568    -3.571               3.456
  5956.935      22.0     3.943    -3.968
  5956.942      26.0     4.580    -3.670
  5956.965      58.1     1.613    -2.210
  5957.001      24.0     3.013    -2.830
  5957.068     607.0     0.808    -2.289               7.650
  5957.094      21.0     3.807    -3.065
  5957.158      21.0     3.607    -2.691
  5957.186 106.00113     1.568    -3.495               3.456
  5957.212     607.0     0.956    -3.720               7.650
  5957.233     607.0     0.875    -2.737               7.650
  5957.284      58.1     1.482    -2.100
  5957.303 106.00112     2.367    -4.399               3.456
  5957.353      24.1     6.282    -4.134
  5957.356      22.0     3.148    -1.023
  5957.392     607.0     0.875    -4.693               7.650
  5957.470 106.00112     3.641    -4.352               3.456
  5957.498      62.1     1.167    -1.540
  5957.521      24.0     3.385    -2.774
  5957.552 106.00112     2.367    -4.431               3.456
  5957.559       6.0     8.643    -2.990
  5957.560    14.1      10.066    -0.225
  5957.626 106.00112     1.704    -3.068               3.456
  5957.640      42.0     3.247    -1.745
  5957.648      23.0     4.232    -1.583
  5957.669 106.00112     1.704    -4.781               3.456
  5957.700      26.0     3.640    -5.054
  5957.711      41.0     1.610    -1.640
  5957.751      23.1     4.704    -4.373
  5957.857      21.1     8.189    -4.735
  5957.860 106.00112     3.641    -4.364               3.456
  5957.864      26.0     4.178    -3.436
  5957.910 106.00112     2.367    -4.399               3.456
  5957.939      23.1     9.117    -1.378
  5957.953      69.1     5.197    -3.000
  5958.024 106.00112     2.741    -4.528               3.456
  5958.048     607.0     0.936    -2.471               7.650
  5958.070 106.00112     2.741    -4.541               3.456
  5958.113 106.00113     3.641    -4.352               3.456
  5958.135      14.0     5.964    -2.790
  5958.212 106.00112     2.874    -4.274               3.456
  5958.216 106.00113     2.163    -4.352               3.456
  5958.219 106.00113     3.641    -4.364               3.456
  5958.228      26.0     4.559    -3.099
  5958.240 106.00112     2.874    -4.288               3.456
  5958.333      26.0     2.176    -4.290
  5958.336     607.0     1.681    -2.021               7.650
  5958.390 106.00113     3.068    -4.228               3.456
  5958.390     8.0      10.989    -1.742
  5958.425      25.0     5.133    -3.939
  5958.471 106.00112     2.865    -4.561               3.456
  5958.533     607.0     0.825    -2.294               7.650
  5958.552      26.1     9.849    -3.082
  5958.578 106.00112     2.865    -4.580               3.456
  5958.580     8.0      10.989    -1.471
  5958.611      26.0     5.345    -5.093
  5958.627     607.0     0.825    -3.310               7.650
  5958.746    22.0       2.427    -2.160
  5958.809 106.00113     2.163    -4.317               3.456
  5958.853      24.0     3.845    -3.509
  5958.912      69.1     4.756    -2.870
  5958.921      24.0     5.948    -4.071
  5958.958      23.0     4.111    -4.246
  5958.961      69.1     4.833    -0.750
  5958.972 106.00113     3.068    -4.214               3.456
  5959.021      70.1     5.510    -2.360
  5959.024      70.1     6.113    -1.920
  5959.128 106.00113     2.163    -4.352               3.456
  5959.148      24.0     4.449    -1.180
  5959.200     607.0     1.601    -3.894               7.650
  5959.238 106.00112     2.223    -4.084               3.456
  5959.260      58.1     1.482    -3.380
  5959.292     607.0     1.052    -2.979               7.650
  5959.405 106.00113     2.474    -4.023               3.456
  5959.428      14.0     5.954    -2.053
  5959.464      58.1     1.855    -2.980
  5959.492     607.0     0.795    -4.002               7.650
  5959.494 106.00112     2.816    -4.601               3.456
  5959.608 106.00112     2.223    -4.104               3.456
  5959.615     607.0     0.795    -2.236               7.650
  5959.619 106.00113     2.163    -4.317               3.456
  5959.681     607.0     0.717    -3.495               7.650
  5959.688      58.1     1.626    -0.440
  5959.743      24.0     3.449    -4.321
  5959.750      25.0     5.338    -3.271
  5959.758     607.0     0.717    -2.094               7.650
  5959.761 106.00112     2.816    -4.580               3.456
  5959.796 106.00113     2.817    -4.601               3.456
  5959.853 106.00113     2.474    -4.032               3.456
  5959.891      58.1     4.165    -1.750
  5959.899 106.00113     2.817    -4.580               3.456
  5959.915      26.0     4.143    -2.622
  5959.966      69.1     4.254    -3.670
  5960.015     607.0     0.875    -4.691               7.650
  5960.022      26.0     4.584    -3.606
  5960.024      69.1     3.580    -3.570
  5960.033      58.1     2.250    -1.840
  5960.048     607.0     0.690    -2.611               7.650
  5960.079      69.1     2.185    -3.220
  5960.081      62.0     1.369    -0.394
  5960.114      22.0     2.396    -3.805
  5960.123      73.0     2.965    -0.950
  5960.175     607.0     0.875    -2.730               7.650
  5960.180      69.1     3.824    -2.890
  5960.304      26.0     4.988    -4.667
  5960.337     607.0     0.731    -2.094               7.650
  5960.362      26.0     5.086    -2.683
  5960.416     607.0     0.731    -3.509               7.650
  5960.473     607.0     0.652    -3.203               7.650
  5960.475      69.1     4.660    -1.830
  5960.537     607.0     0.652    -2.514               7.650
  5960.546      23.0     1.853    -3.226
  5960.548      69.1     4.833    -0.860
  5960.589      57.0     1.047    -1.140
  5960.599 106.00112     3.699    -4.352               3.456
  5960.608      58.1     3.913    -2.940
  5960.677      26.0     5.305    -2.956
  5960.703      58.1     1.767    -0.990
  5960.755     607.0     1.277    -4.860               7.650
  5960.867     607.0     0.664    -2.503               7.650
  5960.871      58.0     0.999    -0.592
  5961.008 106.00113     2.770    -3.912               3.456
  5961.047     607.0     0.596    -4.027               7.650
  5961.145      60.0     1.130    -0.270
  5961.211      16.0     8.046    -1.200
  5961.243 106.00113     3.699    -4.352               3.456
  5961.285 106.00112     3.699    -4.340               3.456
  5961.332      22.1     8.097    -0.317
  5961.442 106.00113     2.876    -4.274               3.456
  5961.449 106.00113     2.770    -4.601               3.456
  5961.463      21.0     2.614    -0.393
  5961.475      26.0     5.345    -4.973
  5961.524      26.0     5.067    -4.007
  5961.545 106.00112     3.068    -4.228               3.456
  5961.577      59.1     1.121    -1.820
  5961.609      20.0     6.035    -4.043
  5961.644      22.1     8.093    -2.066
  5961.706    26.1      10.678     0.670
  5961.736      22.0     3.112    -3.067
  5961.768     607.0     1.681    -3.292               7.650
  5961.807      70.1     7.693    -0.500
  5961.847      23.0     2.555    -4.452
  5961.868     607.0     0.609    -3.535               7.650
  5961.900 106.00113     2.743    -4.528               3.456
  5961.911     607.0     1.681    -2.015               7.650
  5961.918      26.0     4.220    -3.290
  5961.954 106.00113     2.877    -4.288               3.456
  5961.971 106.00112     3.068    -4.214               3.456
  5962.065      24.0     4.411    -4.064
  5962.065      24.0     4.411    -3.035
  5962.192      23.0     1.945    -4.064
  5962.217 106.00113     3.699    -4.340               3.456
  5962.220      26.0     4.607    -4.094
  5962.405 106.00113     2.743    -4.541               3.456
  5962.412 106.00113     2.475    -4.023               3.456
  5962.444      21.0     2.569    -4.252
  5962.466      23.0     2.578    -4.943
  5962.468      26.0     5.033    -4.623
  5962.580      57.0     1.139    -1.270
  5962.594 106.00113     2.475    -4.032               3.456
  5962.707 106.00112     2.163    -4.352               3.456
  5962.789      20.0     6.035    -1.810
  5962.793 106.00113     2.348    -4.463               3.456
  5962.804      25.0     3.135    -4.577
  5962.900 106.00112     2.817    -4.580               3.456
  5962.938     607.0     0.976    -3.727               7.650
  5962.976      24.0     5.667    -2.167
  5962.983      24.0     5.111    -3.734
  5962.985 106.00112     2.817    -4.601               3.456
  5963.013      59.0     1.083     0.127
  5963.016     607.0     0.825    -2.277               7.650
  5963.055      26.0     3.642    -4.014
  5963.141      22.1     8.071    -2.826
  5963.156 106.00112     2.163    -4.317               3.456
  5963.188      22.0     3.112    -3.251
  5963.198 106.00112     2.474    -4.023               3.456
  5963.227      62.1     1.517    -1.180
  5963.239      26.0     2.223    -4.723
  5963.277      25.1     6.668    -1.946
  5963.319      26.0     5.341    -4.666
  5963.336      58.0     0.206    -1.448
  5963.341 106.00113     2.348    -4.463               3.456
  5963.350      22.0     3.113    -1.859
  5963.361      58.1     1.784    -0.980
  5963.419 106.00113     2.348    -4.423               3.456
  5963.426      27.0     4.475    -0.732
  5963.472 106.00112     2.474    -4.032               3.456
  5963.622 106.00112     2.163    -4.352               3.456
  5963.663     607.0     0.690    -3.714               7.650
  5963.720      63.0     1.912    -0.230
  5963.774     607.0     0.690    -2.604               7.650
  5963.860 106.00112     3.436    -4.881               3.456
  5963.872     607.0     0.740    -3.088               7.650
  5963.888 106.00113     2.348    -4.423               3.456
  5963.905      69.1     4.355    -2.020
  5963.935 106.00113     2.297    -4.081               3.456
  5963.967 106.00112     2.163    -4.317               3.456
  5963.985       6.0     8.647    -2.800
  5964.024      69.1     4.481    -3.020
  5964.127      70.1     7.409    -1.970
  5964.181     607.0     0.961    -2.473               7.650
  5964.273 106.00113     2.771    -3.912               3.456
  5964.323     607.0     0.961    -3.800               7.650
  5964.326      69.1     4.684    -1.590
  5964.363      20.0     5.585    -4.473
  5964.379 106.00112     2.770    -3.912               3.456
  5964.383 106.00112     3.700    -4.340               3.456
  5964.394 106.00113     2.771    -4.601               3.456
  5964.404 106.00113     2.297    -4.072               3.456
  5964.436 106.00112     3.436    -4.869               3.456
  5964.458      66.0     1.239    -0.721
  5964.470      22.0     3.128    -1.631
  5964.522      25.1     6.185    -3.597
  5964.543      23.1     6.679    -2.797
  5964.578      24.0     3.011    -2.042
  5964.619      58.0     0.671    -1.127
  5964.639 106.00112     2.770    -4.601               3.456
  5964.721 106.00112     2.876    -4.274               3.456
  5964.735 106.00113     3.070    -4.214               3.456
  5964.753      23.0     1.195    -3.349
  5964.796 106.00112     3.700    -4.352               3.456
  5964.796     607.0     0.842    -2.282               7.650
  5964.802      22.0     3.113    -1.129
  5964.821      25.0     5.673    -3.612
  5964.842      20.0     5.586    -4.739
  5964.849 106.00113     3.070    -4.228               3.456
  5964.858      64.1     1.172    -2.320
  5964.893     607.0     0.843    -3.318               7.650
  5964.988      22.1     1.893    -4.703
  5965.031      27.0     3.514    -1.980
  5965.099      26.0     5.372    -4.052
  5965.298      22.1     8.056    -0.220
  5965.315 106.00113     3.700    -4.340               3.456
  5965.317      22.0     3.409    -3.412
  5965.404 106.00112     2.877    -4.288               3.456
  5965.412 106.00112     2.743    -4.528               3.456
  5965.414     607.0     0.818    -2.236               7.650
  5965.440 106.00113     3.700    -4.352               3.456
  5965.469      26.0     5.357    -3.006
  5965.469      26.0     4.231    -3.338
  5965.511     107.0     3.673    -3.256               3.450
  5965.540     607.0     0.818    -4.011               7.650
  5965.572     607.0     0.731    -3.504               7.650
  5965.620    26.1      10.678     0.070
  5965.622      27.0     3.713    -2.266
  5965.651     607.0     0.731    -2.078               7.650
  5965.679      21.1     8.189    -4.213
  5965.704      24.0     3.847    -3.934
  5965.746      62.1     1.262    -0.824
  5965.807      22.1     8.089    -1.623
  5965.824     607.0     1.149    -4.194               7.650
  5965.825    22.0       1.879    -0.409
  5965.842      74.0     2.353    -1.160
  5965.871      20.0     5.578    -3.314
  5965.921 106.00112     1.568    -3.571               3.456
  5965.924 106.00113     2.726    -4.611               3.456
  5965.961     107.0     3.673    -3.256               3.450
  5965.989      26.0     4.956    -1.685
  5966.010      69.0     2.414    -1.530
  5966.035 106.00113     2.100    -4.333               3.456
  5966.056      63.1     1.250    -1.040
  5966.085      24.0     4.855    -2.452
  5966.106 106.00112     2.743    -4.541               3.456
  5966.125      58.1     1.966    -1.250
  5966.181      22.1     8.082    -1.645
  5966.185      58.0     0.719    -0.535
  5966.190     607.0     0.616    -4.728               7.650
  5966.209 106.00112     2.475    -4.023               3.456
  5966.216 106.00112     2.475    -4.032               3.456
  5966.223 106.00112     1.568    -3.495               3.456
  5966.245 106.00113     2.100    -4.315               3.456
  5966.257     607.0     1.690    -4.729               7.650
  5966.261      26.0     4.580    -3.639
  5966.301      24.0     4.204    -4.264
  5966.316 106.00113     1.832    -4.555               3.456
  5966.331      58.0     0.732    -0.317
  5966.355 106.00113     2.726    -3.913               3.456
  5966.408      69.1     4.096    -2.440
  5966.519      24.1     6.686    -2.765
  5966.552     607.0     0.745    -2.078               7.650
  5966.601      27.0     5.197    -2.460
  5966.634     607.0     0.745    -3.518               7.650
  5966.672 106.00113     1.832    -4.522               3.456
  5966.678     607.0     0.740    -4.409               7.650
  5966.825     607.0     0.740    -3.082               7.650
  5966.865      24.0     4.204    -3.857
  5966.867      58.1     0.960    -2.140
  5966.896 106.00113     1.978    -4.398               3.456
  5966.978      23.1     6.713    -3.961
  5966.982      26.0     4.076    -3.272
  5967.089     607.0     0.677    -2.484               7.650
  5967.110      63.0     1.668     0.360
  5967.164      22.1     8.108    -1.247
  5967.256      58.1     4.252    -1.820
  5967.306      65.1     1.396    -0.402
  5967.415     107.0     3.593    -3.550               3.450
  5967.423 106.00112     2.348    -4.463               3.456
  5967.427 106.00113     2.298    -4.081               3.456
  5967.445      58.1     1.796    -1.390
  5967.477 106.00113     1.978    -4.373               3.456
  5967.502      69.1     5.104    -2.610
  5967.514      58.1     1.930    -2.420
  5967.529     607.0     0.961    -2.463               7.650
  5967.540     107.0     3.593    -3.550               3.450
  5967.587 106.00112     2.771    -4.601               3.456
  5967.616 106.00113     2.298    -4.072               3.456
  5967.648 106.00112     2.771    -3.912               3.456
  5967.683 106.00113     3.436    -4.881               3.456
  5967.722      58.1     2.000    -1.790
  5967.740 106.00112     3.070    -4.214               3.456
  5967.780 106.00112     2.297    -4.081               3.456
  5967.783      23.1     2.556    -2.748
  5967.837      59.1     1.196    -0.400
  5967.863      24.0     4.099    -4.206
  5967.895      26.0     4.209    -4.362
  5967.933 106.00112     2.348    -4.423               3.456
  5967.972 106.00112     2.348    -4.463               3.456
  5968.011 106.00112     3.070    -4.228               3.456
  5968.028      22.0     2.334    -4.418
  5968.058 106.00112     2.297    -4.072               3.456
  5968.060      58.1     1.786    -0.930
  5968.068      22.1     8.098    -0.717
  5968.191      26.1     7.684    -2.254
  5968.199     607.0     0.619    -3.541               7.650
  5968.222      21.0     3.633     0.343
  5968.251      26.1     5.911    -4.120
  5968.255      24.0     5.464    -3.846
  5968.275      24.1     6.641    -3.741
  5968.278 106.00113     1.978    -4.398               3.456
  5968.298      26.0     4.956    -3.019
  5968.335      22.0     3.090    -3.799
  5968.403 106.00112     2.348    -4.423               3.456
  5968.407      63.0     2.434    -0.420
  5968.425     607.0     1.083    -2.981               7.650
  5968.450      25.1     4.757    -4.729
  5968.466      42.0     3.444    -2.596
  5968.485      21.0     3.633    -0.186
  5968.539 106.00113     1.832    -4.555               3.456
  5968.570     607.0     0.664    -3.212               7.650
  5968.604     607.0     1.083    -4.478               7.650
  5968.624      23.1     9.117    -1.492
  5968.636     607.0     0.664    -2.494               7.650
  5968.643      26.1     7.773    -2.367
  5968.676      68.0     1.159    -0.618
  5968.720 106.00113     1.832    -4.522               3.456
  5968.731 106.00113     1.978    -4.373               3.456
  5968.775      26.0     5.348    -3.886
  5968.820 106.00113     3.436    -4.869               3.456
  5968.827      62.1     1.462    -1.150
  5968.869     607.0     0.818    -4.009               7.650
  5968.963 106.00113     2.727    -4.611               3.456
  5968.996     607.0     0.818    -2.226               7.650
  5969.083      69.1     4.684    -3.300
  5969.098 106.00113     2.727    -3.913               3.456
  5969.129     607.0     0.904    -2.730               7.650
  5969.138      22.0     3.128    -1.050
  5969.166      21.0     2.608    -0.494
  5969.203      22.0     3.869    -3.035
  5969.218     607.0     0.843    -2.266               7.650
  5969.223 106.00112     3.438    -4.869               3.456
  5969.282     607.0     0.997    -3.733               7.650
  5969.292     607.0     0.904    -4.698               7.650
  5969.316       6.0     7.946    -3.027
  5969.391      26.0     4.584    -4.550
  5969.472 106.00112     2.726    -4.611               3.456
  5969.476      62.0     1.697    -0.356
  5969.540      58.1     1.140    -3.010
  5969.544 106.00112     3.438    -4.881               3.456
  5969.551 106.00112     2.100    -4.315               3.456
  5969.562      26.0     4.283    -2.860
  5969.579 106.00113     2.431    -4.020               3.456
  5969.597 106.00112     2.100    -4.333               3.456
  5969.608     607.0     0.710    -2.600               7.650
  5969.733 106.00112     2.726    -3.913               3.456
  5969.765      75.0     3.306    -0.910
  5969.800      22.1     8.093    -0.529
  5969.818      22.1     8.071    -0.534
  5969.868 106.00113     1.703    -4.684               3.456
  5969.893      23.1     2.557    -3.606
  5970.021 106.00113     2.431    -4.023               3.456
  5970.048      15.0     8.115    -4.030
  5970.074      38.0     2.690    -0.690
  5970.103      69.1     4.956    -2.340
  5970.203 106.00113     1.703    -4.661               3.456
  5970.270      70.1     5.815    -2.150
  5970.271      22.1     8.056    -2.449
  5970.287      64.1     2.277    -0.770
  5970.456      24.0     3.850    -2.939
  5970.531 106.00112     1.832    -4.555               3.456
  5970.588      58.1     2.145    -2.750
  5970.630      24.0     3.847    -3.380
  5970.663 106.00112     1.832    -4.522               3.456
  5970.680      58.1     1.784    -2.770
  5970.691      24.0     4.455    -1.059
  5970.693     607.0     0.614    -4.035               7.650
  5970.756       6.0     7.946    -4.570
  5970.765      24.0     3.104    -4.066
  5970.776      22.0     3.334    -2.662
  5970.810      24.0     3.013    -3.263
  5970.845      21.1     8.189    -4.590
  5970.951      22.0     3.708    -3.298
  5970.991     607.0     1.706    -2.013               7.650
  5970.998 106.00113     2.683    -4.283               3.456
  5971.063      57.1     1.252    -1.980
  5971.073      25.0     3.771    -4.442
  5971.101      28.0     5.004    -2.830
  5971.110     607.0     1.659    -4.253               7.650
  5971.176      22.0     2.396    -1.972
  5971.263      69.0     0.000    -2.128
  5971.273 106.00112     2.298    -4.072               3.456
  5971.276 106.00112     2.298    -4.081               3.456
  5971.282     607.0     1.083    -2.973               7.650
  5971.286     607.0     0.860    -2.270               7.650
  5971.293      20.0     5.049    -2.987
  5971.334 106.00112     1.978    -4.398               3.456
  5971.386     607.0     0.860    -3.326               7.650
  5971.419 106.00113     2.102    -4.315               3.456
  5971.423 106.00113     2.683    -4.611               3.456
  5971.446      26.1     6.138    -4.401
  5971.448      69.1     4.708    -1.660
  5971.501      92.0     0.077    -1.678
  5971.524      22.0     2.345    -4.303
  5971.590      21.0     3.619    -1.437
  5971.594 106.00113     2.102    -4.333               3.456
  5971.597      24.0     3.079    -4.421
  5971.648      22.1     8.045     0.634
  5971.649      26.0     5.348    -4.825
  5971.658      63.0     2.423    -0.130
  5971.677     607.0     0.745    -3.513               7.650
  5971.679      69.1     4.847    -1.960
  5971.698    56.0       1.143    -0.370
  5971.701 106.00113     3.001    -4.244               3.456
  5971.737 106.00112     1.978    -4.373               3.456
  5971.758     607.0     0.745    -2.064               7.650
  5971.858      25.1     6.671    -3.422
  5971.886     607.0     0.904    -4.697               7.650
  5971.951 106.00113     2.140    -4.385               3.456
  5972.011      70.1     7.411    -1.460
  5972.049     607.0     0.904    -2.723               7.650
  5972.061 106.00113     2.165    -4.124               3.456
  5972.229      26.0     5.305    -3.728
  5972.258      24.0     3.013    -2.524
  5972.261 106.00113     3.001    -4.229               3.456
  5972.268 106.00113     2.165    -4.104               3.456
  5972.292      70.1     6.877    -2.000
  5972.332 106.00113     2.432    -4.020               3.456
  5972.333      24.0     3.850    -2.949
  5972.479 106.00112     2.727    -3.913               3.456
  5972.484      26.0     4.593    -4.369
  5972.500      74.0     0.412    -3.150
  5972.514 106.00112     2.727    -4.611               3.456
  5972.525      23.1     8.050    -2.627
  5972.536 106.00113     2.432    -4.023               3.456
  5972.543      23.0     4.256    -3.603
  5972.584      14.0     5.954    -1.371
  5972.586       6.0     8.643    -3.630
  5972.589 106.00113     2.140    -4.345               3.456
  5972.618      24.0     3.850    -1.623
  5972.693 106.00113     2.140    -4.385               3.456
  5972.714 106.00112     1.832    -4.522               3.456
  5972.718 106.00112     1.978    -4.398               3.456
  5972.734      22.0     3.709    -1.982
  5972.739      63.0     1.944     0.080
  5972.757 106.00112     1.832    -4.555               3.456
  5972.759     607.0     0.710    -3.721               7.650
  5972.775      21.0     5.654    -3.189
  5972.786      58.0     0.646    -1.014
  5972.873     607.0     0.710    -2.593               7.650
  5972.970      69.1     4.606    -1.800
  5972.978     607.0     0.760    -2.063               7.650
  5972.993 106.00112     1.978    -4.373               3.456
  5973.000 106.00113     2.330    -4.501               3.456
  5973.008      24.0     3.850    -4.209
  5973.019     607.0     1.311    -4.864               7.650
  5973.032      23.1     2.544    -3.243
  5973.046      22.1     8.082    -0.337
  5973.062     607.0     0.760    -3.526               7.650
  5973.118      22.1     8.114    -0.898
  5973.125 106.00113     1.704    -4.684               3.456
  5973.228 106.00113     1.704    -4.661               3.456
  5973.239 106.00113     2.140    -4.345               3.456
  5973.263     607.0     0.690    -2.465               7.650
  5973.285      24.1     9.189    -3.984
  5973.285      58.1     1.482    -1.410
  5973.339      22.1     8.108    -0.816
  5973.346      25.0     4.794    -3.022
  5973.361      14.0     5.863    -2.730
  5973.364      44.0     3.763    -0.110
  5973.367      25.1     6.668    -3.369
  5973.374 106.00113     3.438    -4.881               3.456
  5973.414 106.00113     2.331    -4.501               3.456
  5973.472      26.0     5.086    -2.530
  5973.478      70.1     7.133    -1.260
  5973.507      67.0     0.000    -1.620
  5973.546      57.1     2.763    -0.496
  5973.549 106.00112     2.431    -4.020               3.456
  5973.609      22.0     3.709    -4.047
  5973.614 106.00113     3.438    -4.869               3.456
  5973.635      69.1     4.660    -2.460
  5973.645      28.0     4.167    -2.630
  5973.665      90.0     0.457    -1.959
  5973.671      23.0     2.565    -4.759
  5973.699 106.00113     2.331    -4.453               3.456
  5973.756      21.0     3.619    -2.434
  5973.806 106.00113     2.684    -4.283               3.456
  5973.828 106.00112     2.431    -4.023               3.456
  5973.835 106.00112     1.703    -4.684               3.456
  5973.881      25.0     3.772    -1.927
  5973.896 106.00112     1.703    -4.661               3.456
  5973.916     607.0     0.987    -2.465               7.650
  5973.930     607.0     1.628    -3.900               7.650
  5973.960 106.00113     2.684    -4.611               3.456
  5974.049 106.00113     2.331    -4.453               3.456
  5974.062     607.0     0.987    -3.806               7.650
  5974.129      26.0     5.330    -3.891
  5974.157      22.0     3.583    -2.934
  5974.163      44.0     2.595    -1.750
  5974.170 106.00113     2.803    -4.304               3.456
  5974.220      22.1     8.093    -0.320
  5974.274     607.0     1.706    -3.298               7.650
  5974.278      72.0     2.279    -0.840
  5974.302     607.0     0.677    -3.220               7.650
  5974.303 106.00113     2.803    -4.289               3.456
  5974.336      22.0     3.890    -2.692
  5974.371     607.0     0.677    -2.475               7.650
  5974.421     607.0     1.706    -2.007               7.650
  5974.449      23.1     3.759    -4.122
  5974.488      66.0     0.000    -1.410
  5974.563      58.1     2.003    -1.200
  5974.623      26.0     4.191    -3.910
  5974.720      72.0     2.454    -1.170
  5974.720 106.00112     2.683    -4.283               3.456
  5974.731 106.00112     2.102    -4.315               3.456
  5974.746     607.0     0.630    -3.547               7.650
  5974.758      58.1     1.320    -1.900
  5974.977 106.00112     2.683    -4.611               3.456
  5975.013      69.0     2.530    -0.273
  5975.024      21.1     9.229    -3.851
  5975.027 106.00112     3.001    -4.244               3.456
  5975.065      90.0     0.789    -1.632
  5975.067     607.0     0.840    -2.226               7.650
  5975.163 106.00112     2.102    -4.333               3.456
  5975.196     607.0     0.840    -4.018               7.650
  5975.202      23.0     2.575    -4.215
  5975.212      70.1     7.370    -2.560
  5975.213      58.1     1.889    -2.360
  5975.247      26.0     5.314    -2.949
  5975.296      58.1     1.639    -1.700
  5975.338      23.0     3.371    -0.242
  5975.347      26.0     4.076    -1.434
  5975.350      26.0     4.835    -0.822
  5975.431 106.00112     3.001    -4.229               3.456
  5975.487      68.0     1.433    -0.657
  5975.534    10.0      16.619    -1.249
  5975.538      21.0     4.525    -3.939
  5975.622      58.1     1.676    -3.000
  5975.622     607.0     0.860    -2.255               7.650
  5975.717      57.0     0.952    -1.390
  5975.744     607.0     1.177    -4.199               7.650
  5975.818      58.1     1.327    -0.460
  5975.824      21.0     3.598    -1.693
  5975.856 106.00112     2.165    -4.104               3.456
  5975.867 106.00112     2.165    -4.124               3.456
  5975.881      58.1     1.251    -1.680
  5975.902     607.0     0.766    -3.080               7.650
  5975.956      69.1     1.087    -3.240
  5975.982      58.0     0.159    -0.994
  5976.060      25.0     3.772    -3.480
  5976.069      20.0     5.453    -3.820
  5976.084      24.0     4.446    -3.553
  5976.091     607.0     1.018    -3.740               7.650
  5976.141      64.1     2.491    -1.290
  5976.160      26.0     4.294    -3.309
  5976.177 106.00113     2.642    -4.224               3.456
  5976.274 106.00113     2.167    -4.104               3.456
  5976.306 106.00112     2.432    -4.020               3.456
  5976.321      92.0     0.471    -1.029
  5976.345 106.00112     2.432    -4.023               3.456
  5976.388 106.00113     2.167    -4.124               3.456
  5976.439      26.0     4.178    -2.462
  5976.498      58.1     3.807    -2.950
  5976.588 106.00113     2.642    -4.283               3.456
  5976.593      24.0     4.208    -3.846
  5976.599 106.00112     2.140    -4.385               3.456
  5976.677       6.0     8.640    -2.900
  5976.678    26.1      10.678    -0.330
  5976.710      20.0     6.040    -2.875
  5976.777      26.0     3.943    -1.373
  5976.855      24.0     4.455    -2.435
  5976.863      69.1     4.435    -2.390
  5976.923      70.1     5.868    -2.340
  5976.924 106.00112     1.704    -4.661               3.456
  5976.964      24.1     6.282    -3.940
  5976.999      22.1     8.082    -1.303
  5977.034      58.1     4.845    -3.100
  5977.061      58.1     1.796    -3.990
  5977.096 106.00112     1.704    -4.684               3.456
  5977.103 106.00112     2.140    -4.345               3.456
  5977.185      23.0     2.608    -4.799
  5977.234      64.0     0.791    -0.847
  5977.235     607.0     0.987    -2.455               7.650
  5977.342 106.00112     2.140    -4.385               3.456
  5977.460      69.1     5.147    -1.420
  5977.500      25.0     5.673    -2.099
  5977.517 106.00112     2.684    -4.611               3.456
  5977.532 106.00112     2.684    -4.283               3.456
  5977.561      26.0     4.294    -4.400
  5977.753 106.00112     2.330    -4.501               3.456
  5977.753 106.00112     2.140    -4.345               3.456
  5977.768 106.00112     2.803    -4.289               3.456
  5977.807 106.00112     2.803    -4.304               3.456
  5977.819      58.1     3.650    -3.070
  5977.849      58.1     4.708    -1.960
  5977.964 106.00113     3.003    -4.229               3.456
  5977.968     607.0     0.878    -2.259               7.650
  5977.985     607.0     0.760    -3.522               7.650
  5978.064 106.00113     3.003    -4.244               3.456
  5978.069     607.0     0.760    -2.049               7.650
  5978.070     607.0     0.878    -3.334               7.650
  5978.104      70.1     6.950    -1.210
  5978.129      58.1     4.477    -2.160
  5978.134      26.0     4.638    -3.506
  5978.168 106.00112     2.331    -4.501               3.456
  5978.237      64.1     2.280    -1.640
  5978.261     607.0     0.766    -4.415               7.650
  5978.306      24.0     4.416    -3.630
  5978.318     607.0     0.640    -4.735               7.650
  5978.326      26.0     5.020    -2.674
  5978.347 106.00112     2.331    -4.453               3.456
  5978.408      22.1     8.093    -0.535
  5978.411     607.0     0.767    -3.074               7.650
  5978.425      70.1     8.055    -2.990
  5978.429      21.0     2.509    -2.207
  5978.475     607.0     0.840    -4.016               7.650
  5978.539    22.0       1.873    -0.496
  5978.554      25.1     6.671    -1.943
  5978.592      69.1     4.706    -2.290
  5978.604     607.0     0.840    -2.217               7.650
  5978.611      24.0     4.613    -1.165
  5978.661      72.0     2.265    -0.960
  5978.697 106.00112     2.331    -4.453               3.456
  5978.751 106.00113     2.643    -4.224               3.456
  5978.772      24.0     4.447    -1.603
  5978.869      74.0     3.496    -0.480
  5978.880      59.0     1.083    -0.208
  5978.883      23.1     9.117    -1.451
  5978.892      26.0     4.988    -1.886
  5978.894      21.0     3.189    -0.547
  5978.897      23.0     2.678    -4.178
  5978.919 106.00113     2.643    -4.283               3.456
  5978.930      23.0     1.860    -1.400
  5978.930    14.1      10.074     0.084
  5979.005 106.00113     2.249    -4.091               3.456
  5979.031      26.0     4.580    -4.951
  5979.064      69.1     4.914    -3.030
  5979.141      22.1     8.133    -0.326
  5979.234      24.1     6.282    -3.421
  5979.240      24.0     4.207    -4.005
  5979.263     607.0     0.731    -2.589               7.650
  5979.269      23.0     4.111    -2.463
  5979.343      20.0     5.181    -1.347
  5979.366      58.0     0.159    -1.260
  5979.387      62.0     0.185    -1.650
  5979.415      22.0     3.904    -1.971
  5979.455      23.0     1.804    -4.431
  5979.473 106.00113     2.249    -4.081               3.456
  5979.523 106.00113     2.390    -4.024               3.456
  5979.604     607.0     0.776    -2.049               7.650
  5979.634      21.0     3.807    -1.454
  5979.661      22.0     3.148    -2.086
  5979.687      26.0     5.273    -2.678
  5979.690     607.0     0.776    -3.535               7.650
  5979.780      26.1     7.703    -4.045
  5979.863      20.0     5.983    -4.838
  5979.867 106.00112     2.167    -4.104               3.456
  5979.963 106.00113     2.390    -4.020               3.456
  5980.019      58.1     1.194    -2.350
  5980.060 106.00112     2.642    -4.224               3.456
  5980.119      58.1     0.812    -1.840
  5980.199 106.00112     2.167    -4.124               3.456
  5980.317 106.00112     2.642    -4.283               3.456
  5980.393      58.1     1.775    -3.240
  5980.453      63.0     2.401    -0.450
  5980.532      24.0     4.855    -3.462
  5980.559     607.0     0.690    -3.229               7.650
  5980.569     607.0     0.632    -4.043               7.650
  5980.598      58.1     1.339    -1.820
  5980.604      25.1     6.668    -3.390
  5980.630     607.0     0.690    -2.456               7.650
  5980.698     607.0     1.114    -2.974               7.650
  5980.700 106.00113     2.805    -4.289               3.456
  5980.708      22.0     3.113    -1.845
  5980.772      23.0     1.195    -2.000
  5980.824      22.0     1.067    -3.577
  5980.828      69.1     4.914    -1.900
  5980.880     607.0     1.114    -4.483               7.650
  5980.961      21.0     4.585    -2.700
  5980.961      21.0     4.585    -2.098
  5980.961 106.00113     2.664    -4.556               3.456
  5981.033      58.1     1.813    -1.880
  5981.101 106.00113     2.664    -4.542               3.456
  5981.134      58.1     3.812    -2.410
  5981.140 106.00112     3.003    -4.229               3.456
  5981.190 106.00113     2.805    -4.304               3.456
  5981.205      59.1     1.462    -0.378
  5981.226       6.0     7.946    -3.930
  5981.250    56.1       6.201    -0.250
  5981.268     607.0     0.932    -2.723               7.650
  5981.359      76.0     2.344    -2.400
  5981.398 106.00112     3.003    -4.244               3.456
  5981.398 106.00113     2.604    -4.189               3.456
  5981.434     607.0     0.933    -4.704               7.650
  5981.444      59.1     1.132    -1.380
  5981.448      67.0     1.430    -0.892
  5981.502     607.0     0.641    -3.554               7.650
  5981.730      69.0     2.414    -1.380
  5981.750      26.0     5.033    -3.458
  5981.757      26.1     7.869    -2.214
  5981.807      58.1     1.123    -2.790
  5981.817 106.00113     2.604    -4.224               3.456
  5981.846      24.0     3.168    -2.637
  5981.879      39.0     2.038    -0.800
  5981.885      90.1     1.204    -1.920
  5981.978      25.1     6.671    -4.537
  5981.989      27.0     2.137    -3.675
  5982.028 106.00113     2.390    -4.024               3.456
  5982.091     607.0     0.703    -2.447               7.650
  5982.149      69.1     4.324    -2.900
  5982.158      26.0     5.345    -4.399
  5982.225 106.00113     2.250    -4.091               3.456
  5982.229     607.0     0.878    -2.244               7.650
  5982.250 106.00113     2.390    -4.020               3.456
  5982.261      27.0     4.395    -1.773
  5982.275       6.0     7.946    -4.930
  5982.310      26.0     4.913    -1.596
  5982.339      57.0     0.331    -1.850
  5982.409      64.1     2.449    -0.750
  5982.436 106.00113     2.250    -4.081               3.456
  5982.532      22.0     2.408    -1.843
  5982.605      42.0     4.329    -1.514
  5982.627      22.0     3.569    -3.594
  5982.629 106.00113     3.694    -4.144               3.456
  5982.636 106.00112     2.643    -4.224               3.456
  5982.651 106.00112     2.643    -4.283               3.456
  5982.669       6.0     7.946    -4.830
  5982.683 106.00112     3.694    -4.810               3.456
  5982.765      58.1     4.252    -1.000
  5982.848      67.0     0.000    -1.048
  5982.869 106.00112     3.695    -4.800               3.456
  5982.874      24.0     3.168    -2.021
  5982.884      23.0     2.578    -4.308
  5982.897      27.1     8.634    -1.900
  5982.909      24.1     4.074    -4.679
  5982.910      42.0     3.265    -1.622
  5982.910      22.0     2.333    -3.721
  5982.928      26.0     5.314    -3.052
  5982.937 106.00113     2.316    -4.547               3.456
  5982.961      20.0     5.453    -3.229
  5983.052 106.00112     2.249    -4.091               3.456
  5983.140      63.0     1.912    -0.870
  5983.144     607.0     1.040    -3.747               7.650
  5983.206      41.0     0.657    -1.250
  5983.234 106.00113     2.316    -4.547               3.456
  5983.249      76.0     3.174    -1.360
  5983.281      27.0     3.622    -2.073
  5983.338 106.00112     2.249    -4.081               3.456
  5983.342      23.0     4.260    -2.146
  5983.439      23.1     9.117    -1.780
  5983.481 106.00113     3.694    -4.132               3.456
  5983.528      21.0     3.607    -1.499
  5983.562     607.0     1.114    -2.966               7.650
  5983.575      45.0     1.577    -0.950
  5983.575      23.0     1.869    -3.749
  5983.653      69.1     4.571    -1.920
  5983.663      22.0     3.869    -3.167
  5983.664 106.00112     2.390    -4.024               3.456
  5983.671      25.0     4.320    -4.131
  5983.675      24.0     4.449    -1.908
  5983.678      23.0     2.575    -3.593
  5983.680      26.0     4.549    -1.598
  5983.732 106.00113     2.316    -4.489               3.456
  5983.739     607.0     0.775    -3.265               7.650
  5983.743 106.00113     2.604    -4.189               3.456
  5983.776     607.0     1.731    -2.005               7.650
  5983.782      63.0     2.401    -0.200
  5983.790     607.0     0.770    -3.272               7.650
  5983.807      21.0     4.527    -3.332
  5983.811      74.0     3.501    -0.470
  5983.848    26.1      10.751    -0.690
  5983.874     607.0     0.780    -3.261               7.650
  5983.886      71.1     1.463    -1.150
  5983.899     607.0     1.013    -2.457               7.650
  5983.926      24.0     3.395    -3.539
  5983.936 106.00113     2.604    -4.224               3.456
  5983.940 106.00113     1.610    -3.499               3.456
  5983.947 106.00112     2.390    -4.020               3.456
  5983.976 106.00113     2.316    -4.489               3.456
  5983.976      22.1     8.098    -1.997
  5983.979      22.1     8.056    -0.182
  5983.996     607.0     0.766    -3.283               7.650
  5984.003     607.0     0.932    -4.702               7.650
  5984.047     607.0     1.013    -3.812               7.650
  5984.083      27.0     1.740    -3.300
  5984.161     607.0     0.785    -3.260               7.650
  5984.170     607.0     0.933    -2.716               7.650
  5984.173 106.00112     2.805    -4.289               3.456
  5984.187 106.00113     3.630    -4.156               3.456
  5984.189      26.0     5.348    -3.385
  5984.212      40.0     1.858    -0.540
  5984.219 106.00113     1.611    -3.424               3.456
  5984.252      27.0     4.395    -0.256
  5984.255      24.1     6.285    -4.645
  5984.255       6.0     8.643    -2.670
  5984.287      62.0     1.543    -0.080
  5984.336      58.1     1.925    -2.230
  5984.347      20.0     5.181    -3.762
  5984.396     607.0     0.763    -3.299               7.650
  5984.409      27.0     2.042    -3.431
  5984.505     607.0     0.776    -3.531               7.650
  5984.516       6.0     8.647    -3.500
  5984.573     607.0     1.725    -4.733               7.650
  5984.579      22.0     0.021    -4.008
  5984.592     607.0     0.776    -2.035               7.650
  5984.616      26.0     5.012    -4.868
  5984.624      27.0     3.409    -2.653
  5984.628      23.0     1.183    -2.440
  5984.653     607.0     0.791    -3.260               7.650
  5984.660 106.00112     3.694    -4.144               3.456
  5984.728 106.00113     1.949    -4.421               3.456
  5984.730      69.1     2.784    -2.590
  5984.755     607.0     0.731    -3.728               7.650
  5984.815      26.0     4.733    -0.326
  5984.825 106.00112     2.664    -4.542               3.456
  5984.835 106.00112     2.805    -4.304               3.456
  5984.861      66.0     2.386     0.091
  5984.863     607.0     0.897    -2.248               7.650
  5984.872     607.0     0.731    -2.582               7.650
  5984.875 106.00112     2.664    -4.556               3.456
  5984.911     107.0     3.708    -3.206               3.450
  5984.936     607.0     0.864    -2.217               7.650
  5984.955     607.0     0.759    -3.321               7.650
  5984.968     607.0     0.897    -3.341               7.650
  5985.000 106.00113     3.630    -4.144               3.456
  5985.067     607.0     0.864    -4.025               7.650
  5985.119 106.00113     2.935    -4.259               3.456
  5985.179      26.0     5.012    -3.538
  5985.186      26.0     4.956    -2.077
  5985.208      58.1     2.004    -1.250
  5985.251 106.00113     2.120    -4.422               3.456
  5985.270      58.1     1.254    -3.760
  5985.316     607.0     0.798    -3.262               7.650
  5985.320      26.0     5.334    -4.993
  5985.334 106.00113     1.949    -4.393               3.456
  5985.341      70.1     5.332    -1.190
  5985.362      70.1     8.206    -1.480
  5985.377 106.00112     3.694    -4.132               3.456
  5985.407      24.0     3.422    -4.668
  5985.437 106.00112     2.604    -4.189               3.456
  5985.455      23.1     6.686    -3.642
  5985.478     107.0     3.708    -3.206               3.450
  5985.603     607.0     1.345    -4.868               7.650
  5985.627 106.00113     3.694    -4.810               3.456
  5985.656 106.00113     2.935    -4.244               3.456
  5985.661      22.0     2.334    -3.573
  5985.681     607.0     0.757    -3.352               7.650
  5985.706 106.00112     2.604    -4.224               3.456
  5985.835 106.00113     2.120    -4.422               3.456
  5985.900 106.00113     1.949    -4.421               3.456
  5985.911      22.1     8.114    -0.673
  5985.946 106.00113     2.120    -4.377               3.456
  5985.953     607.0     1.206    -4.204               7.650
  5985.957      21.0     5.059    -3.135
  5985.989      66.0     1.142    -1.518
  5986.083      41.0     1.630    -1.450
  5986.086      22.0     3.559    -3.755
  5986.089      26.0     4.796    -2.795
  5986.100      92.0     0.480    -1.575
  5986.156     607.0     0.805    -3.266               7.650
  5986.172 106.00112     2.390    -4.024               3.456
  5986.237 106.00112     2.390    -4.020               3.456
  5986.258 106.00113     3.695    -4.800               3.456
  5986.276 106.00112     2.250    -4.091               3.456
  5986.285      24.0     3.698    -3.516
  5986.305 106.00112     2.250    -4.081               3.456
  5986.344      22.0     3.921    -1.902
  5986.359 106.00112     3.630    -4.156               3.456
  5986.391 106.00113     1.949    -4.393               3.456
  5986.402       6.0     8.640    -3.086
  5986.422     607.0     0.792    -2.035               7.650
  5986.452 106.00113     2.120    -4.377               3.456
  5986.511     607.0     0.792    -3.543               7.650
  5986.531      24.1     6.285    -3.740
  5986.578     607.0     0.754    -3.393               7.650
  5986.620 106.00113     2.567    -4.170               3.456
  5986.631 106.00113     3.565    -4.169               3.456
  5986.653      24.0     4.106    -4.119
  5986.658      22.0     3.334    -3.656
  5986.784      70.1     7.393    -0.730
  5986.786      24.0     3.395    -3.001
  5986.956      26.0     3.301    -4.426
  5986.990      22.0     3.709    -3.576
  5986.994     107.0     3.668    -3.423               3.450
  5987.033 106.00112     3.630    -4.144               3.456
  5987.033 106.00113     2.567    -4.189               3.456
  5987.033      21.0     4.830    -1.949
  5987.037      20.0     5.585    -4.059
  5987.043      23.1     2.522    -2.911
  5987.048     607.0     1.731    -3.304               7.650
  5987.065      26.0     4.796    -0.559
  5987.084      64.1     1.314    -1.480
  5987.085     607.0     0.703    -3.237               7.650
  5987.157     607.0     0.812    -3.270               7.650
  5987.160     607.0     0.703    -2.439               7.650
  5987.177     607.0     1.013    -2.448               7.650
  5987.269      59.1     1.260    -0.629
  5987.334      28.0     3.399    -3.848
  5987.343     107.0     3.668    -3.423               3.450
  5987.388      22.1     8.056     0.673
  5987.405 106.00113     3.565    -4.157               3.456
  5987.419      20.0     5.490    -3.580
  5987.474 106.00113     3.696    -4.132               3.456
  5987.490      70.1     5.828    -3.080
  5987.496      24.0     5.465    -4.048
  5987.520      20.0     5.586    -3.674
  5987.635     607.0     0.753    -3.451               7.650
  5987.641      70.1     7.552    -2.430
  5987.711      24.0     3.011    -3.174
  5987.751      24.0     5.969    -2.705
  5987.753 106.00113     3.696    -4.144               3.456
  5987.786 106.00112     2.604    -4.189               3.456
  5987.800 106.00112     2.316    -4.547               3.456
  5987.829 106.00112     2.604    -4.224               3.456
  5987.868     607.0     1.691    -4.257               7.650
  5987.899      70.1     6.014    -0.540
  5987.911      69.1     4.692    -2.430
  5987.929 106.00112     3.696    -4.800               3.456
  5988.009    26.1      10.751    -0.410
  5988.031      64.0     1.965     0.424
  5988.043     607.0     0.793    -3.071               7.650
  5988.098 106.00112     2.316    -4.547               3.456
  5988.162      42.0     3.443    -1.002
  5988.173      23.1     6.529    -4.409
  5988.202      59.1     1.615    -1.050
  5988.262      69.1     5.151    -2.400
  5988.266      21.1     9.229    -3.007
  5988.306      24.1     6.484    -3.512
  5988.306     607.0     0.864    -4.023               7.650
  5988.354     607.0     0.820    -3.276               7.650
  5988.356 106.00113     2.667    -4.542               3.456
  5988.410      21.0     2.109    -0.672
  5988.438     607.0     0.864    -2.209               7.650
  5988.483     607.0     0.652    -3.561               7.650
  5988.503 106.00112     2.316    -4.489               3.456
  5988.507      22.1     8.132    -1.934
  5988.531     107.0     3.616    -3.505               3.450
  5988.535      24.0     4.616    -3.284
  5988.554      22.0     1.887    -1.774
  5988.556      26.0     5.067    -2.168
  5988.560      66.0     0.000    -1.340
  5988.614 106.00112     2.935    -4.259               3.456
  5988.639     607.0     0.717    -2.430               7.650
  5988.675      44.0     1.087    -2.540
  5988.706      58.1     2.000    -2.070
  5988.720     107.0     3.616    -3.505               3.450
  5988.733 106.00113     2.567    -4.170               3.456
  5988.747 106.00112     2.316    -4.489               3.456
  5988.791      14.0     5.964    -1.454
  5988.838      14.0     5.964    -0.872
  5988.840 106.00113     2.667    -4.556               3.456
  5988.863     607.0     0.751    -3.533               7.650
  5988.876 106.00112     3.696    -4.810               3.456
  5988.887      21.0     3.598    -0.584
  5988.894      69.1     5.104    -1.210
  5988.899      58.1     2.949    -2.380
  5988.941 106.00113     2.567    -4.189               3.456
  5988.948 106.00112     3.565    -4.169               3.456
  5988.948      69.1     5.004    -0.850
  5988.980      22.1     8.097     0.012
  5988.998 106.00112     2.935    -4.244               3.456
  5989.010      24.0     4.208    -4.487
  5989.027 106.00113     1.755    -4.781               3.456
  5989.045      90.1     0.189    -1.414
  5989.054     607.0     0.897    -2.233               7.650
  5989.142 106.00113     1.755    -4.615               3.456
  5989.152 106.00113     1.793    -4.586               3.456
  5989.158      58.1     1.644    -2.090
  5989.181      24.1     6.145    -3.109
  5989.192 106.00113     2.351    -4.034               3.456
  5989.235      25.1     6.671    -3.883
  5989.274 106.00113     3.631    -4.144               3.456
  5989.289      24.1     6.285    -3.482
  5989.292      25.0     5.696    -2.506
  5989.327      70.0     2.875    -1.125
  5989.357 106.00112     1.949    -4.421               3.456
  5989.371 106.00112     3.696    -4.132               3.456
  5989.377      15.0     8.157    -2.000
  5989.377      70.1     6.954    -3.540
  5989.378      60.1     0.745    -1.339
  5989.378      23.0     1.893    -2.433
  5989.382      58.0     0.384    -0.663
  5989.393       6.0     7.946    -4.330
  5989.417      70.1     5.724    -3.310
  5989.458      42.0     4.204    -0.845
  5989.486      22.1     8.116    -0.205
  5989.533 106.00113     1.793    -4.552               3.456
  5989.533 106.00113     3.632    -4.156               3.456
  5989.569      27.0     3.971    -2.460
  5989.579 106.00112     3.565    -4.157               3.456
  5989.633 106.00113     2.351    -4.025               3.456
  5989.680      62.0     0.000    -2.377
  5989.741      58.1     3.963    -3.430
  5989.767     607.0     0.828    -3.282               7.650
  5989.787 106.00112     3.696    -4.144               3.456
  5989.798 106.00112     1.949    -4.393               3.456
  5989.870 106.00113     3.501    -4.182               3.456
  5989.962      22.0     3.128    -2.114
  5989.974      75.0     2.871    -1.600
  5990.016      70.1     6.354    -2.260
  5990.042 106.00112     2.120    -4.422               3.456
  5990.050      23.1     4.776    -2.185
  5990.189     607.0     0.750    -3.658               7.650
  5990.260     607.0     0.752    -2.579               7.650
  5990.414      58.1     1.796    -2.120
  5990.416      27.0     2.080    -3.624
  5990.452      25.0     5.349    -1.787
  5990.463     607.0     1.062    -3.753               7.650
  5990.530 106.00112     1.949    -4.421               3.456
  5990.533      22.0     0.048    -4.952
  5990.592      21.0     3.619    -2.338
  5990.602 106.00113     3.501    -4.170               3.456
  5990.617 106.00112     2.120    -4.377               3.456
  5990.627 106.00112     2.120    -4.422               3.456
  5990.667     607.0     0.651    -4.050               7.650
  5990.698     607.0     0.665    -4.741               7.650
  5990.706      26.0     5.341    -4.157
  5990.807 106.00112     2.567    -4.170               3.456
  5990.839      22.1     8.116    -0.105
  5990.857 106.00112     1.949    -4.393               3.456
  5990.879      23.0     2.565    -4.450
  5990.904      24.1     8.614    -4.951
  5990.980       6.0     8.643    -3.070
  5990.990      27.0     1.883    -1.957
  5991.007      90.0     0.789    -1.965
  5991.017      58.1     1.581    -3.040
  5991.080 106.00112     2.567    -4.189               3.456
  5991.105      20.0     5.578    -3.648
  5991.119 106.00113     1.794    -4.586               3.456
  5991.123 106.00112     2.120    -4.377               3.456
  5991.145      24.0     3.395    -2.807
  5991.152      58.1     3.466    -0.860
  5991.162      45.0     1.833    -2.230
  5991.219      22.0     3.866    -3.672
  5991.225     607.0     0.792    -3.539               7.650
  5991.247      70.1     8.055    -0.890
  5991.260      26.0     5.064    -2.479
  5991.274 106.00113     2.937    -4.244               3.456
  5991.309 106.00112     3.631    -4.144               3.456
  5991.314     607.0     0.792    -2.022               7.650
  5991.324 106.00113     3.696    -4.800               3.456
  5991.325     607.0     0.836    -3.288               7.650
  5991.331      42.0     3.444    -1.638
  5991.338 106.00113     1.794    -4.552               3.456
  5991.356 106.00113     2.937    -4.259               3.456
  5991.371      24.1     6.282    -4.481
  5991.376      26.1     3.153    -3.647
  5991.381      23.0     2.578    -4.110
  5991.413      70.1     8.209    -1.180
  5991.417      70.1     6.562    -0.670
  5991.450 106.00113     2.351    -4.034               3.456
  5991.502      69.1     5.322    -2.630
  5991.506      70.1     4.443    -0.590
  5991.597      21.0     3.633    -1.563
  5991.669      25.0     5.087    -2.628
  5991.670      66.0     1.447    -1.390
  5991.690 106.00113     2.351    -4.025               3.456
  5991.708 106.00112     3.632    -4.156               3.456
  5991.780 106.00113     2.532    -4.163               3.456
  5991.798      20.0     6.046    -0.176
  5991.804     607.0     0.750    -3.885               7.650
  5991.827 106.00113     3.696    -4.810               3.456
  5991.847      24.0     3.011    -2.595
  5991.852      21.0     5.661    -2.758
  5991.880    27.0       2.080    -1.850
  5991.909 106.00113     3.567    -4.157               3.456
  5991.941      26.0     5.273    -3.661
  5991.964     607.0     0.916    -2.237               7.650
  5992.053      23.0     1.942    -4.118
  5992.072     607.0     0.916    -3.349               7.650
  5992.089 106.00112     2.667    -4.542               3.456
  5992.150 106.00113     3.567    -4.169               3.456
  5992.179      20.0     6.046    -2.893
  5992.204 106.00113     2.532    -4.170               3.456
  5992.269      58.1     1.666    -3.180
  5992.283 106.00113     2.111    -4.152               3.456
  5992.321      24.0     4.618    -1.440
  5992.322      57.0     0.929    -1.480
  5992.329 106.00112     3.501    -4.182               3.456
  5992.403      26.0     5.348    -4.343
  5992.410      14.0     5.954    -3.107
  5992.422      26.0     4.966    -4.001
  5992.426      24.0     5.564    -3.519
  5992.466      24.1     6.605    -3.735
  5992.467     607.0     0.793    -4.421               7.650
  5992.484      24.0     3.013    -2.640
  5992.488      21.0     5.059    -1.363
  5992.495 106.00113     2.111    -4.124               3.456
  5992.538 106.00113     2.303    -4.605               3.456
  5992.552 106.00113     2.037    -4.352               3.456
  5992.569      58.1     0.808    -2.350
  5992.606      58.1     0.969    -2.810
  5992.621     607.0     0.793    -3.066               7.650
  5992.624      22.1     8.098     0.073
  5992.631     607.0     0.753    -3.287               7.650
  5992.640     607.0     0.753    -3.123               7.650
  5992.642      26.0     4.178    -4.252
  5992.665      58.0     0.548    -0.502
  5992.678 106.00112     3.372    -4.893               3.456
  5992.678     607.0     0.754    -3.157               7.650
  5992.681      21.0     3.633    -1.949
  5992.690     607.0     0.754    -3.060               7.650
  5992.739 106.00113     2.303    -4.605               3.456
  5992.740     607.0     0.751    -3.461               7.650
  5992.747     607.0     0.751    -3.212               7.650
  5992.764 106.00112     2.667    -4.556               3.456
  5992.768 106.00113     2.037    -4.333               3.456
  5992.830      63.0     1.994     0.400
  5992.854      21.0     2.111    -1.469
  5992.895     607.0     0.757    -3.052               7.650
  5992.908     607.0     0.757    -3.014               7.650
  5992.922 106.00112     2.567    -4.170               3.456
  5992.922 106.00112     3.501    -4.170               3.456
  5992.926      69.1     4.461    -0.890
  5992.990 106.00112     2.567    -4.189               3.456
  5992.999      26.0     4.218    -3.440
  5993.019     607.0     0.750    -3.736               7.650
  5993.023     607.0     0.750    -3.340               7.650
  5993.059 106.00112     1.610    -3.499               3.456
  5993.069      23.0     1.218    -3.333
  5993.100     607.0     0.846    -3.296               7.650
  5993.156      21.0     3.619    -1.522
  5993.199     607.0     1.146    -2.968               7.650
  5993.224 106.00112     3.372    -4.880               3.456
  5993.289     607.0     0.759    -2.964               7.650
  5993.294      58.1     1.645    -2.200
  5993.306     607.0     0.759    -2.980               7.650
  5993.350 106.00112     1.611    -3.424               3.456
  5993.353      22.1     8.089    -2.346
  5993.385     607.0     1.146    -4.488               7.650
  5993.440      58.1     2.167    -2.810
  5993.461     607.0     0.808    -2.022               7.650
  5993.477     607.0     0.750    -3.505               7.650
  5993.490 106.00113     2.304    -4.531               3.456
  5993.493 106.00112     2.351    -4.034               3.456
  5993.500       6.0     8.640    -3.237
  5993.515 106.00113     2.732    -4.320               3.456
  5993.515      27.0     2.042    -3.482
  5993.554     607.0     0.808    -3.551               7.650
  5993.594      27.0     4.475    -3.550
  5993.599      58.1     3.886    -2.340
  5993.612 106.00112     1.793    -4.586               3.456
  5993.639     607.0     0.962    -2.716               7.650
  5993.641 106.00113     2.732    -4.305               3.456
  5993.644 106.00113     2.304    -4.531               3.456
  5993.666 106.00113     2.204    -4.102               3.456
  5993.669 106.00113     2.532    -4.163               3.456
  5993.673      44.0     1.461    -2.000
  5993.694      70.1     7.064    -1.210
  5993.764      14.0     5.954    -3.720
  5993.781 106.00112     1.793    -4.552               3.456
  5993.788 106.00112     2.351    -4.025               3.456
  5993.806 106.00113     3.436    -4.196               3.456
  5993.808     607.0     0.962    -4.709               7.650
  5993.814      26.0     4.313    -3.529
  5993.821      58.1     3.708    -2.320
  5993.821     607.0     0.763    -2.888               7.650
  5993.839     607.0     0.763    -2.954               7.650
  5993.845      26.0     5.305    -4.074
  5993.849      62.1     1.348    -1.455
  5993.892     607.0     0.717    -3.246               7.650
  5993.903      58.1     0.809    -2.460
  5993.907 106.00113     2.532    -4.170               3.456
  5993.943      24.0     3.013    -2.503
  5993.970     607.0     0.717    -2.422               7.650
  5993.970      26.0     5.314    -3.748
  5994.000       6.0     8.643    -2.420
  5994.021     607.0     0.752    -3.735               7.650
  5994.086 106.00112     3.567    -4.157               3.456
  5994.094     607.0     1.039    -2.450               7.650
  5994.103      26.0     3.237    -4.549
  5994.129      90.0     0.479    -2.037
  5994.137 106.00113     2.204    -4.091               3.456
  5994.140     607.0     0.752    -2.572               7.650
  5994.237      26.0     5.348    -4.485
  5994.245     607.0     1.039    -3.817               7.650
  5994.264      26.0     4.301    -2.923
  5994.270      23.0     4.258    -2.362
  5994.394      24.0     3.087    -4.748
  5994.399      22.0     2.334    -3.474
  5994.439      23.0     2.684    -2.777
  5994.471 106.00112     3.567    -4.169               3.456
  5994.507 106.00113     3.436    -4.183               3.456
  5994.524      59.1     0.922    -1.850
  5994.600     607.0     0.766    -2.821               7.650
  5994.621     607.0     0.766    -2.936               7.650
  5994.622 106.00112     2.937    -4.244               3.456
  5994.647      62.1     1.413    -1.240
  5994.670      20.0     3.910    -2.006
  5994.683      58.1     2.145    -1.930
  5994.694      24.1     9.007    -4.459
  5994.697      24.1     6.282    -3.947
  5994.706      26.1     7.693    -2.590
  5994.738      26.0     5.357    -3.943
  5994.752      60.0     1.377     0.300
  5994.835     607.0     0.750    -3.505               7.650
  5994.839     607.0     0.750    -3.806               7.650
  5994.859 106.00112     2.937    -4.259               3.456
  5994.868      20.0     3.910    -2.228
  5994.918      58.1     1.582    -3.190
  5994.938      22.1     8.089     0.808
  5994.958      20.0     3.910    -2.705
  5995.029     607.0     0.887    -2.208               7.650
  5995.064     607.0     0.855    -3.303               7.650
  5995.093      62.0     0.282    -1.703
  5995.164     607.0     0.887    -4.031               7.650
  5995.185      20.0     5.390    -4.430
  5995.265      58.1     1.327    -0.960
  5995.294 106.00113     3.502    -4.170               3.456
  5995.316      26.0     5.067    -5.043
  5995.355      40.0     0.730    -2.410
  5995.393      26.0     4.966    -3.835
  5995.413      23.0     2.582    -4.564
  5995.416      21.0     5.557    -2.433
  5995.448      58.1     1.639    -1.090
  5995.474     607.0     0.770    -2.762               7.650
  5995.498     607.0     0.770    -2.923               7.650
  5995.514      20.0     5.689    -3.194
  5995.521 106.00113     3.503    -4.182               3.456
  5995.541      58.1     0.529    -3.390
  5995.582 106.00112     1.794    -4.586               3.456
  5995.589 106.00112     1.794    -4.552               3.456
  5995.661     607.0     0.731    -2.414               7.650
  5995.663      22.0     3.062    -0.851
  5995.665     607.0     0.664    -3.569               7.650
  5995.668      22.1     8.082    -0.348
  5995.668      27.1     8.712    -3.092
  5995.699      69.1     4.956    -3.930
  5995.708      22.1     8.116     0.184
  5995.744      75.0     3.365    -0.850
  5995.754 106.00112     2.351    -4.034               3.456
  5995.764     607.0     0.751    -3.266               7.650
  5995.771     607.0     0.751    -3.577               7.650
  5995.775      69.1     4.030    -2.600
  5995.842      58.1     1.495    -3.460
  5995.844      26.1     9.100    -3.449
  5995.848 106.00112     2.351    -4.025               3.456
  5995.914      26.0     4.607    -2.558
  5995.932      22.0     3.351    -2.827
  5995.944      26.0     5.010    -1.673
  5995.988 106.00113     3.372    -4.893               3.456
  5996.000      22.0     1.879    -1.740
  5996.003      76.0     4.261     0.350
  5996.018     607.0     1.146    -2.960               7.650
  5996.045       6.0     8.640    -2.610
  5996.058      26.0     5.330    -5.053
  5996.060      59.0     1.201    -0.166
  5996.089     607.0     0.916    -2.222               7.650
  5996.107 106.00112     2.532    -4.163               3.456
  5996.127      69.1     3.860    -1.550
  5996.139      20.0     4.535    -4.800
  5996.161    16.1      14.067    -1.281
  5996.219      26.0     3.274    -5.089
  5996.228      64.1     2.317    -1.770
  5996.243 106.00113     2.112    -4.124               3.456
  5996.258      23.0     1.893    -4.700
  5996.274      58.1     4.257    -3.360
  5996.326 106.00112     2.111    -4.124               3.456
  5996.326 106.00112     2.111    -4.152               3.456
  5996.326 106.00113     2.112    -4.152               3.456
  5996.344      25.0     5.673    -3.639
  5996.348     607.0     0.962    -4.708               7.650
  5996.362 106.00112     2.037    -4.333               3.456
  5996.398 106.00112     2.532    -4.170               3.456
  5996.398 106.00112     2.037    -4.352               3.456
  5996.412 106.00112     3.436    -4.196               3.456
  5996.453     607.0     1.235    -4.209               7.650
  5996.456      60.0     1.232     0.110
  5996.491      26.0     4.283    -2.910
  5996.518     607.0     0.962    -2.709               7.650
  5996.560     607.0     0.775    -2.708               7.650
  5996.586     607.0     0.775    -2.914               7.650
  5996.603      26.0     5.273    -3.793
  5996.618 106.00113     2.205    -4.102               3.456
  5996.627      24.0     3.013    -2.832
  5996.639      24.1     6.487    -3.680
  5996.693      27.0     4.475    -1.804
  5996.699      69.1     4.856    -2.050
  5996.727      28.0     4.236    -1.060
  5996.765      25.0     4.258    -4.162
  5996.789     607.0     0.753    -3.080               7.650
  5996.797     607.0     0.753    -3.449               7.650
  5996.844 106.00113     2.499    -4.167               3.456
  5996.850      70.1     7.020    -1.990
  5996.851 106.00113     2.205    -4.091               3.456
  5996.905      27.0     4.395    -0.929
  5996.970 106.00112     3.436    -4.183               3.456
  5997.031      58.1     2.008    -0.970
  5997.082      21.0     4.525    -1.800
  5997.085 106.00113     3.372    -4.880               3.456
  5997.087    56.0       1.120    -0.350
  5997.132      71.0     2.803     0.370
  5997.132 106.00112     1.755    -4.781               3.456
  5997.145      22.0     1.502    -4.645
  5997.150 106.00112     1.755    -4.615               3.456
  5997.178      26.0     4.256    -4.627
  5997.193     607.0     0.865    -3.311               7.650
  5997.220      24.0     4.778    -3.271
  5997.229      73.0     1.655    -0.910
  5997.269 106.00113     2.499    -4.164               3.456
  5997.301 106.00112     2.732    -4.305               3.456
  5997.310      92.0     0.775    -1.078
  5997.313      24.0     3.435    -4.635
  5997.326      25.0     5.714    -3.156
  5997.344 106.00112     2.732    -4.320               3.456
  5997.345     607.0     1.039    -2.440               7.650
  5997.390      69.1     4.329    -3.090
  5997.440     607.0     0.751    -3.806               7.650
  5997.451      24.0     5.957    -3.711
  5997.477 106.00112     3.699    -4.613               3.456
  5997.499      21.0     3.807    -2.101
  5997.503 106.00112     2.303    -4.605               3.456
  5997.589      28.0     4.236    -1.275
  5997.618 106.00112     3.502    -4.170               3.456
  5997.625      22.1     8.093    -1.049
  5997.675      26.0     5.064    -2.157
  5997.679 106.00113     2.039    -4.333               3.456
  5997.686      23.0     2.578    -3.930
  5997.704 106.00112     2.303    -4.605               3.456
  5997.725      26.0     4.966    -4.115
  5997.762      41.0     1.178    -1.510
  5997.777      26.0     4.608    -1.622
  5997.816     607.0     0.780    -2.660               7.650
  5997.830 106.00113     2.039    -4.352               3.456
  5997.844     607.0     0.780    -2.908               7.650
  5997.895      22.1     8.108    -1.623
  5997.909 106.00112     2.204    -4.102               3.456
  5997.959      92.0     0.530    -1.769
  5997.968      14.0     5.954    -2.214
  5997.985 106.00112     3.503    -4.182               3.456
  5997.999 106.00112     2.532    -4.163               3.456
  5998.014     607.0     1.085    -3.760               7.650
  5998.060 106.00113     2.101    -4.466               3.456
  5998.088      24.0     3.013    -4.211
  5998.103     607.0     0.754    -2.939               7.650
  5998.103 106.00112     2.532    -4.170               3.456
  5998.114     607.0     0.754    -3.365               7.650
  5998.154 106.00112     3.374    -4.880               3.456
  5998.169     607.0     0.808    -3.547               7.650
  5998.186 106.00112     3.699    -4.602               3.456
  5998.204 106.00112     2.204    -4.091               3.456
  5998.229 106.00113     1.656    -4.708               3.456
  5998.262     607.0     0.808    -2.009               7.650
  5998.334      58.1     1.706    -2.270
  5998.346     607.0     0.887    -4.029               7.650
  5998.355 106.00113     3.372    -4.210               3.456
  5998.370 106.00112     2.304    -4.531               3.456
  5998.456     607.0     1.380    -4.872               7.650
  5998.463 106.00112     3.374    -4.893               3.456
  5998.482     607.0     0.887    -2.200               7.650
  5998.499      24.0     4.389    -1.969
  5998.503 106.00113     2.102    -4.466               3.456
  5998.508      58.1     2.250    -2.670
  5998.510 106.00113     2.499    -4.167               3.456
  5998.521 106.00113     2.314    -4.050               3.456
  5998.525 106.00112     2.304    -4.531               3.456
  5998.561 106.00113     2.869    -4.276               3.456
  5998.575 106.00113     1.656    -4.682               3.456
  5998.687      22.0     2.345    -3.295
  5998.697      70.1     6.719    -1.330
  5998.751      25.1     6.494    -4.914
  5998.769 106.00113     2.499    -4.164               3.456
  5998.841 106.00113     2.102    -4.412               3.456
  5998.848      28.0     4.105    -2.329
  5998.939      26.0     3.634    -4.079
  5998.964      24.0     3.890    -3.925
  5998.974 106.00113     2.314    -4.035               3.456
  5999.012      22.0     2.175    -0.951
  5999.025 106.00113     3.372    -4.196               3.456
  5999.071      64.0     0.812    -1.290
  5999.079 106.00113     2.869    -4.260               3.456
  5999.142      22.0     3.148    -3.860
  5999.171      26.0     4.220    -2.378
  5999.181      26.0     4.209    -4.701
  5999.219 106.00113     2.102    -4.412               3.456
  5999.226      22.0     3.718    -2.610
  5999.250     607.0     0.785    -2.615               7.650
  5999.269     607.0     0.936    -2.226               7.650
  5999.282     607.0     0.785    -2.906               7.650
  5999.327      23.1     6.664    -2.924
  5999.342 106.00113     3.438    -4.183               3.456
  5999.380     607.0     0.936    -3.356               7.650
  5999.401      58.1     3.963    -2.900
  5999.408      92.0     0.471    -1.670
  5999.430     7.0      11.603    -1.406
  5999.514     607.0     0.757    -2.825               7.650
  5999.528     607.0     0.757    -3.306               7.650
  5999.545     607.0     0.876    -3.319               7.650
  5999.547 106.00113     3.438    -4.196               3.456
  5999.574      42.0     3.302    -1.445
  5999.578      69.1     4.940    -1.800
  5999.605      24.1     8.215    -4.766
  5999.629     607.0     0.753    -3.528               7.650
  5999.658      22.0     2.236    -1.479
  5999.682      26.0     5.314    -4.280
  5999.850    56.1       6.201    -1.210
  5999.867      20.0     5.578    -3.673
  5999.907 106.00113     2.735    -4.305               3.456
  5999.930      15.0     8.115    -2.500
  5999.945      70.1     7.020    -0.940
