DEIMOS
  5900.030     607.0     0.904    -4.448               7.650
  5900.034     607.0     0.651    -2.307               7.650
  5900.089      23.0     2.581    -3.368
  5900.127     107.0     3.638    -3.314               3.450
  5900.135 106.00113     2.499    -4.356               3.456
  5900.239      20.0     5.955    -3.945
  5900.337 106.00112     3.094    -4.245               3.456
  5900.337 106.00112     3.094    -4.232               3.456
  5900.366     607.0     1.681    -1.709               7.650
  5900.406      60.1     0.933    -1.350
  5900.413      23.0     4.090    -2.484
  5900.435      20.0     5.321    -3.634
  5900.441 106.00113     2.499    -4.358               3.456
  5900.469 106.00113     2.279    -4.244               3.456
  5900.498      24.0     4.389    -2.616
  5900.506     607.0     1.681    -3.549               7.650
  5900.545      26.0     5.273    -4.375
  5900.574      41.0     1.178    -0.960
  5900.672      58.0     0.000    -1.644
  5900.681      57.0     0.897    -1.680
  5900.718      24.0     3.011    -3.054
  5900.758 106.00113     2.506    -4.024               3.456
  5900.765      23.0     4.073    -2.670
  5900.817      69.1     4.660    -2.280
  5900.847      70.1     6.076    -1.670
  5900.848      58.1     1.930    -3.170
  5900.851      70.1     8.078    -2.110
  5900.886     607.0     0.591    -2.338               7.650
  5900.934     607.0     0.591    -3.413               7.650
  5900.952      26.0     3.642    -5.057
  5901.009      23.1     9.089    -0.494
  5901.046      69.1     4.459    -3.140
  5901.054      69.1     5.104    -1.920
  5901.068 106.00113     2.897    -4.513               3.456
  5901.075      40.0     0.071    -2.590
  5901.113     607.0     0.776    -3.644               7.650
  5901.142     607.0     0.961    -4.155               7.650
  5901.202      58.1     0.977    -2.880
  5901.228 106.00113     2.897    -4.500               3.456
  5901.235     607.0     0.740    -2.776               7.650
  5901.242 106.00113     2.772    -4.016               3.456
  5901.256 106.00113     2.506    -4.005               3.456
  5901.283      58.0     0.732    -0.600
  5901.294      24.1     8.354    -2.306
  5901.333 106.00113     2.772    -3.998               3.456
  5901.361 106.00112     1.962    -4.433               3.456
  5901.368      25.1     7.758    -2.988
  5901.372     607.0     1.725    -4.384               7.650
  5901.379     607.0     0.740    -4.664               7.650
  5901.386      58.0     1.067    -0.517
  5901.394      26.1     7.804    -2.070
  5901.463      42.0     2.260    -1.554
  5901.531      26.0     4.220    -2.542
  5901.538 106.00112     1.962    -4.464               3.456
  5901.570      69.0     2.318    -0.840
  5901.574     607.0     1.725    -2.792               7.650
  5901.605      22.1     8.089    -0.916
  5901.611 106.00112     1.455    -3.786               3.456
  5901.645     607.0     0.664    -2.459               7.650
  5901.678 106.00113     2.280    -4.260               3.456
  5901.699      25.1     6.671    -1.603
  5901.709     607.0     0.664    -3.218               7.650
  5901.744      23.0     2.581    -4.635
  5901.745     607.0     0.574    -3.382               7.650
  5901.788     607.0     0.574    -2.367               7.650
  5901.855     607.0     0.539    -3.144               7.650
  5901.883      23.0     3.116    -3.867
  5901.885     607.0     0.539    -2.922               7.650
  5901.911      73.0     1.394    -1.490
  5901.948      22.0     2.677    -4.315
  5901.967 106.00112     1.456    -3.708               3.456
  5901.988      57.1     2.763    -0.945
  5902.026 106.00113     2.280    -4.244               3.456
  5902.033      69.1     3.764    -2.550
  5902.042     607.0     1.788    -3.435               7.650
  5902.075      23.0     4.232    -2.368
  5902.081      68.1     0.055    -2.797
  5902.112     607.0     1.114    -4.837               7.650
  5902.123      14.0     5.616    -2.871
  5902.171      69.1     4.778    -2.320
  5902.172     607.0     0.795    -2.534               7.650
  5902.175      24.0     3.011    -2.594
  5902.179      23.1     9.103    -0.780
  5902.211 106.00112     2.499    -4.356               3.456
  5902.217     607.0     0.641    -2.467               7.650
  5902.261     607.0     0.524    -3.605               7.650
  5902.293     607.0     0.795    -3.755               7.650
  5902.360      62.1     1.798    -0.910
  5902.448      26.0     4.584    -4.651
  5902.450      66.1     2.661    -0.770
  5902.473      26.0     4.593    -1.940
  5902.490      92.0     0.480    -1.650
  5902.500 106.00112     2.499    -4.358               3.456
  5902.551      58.1     2.949    -1.250
  5902.568      24.0     5.928    -3.728
  5902.598      62.0     0.282    -1.423
  5902.622      74.0     2.387    -1.270
  5902.734      63.0     2.450    -0.140
  5902.775 106.00113     3.415    -4.146               3.456
  5902.786      70.1     5.510    -2.610
  5902.824    26.1      10.714     0.420
  5902.831      23.0     1.860    -3.074
  5902.887      23.0     1.950    -3.715
  5902.909     607.0     0.904    -3.012               7.650
  5902.911      39.0     2.085    -0.780
  5902.953 106.00113     3.416    -4.158               3.456
  5902.958     607.0     1.564    -3.261               7.650
  5903.009     607.0     1.495    -3.872               7.650
  5903.082     607.0     1.564    -2.060               7.650
  5903.110      25.1     6.865    -2.541
  5903.205      24.0     5.935    -3.528
  5903.315    22.0       1.067    -2.145
  5903.331     607.0     0.558    -2.802               7.650
  5903.377      70.1     5.910    -0.890
  5903.377     607.0     1.681    -3.547               7.650
  5903.391     607.0     0.561    -3.659               7.650
  5903.392    49.1      13.371     0.330
  5903.409      26.1     7.274    -3.613
  5903.482     607.0     0.561    -2.689               7.650
  5903.486      62.0     1.543    -0.151
  5903.514      26.0     5.305    -4.542
  5903.517     607.0     1.681    -1.701               7.650
  5903.567      21.0     3.791    -3.317
  5903.692 106.00112     2.772    -3.998               3.456
  5903.720 106.00112     2.506    -4.024               3.456
  5903.724      22.1     8.056    -0.456
  5903.727 106.00112     2.279    -4.260               3.456
  5903.790      24.0     5.611    -2.245
  5903.800      41.0     1.407    -1.840
  5903.821 106.00112     2.772    -4.016               3.456
  5903.825 106.00112     2.499    -4.356               3.456
  5903.825      22.0     3.569    -3.402
  5903.855      29.0     5.348    -2.190
  5903.880      76.0     2.466    -2.050
  5903.930     607.0     0.670    -2.307               7.650
  5903.933      26.0     4.209    -4.321
  5903.935      69.1     4.563    -1.490
  5903.947      25.0     4.435    -3.836
  5903.954 106.00112     2.499    -4.358               3.456
  5903.975      24.1     8.355    -1.745
  5903.999 106.00112     2.506    -4.005               3.456
  5904.035     607.0     0.670    -3.961               7.650
  5904.046      64.1     1.621    -0.710
  5904.048 106.00112     2.279    -4.244               3.456
  5904.075      14.0     5.616    -1.729
  5904.163      25.0     4.435    -4.197
  5904.164      14.0     5.954    -2.935
  5904.182     607.0     0.740    -4.662               7.650
  5904.209      24.0     5.671    -0.768
  5904.278      57.0     0.998    -1.400
  5904.292 106.00112     2.897    -4.500               3.456
  5904.306      22.1     8.098    -1.109
  5904.309 106.00113     3.096    -4.232               3.456
  5904.323 106.00112     2.897    -4.513               3.456
  5904.325     607.0     0.740    -2.768               7.650
  5904.341      22.0     3.215    -1.086
  5904.414      23.1     8.035    -2.266
  5904.452      23.1     9.117    -0.965
  5904.463      59.1     1.244    -0.673
  5904.544      20.0     5.585    -4.843
  5904.552      64.0     0.124    -1.072
  5904.650     107.0     3.558    -3.709               3.450
  5904.718      58.1     3.435    -0.230
  5904.720      26.1     8.230    -4.974
  5904.724     107.0     3.558    -3.709               3.450
  5904.791      21.0     5.028    -2.864
  5904.804     607.0     0.600    -2.312               7.650
  5904.854     607.0     0.600    -3.419               7.650
  5904.888 106.00113     3.096    -4.245               3.456
  5904.940 106.00112     3.415    -4.146               3.456
  5904.953     607.0     0.582    -3.390               7.650
  5904.999     607.0     0.582    -2.339               7.650
  5905.013      20.0     5.586    -4.282
  5905.018      15.0     7.213    -3.270
  5905.113      58.1     1.013    -3.130
  5905.149      69.1     4.924    -1.590
  5905.174     607.0     0.545    -3.141               7.650
  5905.207     607.0     0.545    -2.875               7.650
  5905.219      24.0     3.449    -3.914
  5905.237     107.0     3.668    -3.256               3.450
  5905.271      69.1     4.030    -3.720
  5905.271     607.0     0.652    -2.449               7.650
  5905.272 106.00113     2.508    -4.024               3.456
  5905.275 106.00112     3.416    -4.158               3.456
  5905.373      14.0     8.034    -4.679
  5905.397 106.00113     2.508    -4.005               3.456
  5905.446      23.1     9.089    -0.962
  5905.446 106.00112     2.280    -4.260               3.456
  5905.455      26.0     4.988    -2.676
  5905.516      24.1     6.686    -4.421
  5905.565      27.0     3.632    -2.084
  5905.597     607.0     0.792    -3.652               7.650
  5905.607 106.00112     2.280    -4.244               3.456
  5905.671      26.0     4.652    -0.860
  5905.674     107.0     3.668    -3.256               3.450
  5905.690      25.0     4.755    -2.746
  5905.764      69.1     4.461    -0.740
  5905.849     607.0     0.795    -2.522               7.650
  5905.985      58.0     0.294    -1.034
  5906.035     607.0     0.528    -3.577               7.650
  5906.058      68.0     0.863    -1.533
  5906.060      62.0     0.185    -1.793
  5906.099      23.0     2.583    -3.094
  5906.182      23.0     2.678    -3.035
  5906.242      20.0     5.578    -3.505
  5906.258      26.0     4.231    -3.858
  5906.295      22.0     3.199    -1.391
  5906.298      58.1     1.748    -1.620
  5906.418      22.0     3.319    -1.742
  5906.418      14.0     5.954    -3.243
  5906.446      22.0     1.460    -4.522
  5906.494      28.0     4.167    -1.875
  5906.624      60.1     0.859    -1.325
  5906.702      25.1     7.760    -4.962
  5906.745     607.0     1.478    -3.583               7.650
  5906.801     607.0     1.628    -2.178               7.650
  5906.828      76.0     2.466    -2.050
  5906.842      24.1     4.297    -4.824
  5906.920      26.1     6.209    -4.170
  5907.003      25.0     5.701    -4.064
  5907.009     607.0     0.578    -2.683               7.650
  5907.013 106.00112     3.096    -4.232               3.456
  5907.051      23.0     3.131    -1.956
  5907.073     607.0     0.616    -3.131               7.650
  5907.146 106.00113     2.717    -4.035               3.456
  5907.184      69.1     4.235    -3.160
  5907.207     607.0     0.498    -3.980               7.650
  5907.257      21.0     5.029    -3.147
  5907.265      58.1     1.014    -3.500
  5907.309      58.1     2.470    -3.230
  5907.380      26.1     7.806    -2.308
  5907.400      25.1     9.007    -3.173
  5907.414      45.0     1.999    -2.140
  5907.483      58.0     1.025    -0.631
  5907.633      56.0     1.120    -1.030
  5907.638 106.00113     2.717    -4.016               3.456
  5907.642     607.0     0.566    -2.765               7.650
  5907.711     607.0     0.677    -2.441               7.650
  5907.736      21.0     3.598    -4.137
  5907.763 106.00112     3.096    -4.245               3.456
  5907.778     607.0     0.677    -3.227               7.650
  5907.802     607.0     0.670    -3.959               7.650
  5907.863      26.0     3.695    -3.642
  5907.908     607.0     0.670    -2.296               7.650
  5907.914 106.00113     3.343    -4.171               3.456
  5908.060      22.1     8.108    -1.852
  5908.081      23.0     1.955    -4.944
  5908.141      23.0     2.115    -2.751
  5908.144 106.00112     2.508    -4.005               3.456
  5908.144      27.0     3.775    -4.281
  5908.211      20.0     6.016    -3.051
  5908.235      24.0     3.013    -2.120
  5908.238 106.00112     2.508    -4.024               3.456
  5908.259      26.0     5.341    -4.063
  5908.350      70.1     3.965    -1.320
  5908.371      21.0     3.607    -3.964
  5908.389      22.1     8.045    -0.879
  5908.396     607.0     0.591    -3.398               7.650
  5908.444     607.0     0.591    -2.312               7.650
  5908.457      69.1     4.254    -1.550
  5908.536      58.1     2.004    -2.080
  5908.601 106.00113     3.343    -4.159               3.456
  5908.709     607.0     0.551    -3.140               7.650
  5908.741      27.0     4.232    -2.990
  5908.745     607.0     0.551    -2.832               7.650
  5908.776 106.00113     2.900    -4.500               3.456
  5908.808      22.0     3.943    -3.900
  5908.808      24.0     3.113    -4.319
  5908.831     607.0     0.664    -2.432               7.650
  5908.895      26.0     5.070    -4.397
  5908.897     607.0     0.609    -2.287               7.650
  5908.949     607.0     0.609    -3.426               7.650
  5908.954      76.0     3.754    -1.000
  5909.035      62.0     0.282    -1.541
  5909.035      22.0     3.943    -2.787
  5909.100     607.0     0.503    -4.695               7.650
  5909.170      66.1     1.998    -1.460
  5909.171      26.0     4.985    -4.412
  5909.237      68.0     1.159    -0.698
  5909.241 106.00113     2.339    -4.065               3.456
  5909.294      58.1     0.318    -3.480
  5909.296      69.1     4.854    -1.530
  5909.314 106.00113     2.900    -4.513               3.456
  5909.338 106.00113     2.468    -4.359               3.456
  5909.342 106.00112     3.565    -4.859               3.456
  5909.404      26.1     9.849    -3.779
  5909.443 106.00113     2.339    -4.048               3.456
  5909.604     607.0     0.987    -4.161               7.650
  5909.609      24.0     5.671    -1.409
  5909.779     607.0     1.628    -3.551               7.650
  5909.817 106.00113     2.468    -4.353               3.456
  5909.844      26.0     5.033    -2.476
  5909.858      58.0     0.516    -0.436
  5909.862      60.1     1.160    -1.025
  5909.910      63.0     1.944    -1.010
  5909.921      26.0     4.154    -3.928
  5909.939 106.00112     2.717    -4.035               3.456
  5909.948      26.0     4.584    -4.400
  5909.964      58.1     2.213    -2.660
  5909.974    26.0       3.209    -2.587
  5909.985      26.0     5.010    -4.024
  5909.988 106.00112     3.565    -4.848               3.456
  5910.032     607.0     0.534    -3.556               7.650
  5910.051      22.1     1.566    -3.240
  5910.083      21.0     3.791    -3.410
  5910.112      58.0     0.159    -0.789
  5910.222 106.00112     2.717    -4.016               3.456
  5910.288     607.0     0.808    -3.660               7.650
  5910.298      69.1     3.506    -3.590
  5910.337       6.0     9.003    -4.350
  5910.344     607.0     0.616    -4.377               7.650
  5910.376     607.0     0.818    -2.525               7.650
  5910.393 106.00112     3.343    -4.171               3.456
  5910.421     607.0     1.691    -2.410               7.650
  5910.475     607.0     0.616    -3.125               7.650
  5910.487      26.0     4.209    -4.558
  5910.500     607.0     0.818    -3.762               7.650
  5910.652 106.00113     2.080    -4.346               3.456
  5910.724     607.0     0.932    -3.014               7.650
  5910.740     607.0     1.586    -2.057               7.650
  5910.750 106.00113     2.468    -4.359               3.456
  5910.764      62.0     1.527    -0.676
  5910.855      25.0     6.149    -3.538
  5910.865      25.0     5.724    -3.430
  5910.886     607.0     0.933    -4.453               7.650
  5910.928 106.00112     3.343    -4.159               3.456
  5911.078 106.00113     2.469    -4.353               3.456
  5911.133      58.1     3.557    -1.710
  5911.148      27.0     5.149    -3.223
  5911.162      69.1     3.860    -1.260
  5911.180 106.00113     2.080    -4.332               3.456
  5911.296      58.1     1.274    -3.700
  5911.344 106.00113     2.719    -4.035               3.456
  5911.413     607.0     0.578    -3.667               7.650
  5911.435       6.0     9.003    -3.930
  5911.445 106.00113     2.719    -4.016               3.456
  5911.506     607.0     0.578    -2.675               7.650
  5911.509      22.0     3.186    -1.645
  5911.545     607.0     0.690    -2.424               7.650
  5911.615     607.0     0.690    -3.235               7.650
  5911.678     607.0     1.706    -1.701               7.650
  5911.768     107.0     3.703    -3.206               3.450
  5911.771 106.00113     1.806    -4.646               3.456
  5911.819 106.00113     2.232    -4.298               3.456
  5911.822     607.0     1.706    -3.555               7.650
  5911.847 106.00112     2.900    -4.500               3.456
  5911.854 106.00113     1.490    -3.714               3.456
  5911.973      14.0     5.619    -1.764
  5911.982     607.0     0.766    -2.768               7.650
  5912.026 106.00113     2.232    -4.282               3.456
  5912.041     607.0     0.600    -3.406               7.650
  5912.082 106.00113     1.806    -4.630               3.456
  5912.085    18.0      12.907    -1.782
  5912.087     607.0     0.690    -2.296               7.650
  5912.092     607.0     0.600    -2.287               7.650
  5912.112      58.1     1.412    -2.540
  5912.129     607.0     0.767    -4.670               7.650
  5912.152     607.0     0.574    -2.731               7.650
  5912.166 106.00113     1.490    -3.637               3.456
  5912.194      24.1     8.184    -4.291
  5912.195     607.0     0.690    -3.969               7.650
  5912.198      24.0     5.462    -3.266
  5912.250      58.1     4.454    -1.830
  5912.253 106.00112     2.339    -4.048               3.456
  5912.295 106.00112     2.339    -4.065               3.456
  5912.300      26.0     4.607    -3.828
  5912.315     107.0     3.703    -3.206               3.450
  5912.397      24.0     3.845    -3.845
  5912.446     107.0     3.573    -3.566               3.450
  5912.447     607.0     0.558    -3.141               7.650
  5912.485     607.0     0.558    -2.792               7.650
  5912.487      27.0     4.232    -3.820
  5912.568     107.0     3.573    -3.566               3.450
  5912.578 106.00112     2.900    -4.513               3.456
  5912.579       6.0     9.003    -2.620
  5912.582      69.0     3.164    -0.167
  5912.603      21.0     3.598    -0.699
  5912.617      62.0     1.339    -0.354
  5912.649     607.0     0.677    -2.415               7.650
  5912.656      58.1     2.108    -0.690
  5912.676      23.1     2.557    -4.272
  5912.725 106.00113     2.081    -4.346               3.456
  5912.920      58.0     0.589    -0.452
  5912.979      69.1     3.955    -1.930
  5913.003     607.0     1.691    -3.908               7.650
  5913.021      26.0     5.314    -3.627
  5913.078 106.00113     2.081    -4.332               3.456
  5913.113      26.1     9.100    -4.252
  5913.131     607.0     1.586    -4.717               7.650
  5913.183      22.1     8.108    -0.758
  5913.183     607.0     1.691    -2.405               7.650
  5913.188     607.0     0.619    -2.263               7.650
  5913.208 106.00112     2.468    -4.359               3.456
  5913.223     607.0     1.146    -4.842               7.650
  5913.242     607.0     0.619    -3.434               7.650
  5913.243      58.1     1.520    -2.620
  5913.320      24.0     4.440    -4.216
  5913.346      26.0     4.584    -5.047
  5913.447      24.0     5.094    -3.658
  5913.487      69.1     4.003    -2.950
  5913.519 106.00112     2.468    -4.353               3.456
  5913.529      64.1     2.277    -0.210
  5913.543      26.1     9.112    -4.161
  5913.572      62.0     1.761    -0.057
  5913.697      22.1     8.071    -0.025
  5913.706     607.0     0.933    -3.005               7.650
  5913.728      22.0     0.021    -4.198
  5913.757      25.0     5.703    -4.063
  5913.771      26.1     7.845    -2.071
  5913.788      24.1     6.119    -2.768
  5913.844      69.1     4.856    -2.340
  5913.878      26.1     9.100    -4.314
  5913.890      62.1     0.933    -1.700
  5913.998     607.0     0.818    -2.513               7.650
  5914.033 106.00112     2.719    -4.016               3.456
  5914.051      69.1     4.684    -1.990
  5914.093      22.1     8.089    -0.275
  5914.112      26.0     4.608    -0.505
  5914.142 106.00112     2.719    -4.035               3.456
  5914.184 106.00113     2.341    -4.048               3.456
  5914.199     607.0     1.586    -3.267               7.650
  5914.201      26.0     4.608    -0.261
  5914.205 106.00113     3.565    -4.859               3.456
  5914.216     607.0     0.539    -3.542               7.650
  5914.256      69.1     4.355    -2.510
  5914.273      42.0     2.680    -2.353
  5914.282      23.1     2.556    -3.602
  5914.299 106.00113     3.345    -4.159               3.456
  5914.327     607.0     1.587    -2.050               7.650
  5914.373 106.00113     2.341    -4.065               3.456
  5914.376 106.00112     3.567    -4.848               3.456
  5914.386      90.1     1.188    -1.971
  5914.392      60.0     1.478    -0.110
  5914.401      23.1     9.086    -2.640
  5914.446 106.00112     2.080    -4.346               3.456
  5914.460      21.0     5.529    -2.818
  5914.471 106.00113     3.346    -4.171               3.456
  5914.527      23.0     3.116    -4.008
  5914.538      26.1     8.038    -2.557
  5914.562      24.1     6.578    -4.631
  5914.621 106.00112     2.468    -4.359               3.456
  5914.621      23.1     9.117    -1.021
  5914.690     607.0     1.706    -3.553               7.650
  5914.691      24.0     3.122    -4.675
  5914.714      90.0     0.903    -1.758
  5914.719 106.00112     3.567    -4.859               3.456
  5914.737 106.00112     2.232    -4.282               3.456
  5914.740      14.0     8.050    -4.379
  5914.765 106.00112     2.080    -4.332               3.456
  5914.782 106.00112     2.469    -4.353               3.456
  5914.800 106.00112     2.232    -4.298               3.456
  5914.813      58.0     0.398    -1.252
  5914.835     607.0     1.706    -1.693               7.650
  5914.908      62.0     0.282    -1.967
  5914.911     607.0     0.766    -4.668               7.650
  5914.919 106.00113     2.246    -4.277               3.456
  5914.921      70.1     6.354    -1.570
  5914.956      24.0     3.144    -3.691
  5914.963      26.1     9.654    -2.263
  5915.058     607.0     0.767    -2.760               7.650
  5915.111 106.00112     1.806    -4.646               3.456
  5915.125 106.00112     1.806    -4.630               3.456
  5915.167     607.0     0.825    -3.668               7.650
  5915.262    49.1      13.371    -0.150
  5915.279      28.1     6.764    -4.594
  5915.330     607.0     0.596    -2.670               7.650
  5915.385      92.0     0.000    -1.125
  5915.423 106.00113     3.565    -4.848               3.456
  5915.430 106.00113     2.247    -4.256               3.456
  5915.458       6.0     9.003    -4.480
  5915.494      14.0     5.954    -1.687
  5915.552      27.0     2.137    -2.000
  5915.596      58.1     0.320    -2.660
  5915.601 106.00113     1.807    -4.646               3.456
  5915.622       6.0     9.003    -3.100
  5915.647 106.00113     1.807    -4.630               3.456
  5915.741      63.0     1.932    -0.210
  5915.786      70.1     7.411    -1.970
  5915.836     607.0     0.703    -2.407               7.650
  5915.884     607.0     0.690    -3.966               7.650
  5915.891     607.0     0.609    -3.414               7.650
  5915.909     607.0     0.703    -3.244               7.650
  5915.944     607.0     0.609    -2.264               7.650
  5915.958      59.0     0.946    -0.407
  5915.960      24.0     3.144    -2.437
  5915.993     607.0     0.690    -2.285               7.650
  5916.031      26.0     4.991    -3.102
  5916.040      69.0     2.890    -1.370
  5916.084      20.0     5.578    -3.889
  5916.221     607.0     1.761    -2.791               7.650
  5916.245      21.0     3.807    -1.928
  5916.247    26.0       2.452    -2.994
  5916.313      58.1     2.473    -1.620
  5916.343 106.00113     3.020    -4.259               3.456
  5916.354      62.0     0.036    -1.921
  5916.354      23.1     2.557    -2.205
  5916.376      26.0     5.348    -4.405
  5916.397     607.0     0.566    -3.144               7.650
  5916.420 106.00113     2.247    -4.277               3.456
  5916.427      27.0     3.409    -4.107
  5916.429    12.1      11.569    -1.870
  5916.438     607.0     0.566    -2.755               7.650
  5916.457      68.0     0.863    -1.695
  5916.480      26.0     4.580    -2.966
  5916.504 106.00113     3.020    -4.246               3.456
  5916.508      73.0     1.462    -1.920
  5916.522 106.00112     2.081    -4.346               3.456
  5916.554      26.0     4.191    -3.202
  5916.597     607.0     0.513    -3.988               7.650
  5916.606 106.00113     1.657    -3.138               3.456
  5916.630 106.00112     3.345    -4.159               3.456
  5916.648     607.0     1.521    -3.878               7.650
  5916.665 106.00112     2.081    -4.332               3.456
  5916.690      24.0     3.888    -2.744
  5916.735     607.0     0.690    -2.399               7.650
  5916.742 106.00113     1.657    -3.068               3.456
  5916.749      64.0     0.881    -0.940
  5916.758      24.0     3.144    -2.207
  5916.788 106.00113     2.247    -4.256               3.456
  5916.797      69.1     5.188    -1.880
  5916.798      27.0     4.916    -1.022
  5916.818     607.0     0.582    -2.700               7.650
  5916.835     107.0     3.546    -3.696               3.450
  5916.844      27.0     2.080    -4.729
  5916.848     107.0     3.546    -3.696               3.450
  5916.858 106.00113     2.451    -4.043               3.456
  5916.935      70.1     7.409    -2.280
  5916.950      26.0     5.070    -4.746
  5916.956 106.00112     3.346    -4.171               3.456
  5916.969      58.1     2.281    -1.550
  5916.998 106.00112     2.341    -4.048               3.456
  5917.352 106.00113     2.451    -4.024               3.456
  5917.369      22.0     2.578    -3.402
  5917.408      26.1     9.694    -4.282
  5917.432 106.00112     2.341    -4.065               3.456
  5917.451      60.1     1.768    -1.190
  5917.485      23.1     4.244    -3.277
  5917.512      26.1     9.112    -4.403
  5917.537      24.0     3.849    -2.774
  5917.586 106.00113     2.665    -4.055               3.456
  5917.598      42.0     3.302    -1.878
  5917.608      24.0     5.944    -1.179
  5917.636      57.0     0.131    -1.800
  5917.660     607.0     0.630    -2.241               7.650
  5917.678 106.00113     2.234    -4.282               3.456
  5917.718     607.0     0.630    -3.442               7.650
  5917.729      58.1     3.860    -3.040
  5917.734      25.1     7.757    -3.457
  5917.755      58.1     4.235    -1.670
  5917.814 106.00112     3.623    -4.996               3.456
  5917.877      69.1     5.004    -1.180
  5917.902 106.00113     2.234    -4.298               3.456
  5917.968      23.0     1.183    -3.311
  5917.972     607.0     0.640    -3.122               7.650
  5917.977      24.0     3.850    -1.650
  5918.059      21.0     3.607    -0.552
  5918.066 106.00113     2.665    -4.035               3.456
  5918.158    12.1      11.569    -2.131
  5918.214      21.0     4.504    -1.801
  5918.214     607.0     1.499    -3.590               7.650
  5918.227      58.1     1.456    -2.640
  5918.271     607.0     1.013    -4.167               7.650
  5918.322      23.0     4.232    -2.356
  5918.424     607.0     1.827    -3.434               7.650
  5918.434      22.1     8.082    -0.884
  5918.452      24.0     5.464    -4.037
  5918.480      24.0     5.538    -2.914
  5918.515      70.1     7.393    -3.010
  5918.521     607.0     1.761    -4.388               7.650
  5918.529      45.0     1.484    -2.500
  5918.534    22.0       1.067    -1.470
  5918.565     607.0     0.545    -3.531               7.650
  5918.694 106.00112     1.807    -4.630               3.456
  5918.728     607.0     1.761    -2.787               7.650
  5918.769    49.1      13.611     0.340
  5918.807     607.0     0.840    -2.516               7.650
  5918.878      26.0     4.913    -3.861
  5918.879 106.00112     2.246    -4.277               3.456
  5918.931      26.0     4.256    -2.701
  5918.934     607.0     0.840    -3.768               7.650
  5918.939      73.0     1.237    -1.650
  5918.946 106.00112     1.807    -4.646               3.456
  5919.065      21.0     2.338    -0.681
  5919.075      22.0     2.250    -4.030
  5919.082      24.0     2.708    -4.607
  5919.088      70.1     7.273    -1.320
  5919.093       6.0     8.771    -4.090
  5919.138      24.0     2.987    -4.002
  5919.142      24.0     3.847    -2.355
  5919.198      26.0     5.341    -4.667
  5919.206      58.1     3.863    -3.830
  5919.216 106.00112     2.247    -4.256               3.456
  5919.226 106.00113     1.916    -4.494               3.456
  5919.324      62.1     1.359    -1.229
  5919.349      44.0     1.063    -2.090
  5919.391 106.00112     3.020    -4.246               3.456
  5919.401 106.00112     3.020    -4.259               3.456
  5919.542 106.00113     1.916    -4.462               3.456
  5919.544      20.0     5.453    -3.636
  5919.591 106.00113     3.567    -4.859               3.456
  5919.627     607.0     0.596    -3.675               7.650
  5919.682      22.0     2.677    -3.605
  5919.724     607.0     0.596    -2.663               7.650
  5919.732      58.1     2.003    -1.870
  5919.819 106.00113     3.567    -4.848               3.456
  5919.857      75.0     3.028    -1.430
  5919.863      24.0     3.435    -4.482
  5919.871      58.1     0.322    -2.130
  5919.880      24.0     3.889    -2.170
  5919.882      25.0     3.771    -2.737
  5919.899      22.1     8.045    -0.885
  5919.931 106.00113     3.274    -4.185               3.456
  5919.939     607.0     0.619    -3.423               7.650
  5919.978     607.0     0.525    -4.702               7.650
  5919.995     607.0     0.619    -2.241               7.650
  5920.050 106.00112     2.451    -4.043               3.456
  5920.058      58.1     2.008    -2.310
  5920.093      26.0     5.330    -4.306
  5920.101      24.0     3.850    -3.367
  5920.173      26.0     5.010    -2.697
  5920.183 106.00113     2.439    -4.369               3.456
  5920.208      58.1     1.355    -1.910
  5920.236     607.0     0.843    -3.675               7.650
  5920.322      58.1     1.826    -0.970
  5920.330 106.00112     2.451    -4.024               3.456
  5920.362      25.1     7.758    -4.160
  5920.366      21.0     4.498    -1.587
  5920.366      21.0     4.498    -2.759
  5920.376      70.1     6.354    -0.500
  5920.383 106.00112     2.247    -4.277               3.456
  5920.394 106.00112     2.234    -4.282               3.456
  5920.416      58.0     0.517    -0.523
  5920.431     607.0     0.717    -2.391               7.650
  5920.442     607.0     0.710    -2.285               7.650
  5920.506     607.0     0.717    -3.252               7.650
  5920.521      22.0     2.239    -3.262
  5920.527     607.0     0.574    -3.148               7.650
  5920.547      22.0     3.112    -2.977
  5920.554     607.0     0.710    -3.976               7.650
  5920.570     607.0     0.574    -2.721               7.650
  5920.576 106.00112     2.247    -4.256               3.456
  5920.580      58.1     2.004    -1.630
  5920.593 106.00112     2.665    -4.055               3.456
  5920.593 106.00113     3.274    -4.172               3.456
  5920.642      26.0     5.012    -4.466
  5920.670 106.00113     2.439    -4.356               3.456
  5920.695 106.00112     1.490    -3.714               3.456
  5920.761      69.1     4.956    -2.360
  5920.774      24.0     5.935    -3.804
  5920.777     607.0     1.828    -3.430               7.650
  5920.850      69.0     1.088    -2.710
  5920.870 106.00112     2.665    -4.035               3.456
  5920.888 106.00112     2.234    -4.298               3.456
  5920.892      24.0     3.087    -3.912
  5920.934      23.0     1.931    -2.094
  5920.983      70.1     7.370    -1.530
  5921.000      62.0     1.593    -0.224
  5921.032 106.00112     1.490    -3.637               3.456
  5921.040     607.0     0.703    -2.384               7.650
  5921.130 106.00113     2.452    -4.043               3.456
  5921.175 106.00113     3.623    -4.996               3.456
  5921.186     607.0     0.640    -4.384               7.650
  5921.200      23.0     1.869    -3.221
  5921.261      26.0     4.652    -1.848
  5921.274 106.00113     2.452    -4.024               3.456
  5921.320     607.0     0.640    -3.116               7.650
  5921.328      64.1     2.280    -0.890
  5921.347      23.0     2.684    -4.359
  5921.400      58.1     3.936    -2.700
  5921.400 106.00113     2.440    -4.369               3.456
  5921.422      20.0     5.321    -2.557
  5921.442      69.1     4.140    -3.370
  5921.456      44.0     1.317    -1.580
  5921.561 106.00113     2.667    -4.055               3.456
  5921.679     607.0     0.591    -2.670               7.650
  5921.681 106.00113     2.666    -4.035               3.456
  5921.719      23.1     9.117    -1.177
  5921.730      67.0     0.000    -1.565
  5921.754 106.00113     2.440    -4.356               3.456
  5921.794     607.0     0.962    -3.007               7.650
  5921.814      25.0     4.268    -3.490
  5921.916      21.0     3.172    -0.716
  5921.925      22.0     3.691    -2.186
  5921.937      22.1     8.056    -0.024
  5921.959     607.0     0.962    -4.458               7.650
  5921.975 106.00113     1.917    -4.494               3.456
  5922.011      20.0     6.021    -3.413
  5922.084 106.00113     1.917    -4.462               3.456
  5922.108    22.0       1.046    -1.465
  5922.138      22.0     3.113    -1.602
  5922.211      26.1     7.869    -2.205
  5922.291     607.0     1.610    -2.047               7.650
  5922.319     607.0     0.641    -2.219               7.650
  5922.323      27.0     5.261    -2.206
  5922.323     107.0     3.593    -3.463               3.450
  5922.368      27.0     1.956    -2.233
  5922.369     607.0     0.840    -2.504               7.650
  5922.375      69.1     3.958    -3.710
  5922.379     607.0     0.641    -3.450               7.650
  5922.476      69.1     4.847    -1.440
  5922.502      14.0     8.052    -4.794
  5922.508     107.0     3.593    -3.463               3.450
  5922.529      69.1     4.856    -1.640
  5922.551      25.0     5.112    -3.940
  5922.555     607.0     1.566    -4.239               7.650
  5922.579 106.00112     3.274    -4.185               3.456
  5922.587      22.0     3.128    -2.603
  5922.620      69.0     2.727    -1.840
  5922.705      20.1     8.438    -4.165
  5922.705      20.1     8.438    -2.864
  5922.741      60.0     1.364    -0.220
  5922.768      69.1     5.231    -2.740
  5922.780      42.0     3.717    -1.854
  5922.919 106.00112     1.916    -4.494               3.456
  5922.949      58.1     1.767    -0.540
  5922.952     607.0     0.793    -2.760               7.650
  5922.989 106.00112     1.916    -4.462               3.456
  5923.017     607.0     0.551    -3.525               7.650
  5923.056      25.0     5.673    -2.001
  5923.060      58.1     1.706    -2.140
  5923.084 106.00112     3.274    -4.172               3.456
  5923.102     607.0     0.793    -4.676               7.650
  5923.144 106.00113     3.022    -4.246               3.456
  5923.154      23.0     3.371    -1.460
  5923.168      27.0     4.475    -1.720
  5923.223     607.0     1.731    -1.693               7.650
  5923.319      62.0     1.870     0.049
  5923.366    12.1      12.083    -1.532
  5923.537      69.1     4.744    -2.160
  5923.588      70.1     5.517    -3.920
  5923.674      20.1     8.438    -3.019
  5923.702 106.00113     3.022    -4.259               3.456
  5923.705      24.1     6.076    -2.941
  5923.749      26.0     4.584    -2.192
  5923.771      42.0     3.586    -1.041
  5923.829     607.0     0.614    -2.658               7.650
  5923.916      20.0     6.022    -4.559
  5923.923      25.1     6.865    -3.703
  5923.929      28.0     4.165    -1.528
  5923.970      22.0     3.351    -3.585
  5923.996      69.1     4.387    -2.350
  5924.028      22.1     3.124    -3.892
  5924.032      58.0     0.294    -1.036
  5924.117      26.0     5.357    -4.760
  5924.176     607.0     0.710    -3.974               7.650
  5924.201      58.1     1.770    -2.390
  5924.201     607.0     0.630    -3.432               7.650
  5924.218 106.00112     3.626    -4.996               3.456
  5924.225 106.00112     2.439    -4.369               3.456
  5924.256 106.00112     2.452    -4.024               3.456
  5924.259     607.0     0.630    -2.220               7.650
  5924.281      22.1     8.097    -0.238
  5924.288     607.0     0.710    -2.275               7.650
  5924.326 106.00112     2.452    -4.043               3.456
  5924.406      26.0     4.301    -4.777
  5924.417      26.0     4.956    -3.026
  5924.478      28.1     9.413    -2.413
  5924.488 106.00112     2.666    -4.035               3.456
  5924.527      23.0     1.868    -1.500
  5924.541     607.0     1.178    -4.847               7.650
  5924.555 106.00112     2.439    -4.356               3.456
  5924.558      66.1     1.854    -1.730
  5924.572 106.00112     2.667    -4.055               3.456
  5924.613      24.0     3.890    -2.672
  5924.651      24.0     3.887    -3.883
  5924.667 106.00112     1.657    -3.138               3.456
  5924.674      62.0     1.669    -0.150
  5924.734 106.00112     1.657    -3.068               3.456
  5924.753     607.0     0.962    -2.999               7.650
  5924.778     607.0     0.529    -3.996               7.650
  5924.783      25.0     3.772    -2.267
  5924.877     607.0     0.582    -3.153               7.650
  5924.910      58.1     1.319    -1.070
  5924.918      58.1     2.129    -0.420
  5924.923     607.0     0.582    -2.690               7.650
  5924.933      58.1     3.562    -2.980
  5924.994      20.0     5.964    -4.499
  5925.002      26.0     4.956    -2.927
  5925.162      40.0     0.633    -1.610
  5925.208      58.1     1.420    -1.730
  5925.235      20.0     5.272    -4.370
  5925.245     607.0     0.731    -2.376               7.650
  5925.264      69.1     3.884    -1.380
  5925.282      63.0     2.444    -0.500
  5925.323     607.0     0.731    -3.261               7.650
  5925.435      69.1     5.147    -1.310
  5925.443 106.00112     2.440    -4.369               3.456
  5925.455      92.0     0.948    -1.190
  5925.481     607.0     0.860    -3.683               7.650
  5925.534 106.00112     1.917    -4.462               3.456
  5925.562     607.0     0.717    -2.369               7.650
  5925.569      69.1     4.647    -2.500
  5925.640 106.00112     2.440    -4.356               3.456
  5925.645      22.0     3.337    -2.201
  5925.671 106.00112     1.917    -4.494               3.456
  5925.698      69.1     4.940    -2.070
  5925.744     607.0     1.610    -3.273               7.650
  5925.829     607.0     0.793    -4.674               7.650
  5925.875     607.0     1.610    -2.041               7.650
  5925.892      90.1     1.287    -1.260
  5925.927      69.1     4.480    -3.500
  5925.942      23.1     2.514    -4.727
  5925.974      73.0     2.136    -1.830
  5925.979     607.0     0.793    -2.752               7.650
  5926.020      26.0     5.067    -3.210
  5926.037 106.00112     3.022    -4.246               3.456
  5926.064      69.1     4.914    -0.800
  5926.068      71.1     5.815    -2.380
  5926.095     607.0     1.723    -2.404               7.650
  5926.150     607.0     1.731    -3.559               7.650
  5926.163      24.1     4.071    -4.152
  5926.172      58.1     1.103    -1.700
  5926.213      26.0     4.991    -4.048
  5926.253      26.0     5.314    -4.934
  5926.255      20.0     5.578    -4.809
  5926.303      58.0     0.000    -0.948
  5926.332      24.0     3.850    -2.926
  5926.356 106.00113     3.276    -4.172               3.456
  5926.367      42.0     3.586    -0.222
  5926.371      26.1     7.684    -2.391
  5926.399      23.0     4.258    -2.627
  5926.427      23.0     1.195    -3.493
  5926.465      72.0     2.932    -0.890
  5926.491      58.1     1.421    -2.770
  5926.507 106.00113     3.276    -4.185               3.456
  5926.510      63.0     1.994    -0.380
  5926.567      69.1     4.481    -3.940
  5926.735     607.0     0.600    -2.642               7.650
  5926.766      26.0     4.991    -2.559
  5926.767 106.00112     3.022    -4.259               3.456
  5926.826      26.0     4.580    -3.371
  5926.869      44.0     2.072    -1.610
  5926.887      58.1     3.562    -1.870
  5926.986      20.0     5.585    -3.882
  5927.095     607.0     1.039    -4.172               7.650
  5927.106      58.1     3.734    -3.870
  5927.160     607.0     0.652    -2.199               7.650
  5927.207      20.0     6.023    -2.283
  5927.223     607.0     0.652    -3.458               7.650
  5927.256      25.1     6.177    -4.629
  5927.411      41.0     1.918    -1.490
  5927.442     607.0     0.864    -2.507               7.650
  5927.459      20.0     5.586    -3.764
  5927.482      26.0     5.357    -4.614
  5927.572     607.0     0.864    -3.775               7.650
  5927.582      14.0     5.614    -2.414
  5927.586 106.00113     3.626    -4.996               3.456
  5927.637      20.0     3.910    -2.021
  5927.642      24.0     3.887    -2.627
  5927.709      57.1     2.794    -0.926
  5927.716 106.00113     2.818    -4.527               3.456
  5927.771      20.0     3.910    -2.243
  5927.787      23.1     2.491    -2.709
  5927.789      26.0     4.652    -1.220
  5927.810     7.1      21.148    -0.297
  5927.860 106.00113     2.818    -4.514               3.456
  5927.866      20.0     3.910    -2.720
  5927.871      62.0     0.388    -1.728
  5927.969      69.1     4.571    -1.990
  5928.005      20.0     5.273    -3.784
  5928.045     607.0     0.614    -3.683               7.650
  5928.096 106.00113     2.615    -4.075               3.456
  5928.129      24.0     3.668    -3.274
  5928.144     607.0     0.614    -2.650               7.650
  5928.205      21.0     3.598    -1.133
  5928.221      70.1     7.080    -1.910
  5928.233    12.1      12.085    -1.277
  5928.248      26.0     5.334    -3.641
  5928.252      58.1     1.644    -0.870
  5928.254      21.0     3.619    -0.490
  5928.317      26.0     4.256    -3.289
  5928.343      58.0     0.274    -0.488
  5928.402      26.0     4.985    -3.803
  5928.465      57.0     0.869    -1.410
  5928.501      26.0     4.218    -3.708
  5928.521      22.1     8.056    -0.045
  5928.563 106.00113     2.615    -4.055               3.456
  5928.620      23.1     3.759    -4.403
  5928.651     607.0     0.641    -3.441               7.650
  5928.652      24.0     3.888    -2.110
  5928.652     607.0     1.723    -3.913               7.650
  5928.712     607.0     0.641    -2.199               7.650
  5928.723      58.1     0.559    -2.790
  5928.757     607.0     0.558    -3.521               7.650
  5928.760      26.0     4.584    -3.785
  5928.852 106.00112     3.276    -4.172               3.456
  5928.862      23.1     2.522    -1.598
  5928.878      42.0     3.586     0.402
  5928.943      69.1     4.364    -2.670
  5929.001     607.0     0.731    -2.275               7.650
  5929.100      66.0     1.930    -1.780
  5929.107     607.0     0.665    -3.113               7.650
  5929.116     607.0     0.731    -3.983               7.650
  5929.161 106.00112     3.276    -4.185               3.456
  5929.179      26.1     9.694    -2.401
  5929.235      21.0     3.172    -1.750
  5929.242      23.1     6.529    -3.644
  5929.284      24.1     6.641    -2.468
  5929.314      92.0     0.471    -1.701
  5929.360      72.1     2.683    -2.300
  5929.408      58.1     1.177    -1.550
  5929.441     607.0     0.591    -3.159               7.650
  5929.489     607.0     0.591    -2.660               7.650
  5929.501      58.0     0.521    -0.895
  5929.571      58.1     0.709    -2.880
  5929.643 106.00113     2.216    -4.298               3.456
  5929.666      22.0     3.108    -3.418
  5929.677      26.0     4.548    -1.540
  5929.696      22.1     8.089     0.376
  5929.725      24.0     5.944    -2.416
  5929.801 106.00113     2.044    -4.361               3.456
  5929.822      58.0     0.552    -0.696
  5929.869      26.0     5.070    -4.806
  5929.942      22.1     8.116    -0.548
  5929.946      24.1     8.415    -3.276
  5929.949     607.0     1.520    -3.597               7.650
  5930.079    27.1      11.747    -0.350
  5930.180      26.0     4.652    -0.360
  5930.181 106.00113     2.216    -4.273               3.456
  5930.266      24.0     5.656    -3.582
  5930.268     607.0     0.745    -2.361               7.650
  5930.269      64.0     0.841    -0.756
  5930.275     607.0     0.731    -2.355               7.650
  5930.279      26.0     5.273    -3.269
  5930.343 106.00113     2.044    -4.343               3.456
  5930.348     607.0     0.745    -3.269               7.650
  5930.353      26.1     6.217    -3.027
  5930.391      24.0     3.887    -2.139
  5930.473 106.00113     2.279    -4.084               3.456
  5930.544     607.0     1.620    -4.721               7.650
  5930.560      66.0     1.569    -2.500
  5930.562     607.0     1.547    -3.883               7.650
  5930.610      24.0     4.446    -1.914
  5930.617      57.0     0.131    -0.960
  5930.617      73.0     1.595    -2.330
  5930.659      59.1     1.254    -0.706
  5930.670 106.00113     2.279    -4.065               3.456
  5930.730 106.00113     1.806    -4.926               3.456
  5930.734      21.0     3.807    -2.969
  5930.744      25.1     6.177    -3.886
  5930.906      23.1     9.117    -1.318
  5930.932     607.0     0.878    -3.691               7.650
  5930.938 106.00113     2.217    -4.298               3.456
  5930.951     607.0     0.864    -2.495               7.650
  5930.954      58.1     2.000    -2.370
  5930.956      42.0     3.247    -2.071
  5931.004 106.00113     2.413    -4.384               3.456
  5931.033      73.0     3.067    -0.730
  5931.054      23.1     9.113    -2.785
  5931.083      26.0     5.334    -4.263
  5931.102      22.0     3.112    -3.940
  5931.145 106.00112     2.818    -4.514               3.456
  5931.168     607.0     0.547    -4.708               7.650
  5931.187 106.00112     2.818    -4.527               3.456
  5931.195      26.0     5.064    -2.376
  5931.230      21.0     3.598    -0.020
  5931.311 106.00112     2.615    -4.075               3.456
  5931.314      58.1     2.145    -3.300
  5931.349 106.00113     2.217    -4.273               3.456
  5931.378      23.1     8.668    -3.679
  5931.402      24.0     3.888    -2.569
  5931.415      58.1     1.775    -2.480
  5931.442      58.1     4.019    -1.410
  5931.485      26.0     4.652    -3.645
  5931.515 106.00113     2.413    -4.364               3.456
  5931.579      58.1     3.997    -1.460
  5931.582 106.00112     2.615    -4.055               3.456
  5931.634 106.00113     2.044    -4.361               3.456
  5931.645     107.0     3.558    -3.651               3.450
  5931.681     107.0     3.558    -3.651               3.450
  5931.684      73.0     2.136    -1.710
  5931.700      69.0     1.933    -1.248
  5931.780     7.1      21.153     0.047
  5931.835 106.00113     2.616    -4.075               3.456
  5931.855      24.0     3.889    -2.457
  5931.964      20.0     5.271    -4.208
  5931.969 106.00113     2.616    -4.055               3.456
  5931.969     607.0     0.609    -2.616               7.650
  5932.022 106.00113     2.044    -4.343               3.456
  5932.032 106.00113     2.413    -4.384               3.456
  5932.038      26.0     4.988    -4.421
  5932.039      23.0     4.260    -1.628
  5932.050      23.0     1.183    -3.932
  5932.080      60.1     1.160    -1.590
  5932.148      62.0     1.624    -0.140
  5932.160      58.0     0.398    -0.934
  5932.204     607.0     0.664    -2.179               7.650
  5932.226      25.1     8.129    -4.548
  5932.234      28.0     3.193    -4.182
  5932.256      58.1     1.709    -3.550
  5932.258     607.0     0.665    -4.390               7.650
  5932.270     607.0     0.664    -3.467               7.650
  5932.304      58.1     1.645    -1.300
  5932.380      58.1     3.184    -2.760
  5932.395     607.0     0.665    -3.107               7.650
  5932.405      44.0     1.139    -2.900
  5932.416 106.00113     3.204    -4.199               3.456
  5932.426 106.00113     2.413    -4.364               3.456
  5932.448      25.1     6.671    -2.471
  5932.486      22.1     8.086    -2.194
  5932.591     607.0     0.632    -2.645               7.650
  5932.620      24.1     8.416    -3.138
  5932.675     607.0     0.731    -3.981               7.650
  5932.698      22.0     3.113    -3.610
  5932.748      22.0     3.111    -3.875
  5932.789     607.0     0.731    -2.265               7.650
  5932.800 106.00113     2.398    -4.064               3.456
  5932.828      62.1     1.586    -1.002
  5932.856      20.0     5.586    -3.957
  5932.909      26.1     9.130    -4.807
  5932.918      24.0     5.950    -4.011
  5933.008      58.1     4.235    -3.350
  5933.050 106.00113     3.204    -4.185               3.456
  5933.053 106.00113     1.528    -3.642               3.456
  5933.085      25.0     4.247    -3.539
  5933.098     607.0     0.991    -3.000               7.650
  5933.258      24.0     4.447    -1.980
  5933.267     607.0     0.991    -4.463               7.650
  5933.282 106.00113     2.398    -4.043               3.456
  5933.293      24.1     6.487    -3.628
  5933.308      24.0     3.847    -3.673
  5933.310     607.0     0.652    -3.450               7.650
  5933.324      20.0     5.272    -4.329
  5933.349 106.00113     1.528    -3.566               3.456
  5933.373     607.0     0.652    -2.180               7.650
  5933.465     607.0     0.545    -4.004               7.650
  5933.497      22.1     8.108    -0.384
  5933.501      68.0     1.433    -0.539
  5933.523     607.0     0.566    -3.520               7.650
  5933.525      21.0     3.057    -3.503
  5933.534      69.1     2.745    -3.140
  5933.582      58.1     0.327    -1.770
  5933.594      26.0     4.985    -5.087
  5933.655 106.00113     3.290    -4.444               3.456
  5933.673 106.00113     3.233    -4.459               3.456
  5933.690      72.0     2.250    -0.970
  5933.690     607.0     1.798    -2.786               7.650
  5933.715      27.0     4.259    -2.278
  5933.715      69.1     4.081    -0.680
  5933.718      14.0     5.616    -2.948
  5933.729      23.0     2.638    -2.096
  5933.729      24.0     3.122    -4.625
  5933.747 106.00112     2.279    -4.065               3.456
  5933.747      25.0     5.853    -2.966
  5933.782 106.00112     2.279    -4.084               3.456
  5933.793 106.00112     2.216    -4.298               3.456
  5933.798      26.0     4.638    -2.360
  5933.802      59.1     1.163    -1.910
  5933.804      58.1     1.930    -2.770
  5933.817      92.0     0.077    -2.209
  5933.821 106.00112     2.044    -4.361               3.456
  5933.875      28.0     3.399    -3.488
  5933.930      26.0     4.301    -4.082
  5933.983      27.0     3.952    -2.541
  5933.985      70.1     5.073    -2.970
  5934.018     607.0     1.633    -2.039               7.650
  5934.138      41.0     2.167    -1.090
  5934.149     607.0     0.820    -2.752               7.650
  5934.162 106.00112     2.044    -4.343               3.456
  5934.162 106.00112     2.216    -4.273               3.456
  5934.194     607.0     0.600    -3.165               7.650
  5934.244     607.0     0.600    -2.632               7.650
  5934.302     607.0     0.820    -4.681               7.650
  5934.305      26.0     4.988    -3.607
  5934.307 106.00113     3.233    -4.444               3.456
  5934.312      58.0     1.065     0.103
  5934.328 106.00113     3.290    -4.429               3.456
  5934.377     107.0     3.616    -3.382               3.450
  5934.395      20.0     5.967    -4.157
  5934.444      58.0     0.957    -0.142
  5934.445      92.1     1.055    -2.337
  5934.462 106.00113     3.177    -4.474               3.456
  5934.486 106.00113     3.347    -4.429               3.456
  5934.576      58.1     1.194    -1.560
  5934.616      28.0     4.154    -4.515
  5934.637     107.0     3.616    -3.382               3.450
  5934.655      26.0     3.928    -1.300
  5934.704      69.1     4.860    -2.710
  5934.708      23.0     4.261    -1.466
  5934.738      60.1     0.745    -1.392
  5934.881 106.00112     3.290    -4.444               3.456
  5934.990 106.00112     2.616    -4.055               3.456
  5935.017      24.0     4.616    -0.620
  5935.050      70.1     6.165    -0.050
  5935.054 106.00112     2.616    -4.075               3.456
  5935.068 106.00113     3.177    -4.459               3.456
  5935.074      22.0     3.691    -2.900
  5935.089 106.00112     2.217    -4.298               3.456
  5935.109      26.0     4.218    -3.794
  5935.132      26.0     4.580    -2.976
  5935.142 106.00112     3.233    -4.459               3.456
  5935.177 106.00113     2.281    -4.065               3.456
  5935.188 106.00113     3.347    -4.415               3.456
  5935.209 106.00112     2.413    -4.384               3.456
  5935.212      40.0     0.000    -2.380
  5935.226     607.0     0.745    -2.341               7.650
  5935.230 106.00112     3.204    -4.199               3.456
  5935.246      26.0     5.033    -3.858
  5935.259      14.0     5.964    -2.641
  5935.286      57.0     0.433    -1.350
  5935.304 106.00112     3.290    -4.429               3.456
  5935.332 106.00112     2.217    -4.273               3.456
  5935.332 106.00113     2.821    -4.514               3.456
  5935.346 106.00113     2.281    -4.084               3.456
  5935.351      26.0     5.100    -3.274
  5935.378      24.1     8.184    -4.551
  5935.378      27.0     1.883    -2.680
  5935.431      25.0     5.854    -2.274
  5935.462 106.00112     3.347    -4.429               3.456
  5935.491 106.00113     2.946    -4.274               3.456
  5935.509     607.0     0.760    -2.347               7.650
  5935.533 106.00112     3.233    -4.444               3.456
  5935.537      73.0     2.965    -0.940
  5935.537      22.1     8.097    -1.752
  5935.572 106.00112     2.413    -4.364               3.456
  5935.593     607.0     0.760    -3.278               7.650
  5935.642 106.00113     2.946    -4.260               3.456
  5935.656 106.00112     2.044    -4.361               3.456
  5935.703     607.0     1.211    -4.851               7.650
  5935.709 106.00112     3.204    -4.185               3.456
  5935.807      69.1     4.899    -1.140
  5935.843 106.00112     2.044    -4.343               3.456
  5935.864 106.00113     2.821    -4.527               3.456
  5935.900      69.0     1.893    -0.897
  5935.910 106.00112     3.347    -4.415               3.456
  5935.914      25.0     4.273    -3.223
  5935.966 106.00113     3.122    -4.490               3.456
  5936.003     607.0     1.798    -4.392               7.650
  5936.010      58.1     0.328    -2.550
  5936.011     607.0     1.066    -4.178               7.650
  5936.030     607.0     0.991    -2.992               7.650
  5936.051      69.1     5.151    -2.280
  5936.051 106.00112     3.501    -4.870               3.456
  5936.101      20.0     5.273    -4.023
  5936.127      69.1     4.834    -1.620
  5936.167 106.00112     3.177    -4.474               3.456
  5936.210      57.1     0.173    -2.070
  5936.212     607.0     1.798    -2.781               7.650
  5936.217 106.00112     2.398    -4.064               3.456
  5936.227 106.00113     3.405    -4.415               3.456
  5936.238 106.00112     2.413    -4.384               3.456
  5936.277      26.1     8.185    -4.521
  5936.296     607.0     0.887    -2.498               7.650
  5936.429     607.0     0.887    -3.781               7.650
  5936.485 106.00112     2.413    -4.364               3.456
  5936.492 106.00112     2.398    -4.043               3.456
  5936.502      70.1     7.980    -1.340
  5936.512      69.1     5.147    -1.550
  5936.516     607.0     0.897    -3.698               7.650
  5936.537 106.00112     3.177    -4.459               3.456
  5936.541 106.00113     3.122    -4.474               3.456
  5936.643      44.0     3.763    -0.530
  5936.661 106.00112     3.501    -4.859               3.456
  5936.668      24.0     4.402    -3.225
  5936.668      24.0     4.402    -2.872
  5936.684     607.0     0.632    -3.691               7.650
  5936.689      70.1     5.921    -1.930
  5936.780      58.1     0.328    -2.170
  5936.786     607.0     0.632    -2.638               7.650
  5936.814      64.0     0.812    -0.970
  5936.816 106.00113     2.399    -4.064               3.456
  5936.854      22.0     3.904    -2.438
  5936.865      22.1     8.097    -1.322
  5936.898      20.0     5.585    -4.458
  5936.929      70.1     6.063    -2.960
  5936.938      26.0     4.988    -2.569
  5936.950 106.00112     3.405    -4.415               3.456
  5936.971 106.00113     3.405    -4.402               3.456
  5936.975 106.00113     2.399    -4.043               3.456
  5936.983      58.1     3.448    -2.230
  5936.991     607.0     0.820    -4.680               7.650
  5937.144     607.0     0.820    -2.745               7.650
  5937.157      26.0     4.956    -1.688
  5937.228      69.1     4.660    -3.320
  5937.238      69.1     4.692    -1.930
  5937.320      22.1     8.114    -0.061
  5937.373      20.0     5.586    -4.552
  5937.385     607.0     0.619    -2.591               7.650
  5937.387 106.00112     1.806    -4.926               3.456
  5937.412      22.1     8.045     0.152
  5937.415       6.0     9.003    -2.860
  5937.433 106.00112     3.405    -4.402               3.456
  5937.439     607.0     0.677    -2.161               7.650
  5937.473     607.0     1.867    -3.429               7.650
  5937.491     607.0     1.633    -3.280               7.650
  5937.507     607.0     0.677    -3.475               7.650
  5937.540      26.0     5.067    -4.554
  5937.626     607.0     1.633    -2.033               7.650
  5937.641      22.1     8.098    -1.028
  5937.697      64.0     0.791    -1.059
  5937.711      58.1     2.003    -0.840
  5937.720      58.0     0.493    -0.225
  5937.768       6.0     9.003    -4.910
  5937.783     607.0     0.752    -2.265               7.650
  5937.807    22.0       1.067    -1.890
  5937.898      42.0     3.212    -1.360
  5937.900     607.0     0.752    -3.991               7.650
  5937.902 106.00112     3.122    -4.490               3.456
  5937.934      26.0     4.913    -4.616
  5938.054      26.0     4.593    -3.689
  5938.086      24.0     4.449    -1.818
  5938.114 106.00113     3.068    -4.507               3.456
  5938.127      69.1     2.917    -2.080
  5938.175     607.0     0.664    -3.459               7.650
  5938.233      58.1     2.931    -0.110
  5938.241     607.0     0.664    -2.161               7.650
  5938.248 106.00112     3.122    -4.474               3.456
  5938.258 106.00112     2.281    -4.065               3.456
  5938.304      69.1     2.620    -2.570
  5938.331      22.0     3.890    -2.854
  5938.368      21.0     3.607    -0.371
  5938.371      22.1     8.089    -2.141
  5938.410 106.00113     3.235    -4.444               3.456
  5938.421 106.00113     3.235    -4.459               3.456
  5938.426      24.0     5.623    -3.800
  5938.438      58.0     0.589    -0.830
  5938.442 106.00113     3.291    -4.429               3.456
  5938.455     607.0     1.596    -4.243               7.650
  5938.463 106.00113     3.291    -4.444               3.456
  5938.528      58.1     4.845    -3.940
  5938.576      90.1     1.067    -1.964
  5938.608 106.00113     2.566    -4.049               3.456
  5938.625 106.00112     2.821    -4.514               3.456
  5938.629    12.1      12.083    -1.843
  5938.660 106.00112     2.281    -4.084               3.456
  5938.664 106.00113     3.068    -4.490               3.456
  5938.710     607.0     0.574    -3.520               7.650
  5938.720 106.00112     2.946    -4.260               3.456
  5938.736      24.0     4.618    -3.100
  5938.742 106.00112     2.946    -4.274               3.456
  5938.825      90.0     0.690    -1.972
  5938.827       6.0     8.640    -3.430
  5938.844 106.00113     3.206    -4.185               3.456
  5938.898      24.0     5.464    -3.708
  5938.953 106.00113     3.464    -4.402               3.456
  5938.968      22.0     3.921    -3.710
  5938.974      62.1     0.933    -1.342
  5938.985 106.00113     3.207    -4.199               3.456
  5939.046      58.1     3.508    -2.960
  5939.066      26.0     4.580    -3.622
  5939.066 106.00113     2.566    -4.075               3.456
  5939.098 106.00113     2.165    -4.315               3.456
  5939.126 106.00113     3.179    -4.474               3.456
  5939.126 106.00113     3.178    -4.459               3.456
  5939.164     607.0     0.609    -3.172               7.650
  5939.172      58.1     4.158    -2.920
  5939.217     607.0     0.609    -2.606               7.650
  5939.218      23.1     4.776    -4.599
  5939.281 106.00113     3.349    -4.415               3.456
  5939.310 106.00113     2.165    -4.298               3.456
  5939.320 106.00113     3.349    -4.429               3.456
  5939.345 106.00112     2.821    -4.527               3.456
  5939.345      21.0     4.504    -2.482
  5939.345      21.0     4.504    -1.139
  5939.347      70.1     7.815    -0.940
  5939.415 106.00112     3.464    -4.402               3.456
  5939.419 106.00112     3.291    -4.429               3.456
  5939.619      69.1     3.349    -2.920
  5939.638 106.00112     3.235    -4.444               3.456
  5939.691 106.00112     3.291    -4.444               3.456
  5939.740 106.00113     3.464    -4.389               3.456
  5939.748     607.0     0.887    -2.487               7.650
  5939.751      73.0     1.210    -1.490
  5939.840     607.0     1.867    -3.425               7.650
  5939.850      27.0     3.576    -2.865
  5939.892 106.00112     3.235    -4.459               3.456
  5939.899      59.1     1.244    -0.233
  5939.934 106.00112     3.464    -4.389               3.456
  5939.980      24.1     8.354    -1.945
  5940.002      15.0     7.965    -3.180
  5940.005 106.00112     3.349    -4.415               3.456
  5940.107      22.1     8.086    -0.775
  5940.128       6.0     8.640    -3.230
  5940.188 106.00112     2.399    -4.043               3.456
  5940.238 106.00112     2.399    -4.064               3.456
  5940.240     7.1      21.153    -0.452
  5940.273 106.00112     3.068    -4.507               3.456
  5940.298 106.00112     3.349    -4.429               3.456
  5940.328      69.1     4.265    -1.680
  5940.344      22.1     8.089     0.464
  5940.363      26.0     5.010    -2.390
  5940.373     607.0     0.760    -2.327               7.650
  5940.393 106.00113     3.501    -4.870               3.456
  5940.413      69.1     4.368    -2.490
  5940.436      21.0     3.807    -2.278
  5940.456      26.0     5.020    -3.511
  5940.464     607.0     0.689    -3.105               7.650
  5940.474      27.0     4.572    -1.429
  5940.485    27.1      11.747    -0.170
  5940.510      21.0     3.607     0.071
  5940.517 106.00113     3.123    -4.490               3.456
  5940.532      24.0     3.850    -2.539
  5940.534 106.00113     3.123    -4.474               3.456
  5940.598 106.00112     3.178    -4.459               3.456
  5940.601 106.00112     3.068    -4.490               3.456
  5940.614      70.1     7.211    -2.240
  5940.619      25.1     4.779    -4.559
  5940.649      22.0     0.048    -3.822
  5940.725      59.1     1.457    -0.382
  5940.764      22.1     8.071    -0.004
  5940.803      23.0     4.111    -3.953
  5940.834 106.00112     3.179    -4.474               3.456
  5940.845 106.00113     3.015    -4.524               3.456
  5940.849      57.0     0.952    -1.530
  5940.856      58.0     0.467     0.133
  5940.859      24.1     6.641    -2.338
  5940.964     607.0     0.776    -2.333               7.650
  5940.991      26.0     4.178    -2.280
  5941.007 106.00113     3.407    -4.402               3.456
  5941.031      58.1     1.365    -3.270
  5941.032 106.00113     1.753    -4.663               3.456
  5941.050     607.0     0.776    -3.286               7.650
  5941.057 106.00113     3.407    -4.415               3.456
  5941.269 106.00112     3.502    -4.859               3.456
  5941.275      70.1     7.211    -1.800
  5941.346 106.00113     1.753    -4.644               3.456
  5941.356      20.0     5.453    -4.906
  5941.371 106.00113     3.015    -4.507               3.456
  5941.382      22.0     3.148    -1.942
  5941.400     607.0     0.752    -3.988               7.650
  5941.424      45.0     3.856    -0.200
  5941.462      26.0     4.913    -4.004
  5941.470 106.00112     3.407    -4.402               3.456
  5941.509 106.00112     3.206    -4.185               3.456
  5941.517     607.0     0.752    -2.255               7.650
  5941.540     607.0     0.651    -2.634               7.650
  5941.545      58.1     1.107    -0.940
  5941.569 106.00113     3.501    -4.859               3.456
  5941.601 106.00112     3.503    -4.870               3.456
  5941.646      22.1     8.097    -1.211
  5941.650     7.1      21.160     0.307
  5941.698      22.0     3.128    -2.375
  5941.745 106.00113     2.389    -4.405               3.456
  5941.750    22.0       1.053    -1.520
  5941.758      14.0     4.954    -4.010
  5941.781 106.00112     3.407    -4.415               3.456
  5941.805 106.00112     3.207    -4.199               3.456
  5941.829      20.0     5.390    -3.755
  5941.884      26.0     5.357    -3.697
  5941.982 106.00112     1.528    -3.642               3.456
  5942.015     607.0     1.542    -3.603               7.650
  5942.021 106.00112     2.566    -4.049               3.456
  5942.106 106.00113     2.567    -4.049               3.456
  5942.145      26.0     4.988    -2.464
  5942.226 106.00113     2.949    -4.260               3.456
  5942.243 106.00112     3.123    -4.474               3.456
  5942.250     607.0     0.916    -3.705               7.650
  5942.254 106.00113     2.567    -4.075               3.456
  5942.279 106.00113     2.389    -4.379               3.456
  5942.293 106.00112     2.566    -4.075               3.456
  5942.300 106.00112     1.528    -3.566               3.456
  5942.314      62.0     1.912     0.088
  5942.317 106.00112     2.165    -4.298               3.456
  5942.374 106.00112     2.165    -4.315               3.456
  5942.431      20.0     6.028    -2.817
  5942.436     607.0     0.561    -4.012               7.650
  5942.455 106.00112     3.123    -4.490               3.456
  5942.487      69.1     4.854    -2.020
  5942.529 106.00113     3.069    -4.507               3.456
  5942.561 106.00113     3.069    -4.490               3.456
  5942.584      20.0     5.671    -4.362
  5942.600 106.00113     2.389    -4.405               3.456
  5942.600     607.0     0.570    -4.715               7.650
  5942.620      26.0     4.283    -2.991
  5942.646      21.0     2.608    -1.632
  5942.670      58.0     0.028    -1.215
  5942.678      63.0     2.413     0.040
  5942.689      58.1     3.799    -3.390
  5942.707      26.0     4.580    -2.179
  5942.741 106.00113     3.522    -4.389               3.456
  5942.759 106.00113     2.949    -4.274               3.456
  5942.765      26.0     4.985    -4.252
  5942.768      92.0     0.714    -1.784
  5942.844      26.0     4.220    -4.399
  5942.847      22.0     2.578    -2.685
  5942.871     607.0     0.690    -2.143               7.650
  5942.874      15.0     8.105    -4.860
  5942.936 106.00112     3.522    -4.389               3.456
  5942.942     607.0     0.690    -3.484               7.650
  5942.978      25.0     5.714    -3.422
  5942.985 106.00113     1.872    -4.525               3.456
  5942.986     607.0     0.630    -2.567               7.650
  5943.035 106.00113     2.389    -4.379               3.456
  5943.045      70.1     5.671    -0.980
  5943.075      14.0     5.964    -2.047
  5943.101      26.0     4.186    -3.591
  5943.222 106.00112     3.015    -4.524               3.456
  5943.229      75.0     1.955    -1.720
  5943.241     607.0     0.677    -3.468               7.650
  5943.286      26.0     5.106    -3.414
  5943.309     607.0     0.677    -2.143               7.650
  5943.321 106.00113     1.872    -4.492               3.456
  5943.356      20.0     5.578    -3.630
  5943.367      14.0     5.863    -2.666
  5943.388       6.0     9.003    -3.090
  5943.490 106.00112     3.522    -4.376               3.456
  5943.494      25.1     8.129    -3.978
  5943.499    12.1      12.085    -1.542
  5943.525      70.1     5.985    -0.780
  5943.533 106.00112     3.015    -4.507               3.456
  5943.536      69.1     4.946    -1.930
  5943.540     607.0     0.689    -4.396               7.650
  5943.568 106.00113     3.522    -4.376               3.456
  5943.578      26.0     2.198    -4.308
  5943.587      42.0     2.934    -2.193
  5943.601      26.0     4.256    -3.951
  5943.623      26.0     4.256    -3.745
  5943.681     607.0     0.689    -3.099               7.650
  5943.681 106.00113     3.465    -4.389               3.456
  5943.745 106.00113     3.465    -4.402               3.456
  5943.755      22.1     8.098    -1.324
  5943.805      58.1     3.803    -3.840
  5943.876 106.00112     3.465    -4.389               3.456
  5943.886      25.1     6.658    -2.056
  5944.028      73.0     1.237    -1.180
  5944.073      58.1     2.799    -2.960
  5944.091 106.00113     2.963    -4.542               3.456
  5944.095 106.00113     2.188    -4.323               3.456
  5944.141      58.1     4.001    -3.080
  5944.174      58.1     1.027    -2.630
  5944.177     607.0     0.582    -3.522               7.650
  5944.208 106.00112     3.465    -4.402               3.456
  5944.295     607.0     0.619    -3.179               7.650
  5944.310      21.0     3.057    -4.247
  5944.351     607.0     0.619    -2.581               7.650
  5944.379      26.1     9.100    -2.289
  5944.424      14.0     5.964    -2.124
  5944.501 106.00112     3.069    -4.490               3.456
  5944.575 106.00113     1.755    -4.663               3.456
  5944.593 106.00113     2.963    -4.524               3.456
  5944.598     607.0     1.093    -4.183               7.650
  5944.627      70.1     7.047    -1.390
  5944.639       6.0     8.640    -4.420
  5944.641     607.0     1.021    -2.994               7.650
  5944.642 106.00113     1.755    -4.644               3.456
  5944.648      90.0     1.305    -1.595
  5944.653 106.00113     2.189    -4.294               3.456
  5944.660      22.0     0.000    -4.059
  5944.674      22.1     8.071    -0.591
  5944.674      24.1     8.598    -4.852
  5944.688 106.00112     1.753    -4.663               3.456
  5944.692 106.00112     3.069    -4.507               3.456
  5944.720 106.00112     1.753    -4.644               3.456
  5944.731 106.00113     2.167    -4.298               3.456
  5944.777     607.0     1.574    -3.889               7.650
  5944.805      23.0     2.555    -4.067
  5944.813     607.0     1.021    -4.469               7.650
  5944.834    10.0      16.619    -0.524
  5944.860      58.0     0.803    -0.450
  5944.894      25.1     9.007    -1.918
  5944.925 106.00113     2.167    -4.315               3.456
  5945.045      58.1     3.451    -2.550
  5945.097      24.0     5.950    -4.012
  5945.106 106.00113     3.016    -4.524               3.456
  5945.148 106.00113     3.016    -4.507               3.456
  5945.194 106.00113     2.189    -4.323               3.456
  5945.235      58.1     4.067    -2.700
  5945.240      23.0     2.565    -4.023
  5945.265 106.00113     3.136    -4.213               3.456
  5945.311 106.00112     2.949    -4.260               3.456
  5945.318      21.0     2.338    -1.646
  5945.339      23.0     4.260    -3.081
  5945.374     607.0     0.912    -2.490               7.650
  5945.444      58.1     1.546    -2.210
  5945.470 106.00113     1.873    -4.525               3.456
  5945.484 106.00112     2.567    -4.075               3.456
  5945.505     607.0     0.651    -3.698               7.650
  5945.509     607.0     0.912    -3.787               7.650
  5945.523 106.00112     2.567    -4.049               3.456
  5945.577     607.0     0.848    -2.745               7.650
  5945.610     607.0     0.651    -2.626               7.650
  5945.611 106.00113     1.873    -4.492               3.456
  5945.636 106.00113     2.189    -4.294               3.456
  5945.685      39.0     2.058    -0.700
  5945.728     607.0     0.776    -2.314               7.650
  5945.733     607.0     0.848    -4.687               7.650
  5945.770      70.1     8.193    -1.520
  5945.782      26.0     5.320    -3.135
  5945.790      66.0     1.599    -0.330
  5945.873 106.00113     3.136    -4.199               3.456
  5945.951 106.00113     3.503    -4.870               3.456
  5946.006      70.1     6.611     0.370
  5946.018 106.00112     2.949    -4.274               3.456
  5946.052     607.0     1.657    -2.030               7.650
  5946.099 106.00112     2.389    -4.405               3.456
  5946.184 106.00113     3.502    -4.859               3.456
  5946.234      58.1     1.959    -1.360
  5946.236      26.1     6.223    -3.518
  5946.294      24.0     3.698    -4.069
  5946.329      25.0     5.696    -2.450
  5946.361      62.0     1.761    -0.006
  5946.362      68.0     1.474    -0.702
  5946.485      27.0     3.665    -1.071
  5946.499 106.00112     2.389    -4.379               3.456
  5946.577      23.0     1.849    -4.465
  5946.624     607.0     0.792    -2.320               7.650
  5946.659      58.1     3.935    -2.140
  5946.679 106.00112     2.963    -4.542               3.456
  5946.712     607.0     0.792    -3.294               7.650
  5946.774      70.1     7.003    -2.740
  5946.776     607.0     0.773    -2.255               7.650
  5946.778      69.1     4.461    -1.020
  5946.828      26.1     5.569    -4.903
  5946.870      23.1     9.103    -2.849
  5946.897     607.0     0.773    -3.998               7.650
  5946.945 106.00112     1.872    -4.525               3.456
  5946.955 106.00112     2.389    -4.405               3.456
  5946.973 106.00112     2.963    -4.524               3.456
  5947.044 106.00112     1.872    -4.492               3.456
  5947.164      22.1     8.082    -1.493
  5947.167      69.1     5.151    -3.500
  5947.185      59.1     1.260    -0.748
  5947.256 106.00112     2.389    -4.379               3.456
  5947.265      70.1     5.581    -1.050
  5947.291 106.00112     3.524    -4.376               3.456
  5947.303      26.0     4.191    -4.338
  5947.308      24.0     5.662    -2.933
  5947.313 106.00112     3.016    -4.507               3.456
  5947.369 106.00113     3.524    -4.376               3.456
  5947.451 106.00113     3.524    -4.389               3.456
  5947.461      70.1     5.747    -3.950
  5947.467      26.0     5.010    -2.922
  5947.486 106.00112     3.016    -4.524               3.456
  5947.490      26.0     4.584    -3.775
  5947.513      26.0     4.607    -2.590
  5947.514      24.1     4.071    -4.085
  5947.539     607.0     1.021    -2.986               7.650
  5947.571      74.0     1.708    -1.970
  5947.589 106.00112     3.581    -4.376               3.456
  5947.612      26.0     4.580    -2.981
  5947.613       6.0     8.643    -3.970
  5947.617      20.0     5.586    -4.638
  5947.637      58.0     0.548    -0.788
  5947.645 106.00112     3.524    -4.389               3.456
  5947.666 106.00113     3.581    -4.376               3.456
  5947.690      69.1     4.684    -2.190
  5947.744 106.00112     2.167    -4.298               3.456
  5947.755      26.1     9.112    -3.288
  5947.765      69.1     4.364    -1.070
  5947.790 106.00113     2.913    -4.561               3.456
  5947.886      23.0     4.090    -4.161
  5947.956     607.0     0.936    -3.712               7.650
  5948.020      23.0     4.261    -2.652
  5948.020      69.1     4.839    -2.750
  5948.020 106.00112     1.755    -4.644               3.456
  5948.056      21.0     3.807    -1.332
  5948.150      69.0     2.414    -1.680
  5948.176 106.00113     2.965    -4.542               3.456
  5948.183 106.00112     3.581    -4.364               3.456
  5948.204      22.1     8.086    -1.846
  5948.208 106.00112     2.167    -4.315               3.456
  5948.236 106.00112     1.755    -4.663               3.456
  5948.236 106.00113     2.964    -4.524               3.456
  5948.250     607.0     1.655    -4.725               7.650
  5948.250 106.00112     3.136    -4.213               3.456
  5948.275 106.00113     2.913    -4.542               3.456
  5948.285      58.1     3.886    -3.920
  5948.293      57.1     2.530    -1.040
  5948.323      26.0     5.320    -4.609
  5948.391     607.0     0.848    -4.686               7.650
  5948.418    26.1      10.737    -0.200
  5948.420 106.00112     2.188    -4.323               3.456
  5948.448      69.1     4.756    -2.620
  5948.482     107.0     3.573    -3.600               3.450
  5948.491      23.1     3.796    -4.667
  5948.496     607.0     0.703    -2.126               7.650
  5948.516 106.00113     2.346    -4.072               3.456
  5948.521     607.0     0.690    -3.477               7.650
  5948.540 106.00113     3.581    -4.364               3.456
  5948.545    14.0       5.082    -1.231
  5948.545      26.0     4.593    -2.949
  5948.547     607.0     0.848    -2.737               7.650
  5948.557     107.0     3.573    -3.600               3.450
  5948.565      92.0     0.948    -1.408
  5948.569 106.00113     2.010    -4.378               3.456
  5948.569     607.0     0.703    -3.492               7.650
  5948.591     607.0     0.690    -2.126               7.650
  5948.700 106.00112     3.136    -4.199               3.456
  5948.723      58.1     1.244    -2.050
  5948.725     107.0     3.643    -3.314               3.450
  5948.764     607.0     0.641    -2.545               7.650
  5948.795     607.0     0.912    -2.479               7.650
  5948.824 106.00112     2.189    -4.294               3.456
  5948.824      24.0     3.845    -3.425
  5948.866      23.1     8.050    -2.777
  5948.896      26.1     8.038    -3.850
  5948.979     607.0     1.244    -4.855               7.650
  5948.987 106.00113     2.346    -4.064               3.456
  5949.003      70.1     8.133    -1.040
  5949.064 106.00113     2.519    -4.032               3.456
  5949.073     107.0     3.643    -3.314               3.450
  5949.104      58.1     1.365    -2.870
  5949.128 106.00113     2.010    -4.357               3.456
  5949.176      42.0     2.680    -2.536
  5949.243      28.0     4.088    -3.861
  5949.301      69.1     4.571    -2.270
  5949.337 106.00112     1.873    -4.492               3.456
  5949.346      26.0     4.608    -1.168
  5949.433 106.00112     1.873    -4.525               3.456
  5949.453     607.0     1.657    -3.286               7.650
  5949.472      26.0     3.274    -4.822
  5949.514 106.00113     2.519    -4.049               3.456
  5949.521 106.00112     2.189    -4.323               3.456
  5949.546 106.00113     1.704    -3.068               3.456
  5949.592     607.0     1.657    -2.024               7.650
  5949.593     607.0     0.630    -3.187               7.650
  5949.617      60.0     1.130    -0.270
  5949.652     607.0     0.630    -2.558               7.650
  5949.670 106.00113     1.704    -4.781               3.456
  5949.716      69.1     4.904    -2.950
  5949.798      26.0     5.372    -3.835
  5949.808 106.00112     2.189    -4.294               3.456
  5949.818      70.1     7.003    -1.400
  5949.850      21.0     3.791    -2.152
  5949.874     607.0     0.591    -3.526               7.650
  5949.987      39.0     2.038    -0.920
