DEIMOS
  5100.031      25.1     6.536    -4.729
  5100.070      27.0     4.113    -0.823
  5100.137    27.1      11.457     0.680
  5100.153      41.0     0.049    -1.440
  5100.247      26.1     8.193    -3.558
  5100.252 106.00112     0.987    -3.929               3.456
  5100.255 106.00113     3.376    -3.078               3.456
  5100.257 106.00112     0.987    -4.529               3.456
  5100.258      62.1     1.493    -0.490
  5100.278     607.0     0.898    -2.665               7.650
  5100.324     607.0     0.898    -3.907               7.650
  5100.325      42.0     2.988    -1.749
  5100.333 106.00112     2.876    -2.916               3.456
  5100.338 106.00112     2.055    -3.512               3.456
  5100.358     607.0     0.812    -3.971               7.650
  5100.376    27.1      11.323    -0.560
  5100.390      62.0     1.624     0.833
  5100.395 106.00112     2.055    -3.528               3.456
  5100.497 106.00113     3.708    -4.215               3.456
  5100.510      24.1     6.805    -4.582
  5100.518 106.00112     2.877    -2.930               3.456
  5100.554 106.00113     2.055    -3.528               3.456
  5100.599      58.1     3.562    -2.510
  5100.612    26.1      10.381     0.230
  5100.621      90.0     0.615    -1.813
  5100.664      26.1     2.807    -4.197
  5100.669 106.00112     2.817    -3.527               3.456
  5100.674      24.0     3.847    -3.763
  5100.674      24.0     5.280    -3.721
  5100.734    26.1      10.381     0.720
  5100.742 106.00113     2.055    -3.512               3.456
  5100.744      26.0     4.956    -3.449
  5100.751      22.0     3.161    -2.566
  5100.774    27.1      11.323     0.030
  5100.822      26.1     8.307    -4.865
  5100.822     607.0     0.886    -3.890               7.650
  5100.828      22.0     2.487    -2.293
  5100.852      26.1     5.911    -2.172
  5100.867     607.0     0.886    -2.665               7.650
  5100.895      27.0     4.113    -2.545
  5100.906      26.0     4.209    -1.866
  5100.927      64.1     1.598    -1.100
  5100.963      22.0     2.250    -1.522
  5100.969      15.0     6.954    -2.120
  5101.061     607.0     1.230    -4.608               7.650
  5101.072      69.1     4.744    -2.850
  5101.073      58.1     2.415    -3.550
  5101.130      69.0     2.355    -1.310
  5101.137      21.0     1.448    -0.561
  5101.161      58.1     4.097    -3.370
  5101.202 106.00112     0.987    -3.712               3.456
  5101.262 106.00112     2.818    -3.538               3.456
  5101.301    27.1      11.333    -0.550
  5101.390      44.0     1.419    -1.820
  5101.401      22.0     1.460    -2.634
  5101.468      24.0     4.533    -3.048
  5101.517 106.00112     3.198    -3.088               3.456
  5101.520 106.00112     3.198    -3.099               3.456
  5101.525      25.0     4.726    -3.152
  5101.546 106.00112     3.708    -1.375               3.456
  5101.555      70.1     5.747    -1.120
  5101.556     607.0     0.855    -3.082               7.650
  5101.585     607.0     0.976    -2.745               7.650
  5101.608 106.00113     1.314    -3.125               3.456
  5101.637 106.00113     2.817    -3.527               3.456
  5101.668     607.0     0.976    -4.434               7.650
  5101.695      24.0     4.855    -3.211
  5101.710 106.00112     1.055    -3.187               3.456
  5101.718      44.0     1.321    -2.390
  5101.728 106.00112     1.055    -4.830               3.456
  5101.768      24.0     5.262    -3.981
  5101.780      22.1     7.721    -4.478
  5101.804 106.00112     3.708    -4.215               3.456
  5101.805      26.1     6.138    -4.014
  5101.809      70.1     6.877    -1.480
  5101.849      26.0     5.010    -3.393
  5101.855      22.0     1.749    -3.942
  5101.905      24.0     3.888    -3.377
  5101.972      26.0     4.638    -3.048
  5101.999 106.00113     2.818    -3.538               3.456
  5102.061 106.00112     1.055    -4.797               3.456
  5102.080 106.00112     1.055    -3.107               3.456
  5102.090 106.00112     3.708    -1.365               3.456
  5102.098      25.1     5.567    -3.461
  5102.157      42.0     3.198    -1.671
  5102.206     607.0     0.878    -4.141               7.650
  5102.210      24.1     8.414    -4.990
  5102.228      22.1     7.709    -4.351
  5102.244      23.0     1.376    -4.433
  5102.280     607.0     0.878    -3.108               7.650
  5102.322      58.1     2.145    -1.780
  5102.363      22.0     2.239    -1.761
  5102.370     607.0     0.961    -2.834               7.650
  5102.390      60.1     0.680    -0.722
  5102.415 106.00112     3.289    -3.078               3.456
  5102.447 106.00112     2.370    -3.320               3.456
  5102.501 106.00112     2.370    -3.335               3.456
  5102.507      23.1     6.101    -3.634
  5102.513     607.0     0.808    -4.461               7.650
  5102.517      25.1     5.991    -1.934
  5102.520     607.0     1.085    -2.974               7.650
  5102.528      24.0     3.422    -2.734
  5102.648      26.0     4.186    -2.287
  5102.717     607.0     0.975    -2.841               7.650
  5102.741 106.00113     3.381    -2.560               3.456
  5102.767 106.00113     3.198    -3.099               3.456
  5102.774     607.0     0.975    -3.707               7.650
  5102.815      24.0     5.623    -2.969
  5102.837     607.0     0.845    -3.615               7.650
  5102.859      26.0     4.913    -3.363
  5102.874     607.0     0.846    -3.098               7.650
  5102.936 106.00113     2.370    -3.335               3.456
  5102.958      28.0     1.676    -2.620
  5102.991 106.00113     3.198    -3.088               3.456
  5103.020 106.00112     3.289    -3.088               3.456
  5103.029      28.0     4.236    -1.999
  5103.090      62.1     1.166    -0.350
  5103.124 106.00113     2.370    -3.320               3.456
  5103.124      22.0     2.738    -1.043
  5103.127 106.00113     3.711    -1.365               3.456
  5103.140      27.0     4.113    -1.689
  5103.154      69.1     4.706    -1.680
  5103.160      60.0     0.000    -0.514
  5103.189 106.00113     3.382    -2.549               3.456
  5103.317      25.1     6.671    -2.771
  5103.340    16.1      13.672    -0.457
  5103.341    27.1      11.335    -0.550
  5103.398      26.0     4.988    -2.962
  5103.444      33.0     6.399    -0.200
  5103.457      64.0     0.985     0.519
  5103.468      22.0     2.472    -2.176
  5103.478 106.00113     3.711    -1.375               3.456
  5103.499      76.0     1.084    -2.430
  5103.504     607.0     0.936    -3.475               7.650
  5103.522      22.0     3.392    -3.032
  5103.567      22.1     7.721    -3.678
  5103.620      24.0     4.446    -1.418
  5103.671      22.1     7.761    -4.196
  5103.689      24.1     6.803    -4.547
  5103.722      70.1     5.621    -2.830
  5103.771    27.1      11.326    -0.280
  5103.906      23.0     2.359    -2.226
  5103.917      58.1     3.144    -3.450
  5103.999      24.1     4.012    -4.495
  5104.000      58.1     4.192    -1.720
  5104.030      26.0     3.017    -3.000
  5104.031 106.00112     1.875    -3.917               3.456
  5104.062 106.00113     1.080    -4.833               3.456
  5104.080      62.1     1.266    -1.000
  5104.093 106.00113     1.080    -3.106               3.456
  5104.122 106.00113     3.289    -3.078               3.456
  5104.168     607.0     0.991    -4.147               7.650
  5104.190      26.0     4.178    -2.100
  5104.236 106.00113     0.999    -3.769               3.456
  5104.247     607.0     0.976    -4.431               7.650
  5104.252      22.1     7.738    -3.951
  5104.255      24.1     6.869    -3.493
  5104.277      24.0     3.889    -3.854
  5104.329      58.1     1.212    -2.290
  5104.330     607.0     0.976    -2.735               7.650
  5104.355      70.1     7.251    -1.020
  5104.369 106.00113     0.999    -4.625               3.456
  5104.398      70.1     5.581    -0.420
  5104.398 106.00113     1.080    -3.032               3.456
  5104.429 106.00113     1.080    -4.855               3.456
  5104.432      74.1     2.355    -0.910
  5104.432      22.0     2.236    -4.988
  5104.438      26.0     4.283    -1.820
  5104.458 106.00112     1.875    -3.931               3.456
  5104.479      62.1     0.998    -0.650
  5104.492      58.1     1.251    -3.360
  5104.495 106.00113     3.289    -3.088               3.456
  5104.510     607.0     0.910    -2.645               7.650
  5104.521      21.0     2.614    -3.626
  5104.523     607.0     0.820    -3.971               7.650
  5104.536      25.0     4.827    -2.789
  5104.558     607.0     0.910    -3.915               7.650
  5104.562 106.00113     1.875    -3.917               3.456
  5104.567     607.0     1.311    -4.065               7.650
  5104.570    27.1      11.401     0.450
  5104.638      23.0     2.359    -3.110
  5104.688      42.0     3.390    -1.700
  5104.717     607.0     0.898    -3.898               7.650
  5104.719      27.0     4.259    -4.253
  5104.724 106.00113     1.875    -3.931               3.456
  5104.763     607.0     0.898    -2.645               7.650
  5104.806      58.1     1.677    -1.910
  5104.842      22.0     2.778    -4.205
  5104.925 106.00113     1.000    -3.614               3.456
  5104.931      69.1     4.988    -1.390
  5104.974 106.00112     3.381    -2.560               3.456
  5104.979      24.1     8.415    -4.821
  5104.998      26.1     7.706    -4.174
  5105.007      70.1     6.950    -2.580
  5105.025      70.1     4.964    -1.310
  5105.052 106.00112     2.058    -3.512               3.456
  5105.142      24.0     4.455    -1.970
  5105.226      60.1     1.136    -0.610
  5105.227      58.1     0.900    -1.140
  5105.341      69.1     4.081    -1.830
  5105.423 106.00112     3.382    -2.549               3.456
  5105.441 106.00112     2.058    -3.528               3.456
  5105.456 106.00113     2.058    -3.512               3.456
  5105.537      29.0     1.389    -1.516
  5105.544      58.1     0.521    -2.310
  5105.581      24.0     4.447    -3.951
  5105.588      58.1     1.458    -2.960
  5105.591      69.1     4.856    -1.120
  5105.600 106.00113     2.058    -3.528               3.456
  5105.601      24.0     3.551    -2.192
  5105.631      21.0     3.101    -1.860
  5105.639      69.1     3.132    -1.110
  5105.652      22.0     2.236    -2.816
  5105.665     607.0     1.066    -3.122               7.650
  5105.789      20.0     5.049    -1.677
  5105.849      58.1     1.895    -0.660
  5105.892      24.0     4.411    -4.055
  5105.914     607.0     0.936    -4.745               7.650
  5105.934     607.0     0.865    -3.057               7.650
  5105.966      26.0     4.584    -4.980
  5106.012     607.0     1.146    -3.803               7.650
  5106.016     607.0     0.936    -3.469               7.650
  5106.061      23.0     1.804    -3.668
  5106.090      23.0     3.113    -4.701
  5106.106    26.1      10.329    -0.250
  5106.136      70.1     7.409    -1.620
  5106.166 106.00113     2.621    -3.428               3.456
  5106.217      58.1     1.279    -1.660
  5106.223      23.1     2.556    -2.437
  5106.236      57.0     0.331    -0.830
  5106.238      70.1     6.020    -2.870
  5106.239      26.0     4.913    -2.110
  5106.254      27.1     8.908    -4.201
  5106.333      24.1     8.614    -2.928
  5106.364     607.0     0.991    -4.142               7.650
  5106.369 106.00113     2.621    -3.410               3.456
  5106.395    27.1      11.457     0.350
  5106.397     607.0     0.897    -3.104               7.650
  5106.458      26.0     4.607    -1.865
  5106.473     607.0     1.311    -4.058               7.650
  5106.481      25.1     5.993    -3.084
  5106.502      24.0     4.193    -4.148
  5106.508     607.0     0.975    -2.820               7.650
  5106.624      26.0     4.284    -3.394
  5106.633 106.00113     3.708    -1.375               3.456
  5106.653 106.00112     1.314    -3.125               3.456
  5106.706      26.1     7.707    -4.733
  5106.818      24.1     8.184    -2.796
  5106.896     607.0     0.855    -3.621               7.650
  5106.935     607.0     0.855    -3.072               7.650
  5106.998      26.1     8.073    -4.861
  5106.998      58.1     1.088    -3.720
  5107.055 106.00112     2.372    -3.320               3.456
  5107.066      44.0     1.589    -1.230
  5107.076 106.00113     3.711    -4.215               3.456
  5107.092      25.1     7.382    -1.478
  5107.096     607.0     0.990    -2.826               7.650
  5107.110 106.00113     3.708    -1.365               3.456
  5107.138    27.1      11.326    -0.170
  5107.155     607.0     0.990    -3.715               7.650
  5107.245      26.1     6.209    -4.176
  5107.281     607.0     1.108    -2.977               7.650
  5107.358      21.0     1.996    -0.963
  5107.376     607.0     1.108    -4.223               7.650
  5107.404      64.1     1.288    -1.610
  5107.447    26.0       0.989    -3.087
  5107.463      26.1     7.695    -2.962
  5107.473 106.00112     2.372    -3.335               3.456
  5107.507      25.1     5.567    -3.951
  5107.520      13.0     3.143    -2.395
  5107.530      69.0     2.449    -0.190
  5107.536    27.1      11.326     0.590
  5107.541    26.1      10.391    -0.640
  5107.570      60.1     0.823    -0.370
  5107.579      70.1     7.080    -1.360
  5107.641    26.0       1.556    -2.418
  5107.674 106.00113     1.289    -2.969               3.456
  5107.674      24.0     0.983    -4.808
  5107.697 106.00113     2.946    -2.915               3.456
  5107.734 106.00113     2.372    -3.320               3.456
  5107.768      23.1     2.557    -3.102
  5107.873     607.0     1.066    -3.115               7.650
  5107.886     607.0     1.146    -3.797               7.650
  5107.908 106.00113     2.372    -3.335               3.456
  5107.916 106.00112     3.711    -1.365               3.456
  5107.918      42.0     3.395    -2.149
  5107.943      13.0     3.143    -2.697
  5107.943      28.0     4.538    -1.888
  5107.956      58.1     1.533    -2.390
  5107.979      27.1     8.853    -3.460
  5107.995 106.00113     2.946    -2.901               3.456
  5107.995      23.0     3.245    -4.380
  5108.018 106.00113     1.289    -3.021               3.456
  5108.046    27.1      11.335     0.030
  5108.125      21.0     2.608    -3.703
  5108.125      25.0     4.794    -3.345
  5108.128 106.00112     3.711    -1.375               3.456
  5108.130      24.1     8.050    -3.438
  5108.172      26.0     3.984    -3.849
  5108.261      22.0     2.778    -3.755
  5108.274 106.00113     1.289    -4.950               3.456
  5108.295      27.0     4.232    -1.154
  5108.386 106.00112     3.711    -4.215               3.456
  5108.397      26.0     4.559    -1.382
  5108.425      22.0     3.551    -1.470
  5108.433 106.00112     3.201    -3.088               3.456
  5108.447      58.1     1.644    -2.940
  5108.483      69.1     4.778    -0.260
  5108.510      24.0     3.556    -3.596
  5108.512      24.0     4.855    -2.655
  5108.615      26.0     4.607    -3.042
  5108.645     607.0     1.255    -4.613               7.650
  5108.647      25.0     4.794    -3.376
  5108.715 106.00112     2.723    -3.538               3.456
  5108.767      26.0     4.956    -4.193
  5108.789      24.0     4.193    -2.600
  5108.799 106.00112     2.723    -3.550               3.456
  5108.817     607.0     0.910    -3.907               7.650
  5108.854     607.0     0.828    -3.972               7.650
  5108.865     607.0     0.910    -2.626               7.650
  5108.872     607.0     0.922    -2.626               7.650
  5108.898      27.0     3.930    -0.370
  5108.903      64.1     1.659    -0.360
  5108.913 106.00112     2.621    -3.428               3.456
  5108.914      24.0     2.708    -2.217
  5108.922     607.0     0.922    -3.923               7.650
  5108.936     607.0     0.997    -2.735               7.650
  5108.963 106.00112     1.080    -3.106               3.456
  5108.971 106.00112     3.111    -3.099               3.456
  5108.981 106.00112     3.111    -3.110               3.456
  5108.987 106.00112     1.080    -4.855               3.456
  5109.022     607.0     0.997    -4.441               7.650
  5109.036 106.00112     3.202    -3.099               3.456
  5109.060      69.1     3.010    -2.800
  5109.062      21.0     2.136    -0.279
  5109.083      24.1     6.803    -3.740
  5109.130 106.00113     3.384    -2.549               3.456
  5109.135 106.00112     2.621    -3.410               3.456
  5109.206 106.00112     0.999    -3.769               3.456
  5109.216 106.00112     0.999    -4.625               3.456
  5109.225      58.1     0.122    -3.360
  5109.250 106.00112     1.080    -4.833               3.456
  5109.274 106.00112     1.080    -3.032               3.456
  5109.310 106.00113     2.723    -3.550               3.456
  5109.350 106.00113     3.385    -2.560               3.456
  5109.378      73.1     1.201    -1.480
  5109.431      22.0     1.443    -1.435
  5109.454 106.00113     2.723    -3.538               3.456
  5109.493     607.0     0.897    -4.148               7.650
  5109.507      22.0     3.583    -0.555
  5109.556      23.0     1.195    -4.706
  5109.570     607.0     0.897    -3.097               7.650
  5109.625      15.0     6.985    -1.090
  5109.652      26.0     4.301    -1.110
  5109.708      42.0     2.523    -1.006
  5109.710      58.1     1.533    -3.540
  5109.725      26.0     3.943    -4.471
  5109.774      22.0     2.267    -3.503
  5109.775      28.1     6.473    -2.919
  5109.780 106.00113     3.068    -2.957               3.456
  5109.783      73.0     0.697    -2.590
  5109.809 106.00113     2.623    -3.410               3.456
  5109.885      24.0     5.320    -3.515
  5109.900     607.0     1.108    -2.965               7.650
  5109.911 106.00113     3.201    -3.088               3.456
  5109.924     607.0     0.825    -4.469               7.650
  5109.932 106.00112     3.708    -1.375               3.456
  5109.932 106.00113     2.623    -3.428               3.456
  5109.935 106.00112     1.000    -3.614               3.456
  5109.968      26.0     4.608    -4.264
  5110.004      26.0     5.010    -3.752
  5110.008 106.00113     3.111    -3.110               3.456
  5110.050      23.1     8.790    -3.417
  5110.068      58.1     0.459    -3.600
  5110.094      58.1     1.676    -2.310
  5110.175 106.00113     3.068    -2.944               3.456
  5110.193 106.00112     3.708    -4.215               3.456
  5110.214 106.00112     2.946    -2.915               3.456
  5110.222 106.00113     3.111    -3.099               3.456
  5110.264      21.1     8.189    -3.836
  5110.269      26.0     4.956    -2.260
  5110.287 106.00113     3.202    -3.099               3.456
  5110.308 106.00113     3.708    -4.215               3.456
  5110.308      26.0     4.607    -2.116
  5110.324      66.0     2.425     0.797
  5110.333      69.1     4.706    -3.800
  5110.353      74.0     1.868    -1.650
  5110.359    26.0       3.571    -1.366
  5110.365      42.0     2.758    -1.673
  5110.371      59.1     0.508    -0.492
  5110.395     107.0     3.353    -2.904               3.450
  5110.413    26.0       0.000    -3.760
  5110.443      26.0     4.260    -2.541
  5110.480 106.00112     3.708    -1.365               3.456
  5110.491     607.0     0.875    -3.033               7.650
  5110.512      24.1     6.686    -2.593
  5110.512    27.1      11.333    -0.380
  5110.525 106.00112     2.946    -2.901               3.456
  5110.748     607.0     0.990    -2.806               7.650
  5110.749      24.0     2.709    -1.289
  5110.760      59.1     1.148     0.287
  5110.794      27.0     4.232    -2.901
  5110.808     107.0     3.353    -2.904               3.450
  5110.823      76.0     1.368    -2.300
  5110.841      46.0     4.395     0.130
  5110.864      90.1     2.054    -0.884
  5110.934      58.1     1.775    -2.680
  5110.997      58.1     1.090    -2.350
  5110.998      23.0     1.942    -4.054
  5111.003 106.00112     3.068    -2.957               3.456
  5111.041      22.0     3.166    -1.143
  5111.106     607.0     0.865    -3.628               7.650
  5111.147     607.0     0.865    -3.047               7.650
  5111.150      62.1     0.333    -2.330
  5111.189      23.0     3.116    -0.372
  5111.190      20.0     5.181    -2.171
  5111.209      24.0     4.193    -3.418
  5111.279      69.1     3.483    -2.100
  5111.322 106.00112     3.068    -2.944               3.456
  5111.341      58.1     1.254    -3.420
  5111.347      58.1     0.900    -3.730
  5111.355      26.0     3.547    -3.429
  5111.369 106.00112     3.384    -2.549               3.456
  5111.382      23.0     3.883    -4.163
  5111.444      26.0     3.274    -4.558
  5111.455      58.1     1.645    -2.340
  5111.458      23.1     6.664    -4.062
  5111.470      70.1     6.719    -0.700
  5111.492      70.1     5.517    -3.250
  5111.544      23.0     2.575    -3.428
  5111.567     607.0     0.997    -4.439               7.650
  5111.588 106.00112     3.385    -2.560               3.456
  5111.595      69.1     4.756    -2.230
  5111.610      58.0     0.591    -0.315
  5111.625      20.0     5.689    -2.060
  5111.653     607.0     0.997    -2.725               7.650
  5111.656     607.0     1.005    -2.812               7.650
  5111.661      26.0     4.608    -4.313
  5111.688      69.1     4.708    -1.440
  5111.717     607.0     1.005    -3.723               7.650
  5111.744      69.1     4.265    -2.190
  5111.855      26.0     4.913    -2.123
  5111.873      23.0     2.115    -4.417
  5111.915      29.0     5.569    -1.085
  5111.918      26.0     4.652    -4.509
  5111.920      64.1     1.575    -1.560
  5111.952      28.0     5.363    -4.111
  5111.958      69.1     4.355    -2.390
  5112.022      22.1     7.761    -3.690
  5112.080      24.1     6.803    -2.829
  5112.111      22.0     3.166    -1.666
  5112.130      72.0     0.699    -2.360
  5112.140      27.0     3.530    -4.893
  5112.212      19.0     1.617    -3.040
  5112.217      58.1     1.582    -2.210
  5112.238      58.1     0.792    -2.080
  5112.246      19.0     1.617    -2.080
  5112.270      40.1     1.665    -0.850
  5112.293      62.1     0.885    -1.550
  5112.323 106.00112     1.289    -3.021               3.456
  5112.446      27.1     3.408    -4.606
  5112.469      26.0     3.882    -5.092
  5112.475      23.1     6.101    -4.731
  5112.485      24.0     1.004    -3.700
  5112.509 106.00113     1.108    -4.858               3.456
  5112.519 106.00112     1.289    -4.950               3.456
  5112.543      58.1     1.027    -1.990
  5112.561 106.00112     1.289    -2.969               3.456
  5112.579 106.00112     2.623    -3.410               3.456
  5112.631 106.00113     1.108    -3.032               3.456
  5112.684 106.00112     2.623    -3.428               3.456
  5112.704      58.0     0.552     0.108
  5112.849      21.0     2.146    -0.405
  5112.869 106.00113     2.949    -2.901               3.456
  5112.878      58.1     1.088    -2.660
  5112.888 106.00113     1.108    -2.961               3.456
  5112.905      69.1     3.379    -1.030
  5112.912      24.0     3.104    -4.145
  5112.917      26.0     4.956    -3.060
  5112.948 106.00113     3.711    -1.365               3.456
  5112.974     607.0     0.961    -3.466               7.650
  5112.982      24.1     6.805    -3.867
  5112.999    26.1      10.391    -0.530
  5113.008 106.00113     1.108    -4.882               3.456
  5113.047      58.1     1.666    -2.320
  5113.066     607.0     0.922    -3.916               7.650
  5113.079 106.00113     2.949    -2.915               3.456
  5113.116     607.0     0.922    -2.608               7.650
  5113.120      27.0     4.110    -1.556
  5113.126      24.0     2.710    -1.517
  5113.155    27.1      11.335    -0.190
  5113.188      58.1     3.112    -2.640
  5113.220      27.0     2.080    -2.240
  5113.228 106.00113     3.711    -1.375               3.456
  5113.228      70.1     6.954    -2.740
  5113.234      26.0     4.218    -2.524
  5113.270      21.1     8.399    -3.098
  5113.368     607.0     0.836    -3.975               7.650
  5113.413      23.0     1.800    -2.862
  5113.440    22.0       1.443    -0.783
  5113.456     607.0     0.934    -2.608               7.650
  5113.508     607.0     0.934    -3.932               7.650
  5113.547      26.0     4.956    -3.232
  5113.568      58.1     1.855    -2.400
  5113.680      24.1     8.618    -4.911
  5113.726     607.0     1.235    -3.370               7.650
  5113.800      15.0     6.936    -2.000
  5113.849     607.0     1.235    -4.811               7.650
  5113.871      26.0     4.652    -3.328
  5113.884      69.1     4.854    -0.870
  5113.888      26.0     4.988    -3.145
  5113.900 106.00113     1.015    -3.650               3.456
  5113.910      22.0     2.249    -2.322
  5113.915     607.0     0.916    -3.092               7.650
  5113.970      69.0     0.000    -2.250
  5114.057      24.0     3.845    -4.407
  5114.060      21.0     3.340    -3.527
  5114.067 106.00113     1.015    -4.700               3.456
  5114.105      69.1     4.324    -2.170
  5114.141      24.1     6.805    -3.583
  5114.170      22.0     0.900    -4.300
  5114.188      25.1     5.991    -3.854
  5114.340      63.0     1.618    -0.140
  5114.413 106.00113     3.070    -2.944               3.456
  5114.444 106.00113     1.015    -3.526               3.456
  5114.467      24.0     3.556    -2.332
  5114.510      26.0     4.593    -2.641
  5114.530 106.00113     3.070    -2.957               3.456
  5114.546      69.1     2.855    -0.530
  5114.559      57.1     0.235    -1.030
  5114.630 106.00112     2.300    -3.333               3.456
  5114.685 106.00112     2.300    -3.349               3.456
  5114.712     607.0     1.122    -4.133               7.650
  5114.863      26.0     3.943    -4.903
  5114.885     607.0     1.131    -2.968               7.650
  5114.889 106.00113     2.300    -3.349               3.456
  5114.966      42.0     2.276    -1.468
  5114.982     607.0     1.131    -4.230               7.650
  5114.993      24.0     4.440    -1.683
  5115.001      23.0     3.087    -4.446
  5115.045      90.0     0.479    -1.795
  5115.061    26.1      10.431    -0.500
  5115.067 106.00113     2.300    -3.333               3.456
  5115.132      58.1     1.742    -0.820
  5115.161      26.0     4.956    -2.429
  5115.232      22.1     7.709    -3.350
  5115.234      23.1     6.334    -1.951
  5115.236      58.0     0.889     0.304
  5115.236      58.1     2.145    -1.130
  5115.241     607.0     0.886    -3.011               7.650
  5115.243      58.0     0.589     0.007
  5115.268      40.0     2.023    -0.100
  5115.388      22.0     1.879    -3.751
  5115.389      28.0     3.834    -0.110
  5115.404 106.00112     2.949    -2.901               3.456
  5115.407      27.0     4.113    -2.884
  5115.442     607.0     1.021    -4.140               7.650
  5115.514     607.0     0.875    -3.635               7.650
  5115.557     607.0     0.876    -3.023               7.650
  5115.562 106.00112     3.070    -2.944               3.456
  5115.586      26.0     4.638    -4.190
  5115.601 106.00112     2.949    -2.915               3.456
  5115.611      58.1     0.721    -2.770
  5115.636      42.0     3.395    -1.498
  5115.638      20.0     4.763    -2.278
  5115.643      58.0     0.719    -0.029
  5115.755 106.00112     3.070    -2.957               3.456
  5115.777      26.0     3.573    -2.870
  5115.817      20.0     5.832    -4.569
  5115.821 106.00112     3.114    -3.099               3.456
  5115.858     607.0     1.235    -3.362               7.650
  5115.925      69.1     4.736    -1.220
  5115.943     607.0     1.345    -4.060               7.650
  5116.043      26.0     4.143    -2.379
  5116.049      24.1     3.714    -3.637
  5116.056 106.00112     2.726    -3.538               3.456
  5116.097      24.0     5.288    -3.895
  5116.122      28.0     4.236    -2.607
  5116.185      22.0     3.569    -0.832
  5116.203      70.1     6.076    -1.520
  5116.214      22.0     3.104    -3.590
  5116.224      58.1     3.847    -2.030
  5116.248      24.1     6.805    -3.254
  5116.304      22.0     2.345    -3.197
  5116.326 106.00112     3.711    -1.365               3.456
  5116.342      58.1     1.296    -1.230
  5116.394     607.0     1.020    -2.798               7.650
  5116.412      70.1     7.064    -2.440
  5116.415 106.00112     3.114    -3.110               3.456
  5116.456     607.0     1.020    -3.731               7.650
  5116.491      26.0     3.884    -4.840
  5116.503     607.0     1.018    -2.725               7.650
  5116.512     607.0     1.281    -4.619               7.650
  5116.528      27.0     4.395    -2.861
  5116.535 106.00112     3.711    -1.375               3.456
  5116.539      58.1     0.902    -2.590
  5116.554      22.1     7.761    -3.117
  5116.570      60.1     0.742    -2.010
  5116.588      24.0     4.440    -1.935
  5116.591      26.0     4.966    -4.412
  5116.591     607.0     1.018    -4.448               7.650
  5116.619      26.0     3.884    -4.372
  5116.645 106.00112     2.727    -3.550               3.456
  5116.653      21.0     2.139    -0.167
  5116.689      62.1     0.933    -0.720
  5116.696      24.0     3.556    -3.039
  5116.746      58.1     4.128    -1.370
  5116.763      21.0     2.136    -0.275
  5116.797 106.00112     3.711    -4.215               3.456
  5116.797 106.00113     2.726    -3.538               3.456
  5116.807      20.0     5.832    -3.554
  5116.873      22.1     5.692    -4.701
  5116.889      24.0     3.887    -3.289
  5116.913 106.00113     3.711    -4.215               3.456
  5116.955      42.0     2.598    -1.755
  5116.963     607.0     0.916    -4.156               7.650
  5117.031    26.1      10.431    -0.040
  5117.042     607.0     0.916    -3.085               7.650
  5117.057      46.0     4.812     0.380
  5117.075 106.00113     3.114    -3.099               3.456
  5117.113      58.1     4.331    -3.980
  5117.144      42.0     3.444    -2.008
  5117.159 106.00113     2.727    -3.550               3.456
  5117.159      62.0     0.282     0.130
  5117.164      23.0     2.578    -4.061
  5117.169      58.1     1.402    -0.050
  5117.180      73.0     3.445     0.000
  5117.238      92.1     0.285    -2.116
  5117.289      69.1     4.856    -2.900
  5117.292      23.0     1.945    -2.861
  5117.321     607.0     1.178    -3.797               7.650
  5117.397     607.0     1.093    -3.107               7.650
  5117.408      24.1     6.805    -2.510
  5117.425      24.0     3.556    -1.765
  5117.437      26.0     4.988    -3.716
  5117.444 106.00113     3.114    -3.110               3.456
  5117.453     607.0     1.131    -2.957               7.650
  5117.484      21.0     5.028    -3.223
  5117.510     607.0     0.934    -3.925               7.650
  5117.523 106.00112     1.108    -3.032               3.456
  5117.523      59.1     0.922    -1.580
  5117.535     607.0     0.842    -4.476               7.650
  5117.546 106.00112     1.108    -4.882               3.456
  5117.562     607.0     0.934    -2.591               7.650
  5117.568      58.1     2.596    -3.090
  5117.569      26.0     4.796    -3.280
  5117.623     607.0     1.021    -4.135               7.650
  5117.641 106.00112     3.024    -3.110               3.456
  5117.641      24.0     3.888    -3.823
  5117.651      21.0     2.010    -3.336
  5117.659 106.00112     3.024    -3.121               3.456
  5117.664      22.1     7.721    -3.474
  5117.664      23.1     8.790    -3.744
  5117.713      70.1     5.771    -1.400
  5117.716    27.1      11.457    -0.020
  5117.734      26.0     4.652    -4.264
  5117.761 106.00112     1.108    -4.858               3.456
  5117.785 106.00112     1.108    -2.961               3.456
  5117.798    27.1      11.333     0.050
  5117.822 106.00113     1.984    -3.542               3.456
  5117.829 106.00112     3.471    -2.483               3.456
  5117.840 106.00112     1.984    -3.526               3.456
  5117.862     607.0     1.345    -4.053               7.650
  5117.882 106.00113     3.471    -2.483               3.456
  5117.898 106.00112     1.984    -3.542               3.456
  5117.905      25.0     3.763    -4.153
  5117.934      25.0     3.134    -1.140
  5117.945      58.1     1.247    -0.780
  5118.000 106.00113     1.984    -3.526               3.456
  5118.031      59.1     0.550    -1.429
  5118.047      27.0     3.971    -1.955
  5118.056     607.0     0.845    -3.979               7.650
  5118.125      69.1     4.340    -1.560
  5118.146     607.0     0.948    -2.591               7.650
  5118.170      23.0     2.365    -4.582
  5118.200     607.0     0.948    -3.940               7.650
  5118.203      26.0     3.929    -4.825
  5118.254      22.1     7.738    -3.807
  5118.276      58.1     1.140    -3.130
  5118.308      58.1     3.144     0.010
  5118.309 106.00112     3.471    -2.472               3.456
  5118.349      58.1     1.274    -1.420
  5118.385      58.1     1.042    -2.990
  5118.464      24.0     4.389    -4.288
  5118.471 106.00113     3.024    -3.121               3.456
  5118.485 106.00113     3.471    -2.472               3.456
  5118.500      24.1     8.363    -4.665
  5118.501      26.1     8.175    -3.013
  5118.521      58.1     1.027    -3.420
  5118.628      69.1     4.988    -2.790
  5118.668      23.1     8.790    -3.852
  5118.671 106.00113     3.024    -3.110               3.456
  5118.744      24.0     3.556    -2.022
  5118.757      58.1     1.027    -2.170
  5118.761      58.1     0.175    -2.590
  5118.762      58.1     1.092    -1.900
  5118.783      22.0     3.441    -3.609
  5118.885      58.0     0.398    -0.507
  5118.904      69.1     5.004    -2.620
  5118.907      21.0     2.001    -3.508
  5118.927 106.00112     1.015    -3.650               3.456
  5118.928      24.0     5.617    -2.243
  5118.938 106.00112     1.015    -4.700               3.456
  5118.959      58.1     1.296    -2.040
  5119.064 106.00112     2.302    -3.333               3.456
  5119.100      58.1     1.676    -2.560
  5119.100     607.0     1.018    -4.446               7.650
  5119.112      39.1     0.992    -1.360
  5119.162      70.1     7.707    -2.090
  5119.189     607.0     1.018    -2.715               7.650
  5119.192     607.0     1.178    -3.791               7.650
  5119.217      42.0     2.934    -2.398
  5119.292      23.0     3.089    -1.048
  5119.321      24.0     3.422    -1.408
  5119.334    26.1      10.391    -0.670
  5119.336      21.0     5.029    -3.423
  5119.336      25.1     5.991    -3.262
  5119.457      58.0     0.889    -0.312
  5119.457      58.0     0.850    -0.351
  5119.462 106.00112     2.302    -3.349               3.456
  5119.473      24.0     3.556    -2.164
  5119.502 106.00113     2.302    -3.333               3.456
  5119.512      58.0     0.732    -0.468
  5119.517 106.00112     1.015    -3.526               3.456
  5119.621      60.1     0.680    -1.431
  5119.660      58.1     4.105    -2.610
  5119.667 106.00113     2.302    -3.349               3.456
  5119.734      58.1     1.140    -1.380
  5119.800 106.00112     3.094    -3.209               3.456
  5119.833      69.1     2.185    -3.420
  5119.898     607.0     1.020    -2.779               7.650
  5119.900      26.0     3.882    -3.180
  5119.908      21.1     8.231    -4.034
  5119.908      21.1     8.231    -3.098
  5119.919    27.1      11.333     0.100
  5119.932 106.00112     1.795    -3.930               3.456
  5119.981      22.0     3.399    -3.905
  5120.015 106.00112     1.795    -3.946               3.456
  5120.029 106.00113     1.795    -3.946               3.456
  5120.036      66.0     2.171     0.750
  5120.071     607.0     0.886    -3.643               7.650
  5120.084      23.0     2.115    -4.766
  5120.115     607.0     0.886    -3.001               7.650
  5120.124     607.0     0.898    -2.989               7.650
  5120.165      27.1     5.467    -4.249
  5120.170 106.00112     3.094    -3.197               3.456
  5120.183 106.00112     3.020    -3.220               3.456
  5120.197      22.0     3.424    -3.880
  5120.199 106.00113     1.795    -3.930               3.456
  5120.205      58.1     3.460    -3.890
  5120.291      41.0     0.049    -1.420
  5120.313      58.1     1.319    -3.740
  5120.322      75.0     3.028    -1.000
  5120.352      26.1     2.828    -4.256
  5120.362      24.0     3.435    -3.427
  5120.415      22.0     2.578     0.545
  5120.435      40.0     1.975    -0.580
  5120.532 106.00112     3.020    -3.208               3.456
  5120.575      58.1     2.008    -2.630
  5120.606      24.0     4.175    -4.337
  5120.669      69.0     2.449    -0.301
  5120.673      58.1     0.740    -3.030
  5120.679      45.0     1.676    -2.010
  5120.782      58.0     0.521    -0.226
  5120.815 106.00112     3.168    -3.198               3.456
  5120.857      26.0     4.415    -4.490
  5120.868      57.0     1.047    -0.760
  5120.892      26.0     4.446    -2.739
  5120.920 106.00113     2.681    -3.408               3.456
  5120.933      27.1     5.175    -2.712
  5120.936      21.0     2.608    -2.855
  5120.963      26.0     4.733    -4.169
  5121.015      24.1     8.215    -2.934
  5121.070      24.0     5.347    -4.203
  5121.078      24.1     6.869    -2.286
  5121.130 106.00113     2.681    -3.391               3.456
  5121.151 106.00113     3.623    -2.462               3.456
  5121.209 106.00112     3.168    -3.186               3.456
  5121.222      33.0     6.399     0.500
  5121.240      58.1     1.784    -1.840
  5121.243     607.0     1.036    -2.785               7.650
  5121.296      22.0     2.480    -3.098
  5121.308     607.0     1.036    -3.739               7.650
  5121.328      60.1     1.121    -1.060
  5121.358      58.0     1.141     0.227
  5121.395      23.0     1.931    -2.733
  5121.399      70.1     5.572    -2.080
  5121.426      20.0     5.181    -2.992
  5121.550 106.00112     3.413    -3.154               3.456
  5121.557      28.0     3.941    -1.005
  5121.583      70.1     5.510    -0.860
  5121.606      26.0     4.446    -4.406
  5121.623     607.0     0.936    -3.081               7.650
  5121.639      26.0     4.283    -0.940
  5121.643      58.1     1.274    -2.700
  5121.735      69.1     4.833    -1.900
  5121.752 106.00113     3.623    -2.452               3.456
  5121.766      42.0     3.390    -1.301
  5121.780      69.1     4.531    -2.220
  5121.785      24.0     5.271    -4.254
  5121.791      28.1     9.909    -3.191
  5121.799      41.0     1.610    -1.200
  5121.835      26.0     4.985    -4.272
  5121.846 106.00112     2.946    -3.232               3.456
  5121.965      22.0     3.171    -1.157
  5121.966      26.0     3.547    -3.845
  5121.967 106.00113     3.094    -3.209               3.456
  5121.996 106.00112     3.413    -3.143               3.456
  5122.022      21.0     2.614    -2.718
  5122.055      69.1     3.484    -1.360
  5122.067 106.00113     3.020    -3.220               3.456
  5122.069 106.00112     3.623    -2.462               3.456
  5122.090      22.0     2.236    -2.508
  5122.102     607.0     0.948    -3.934               7.650
  5122.115      24.0     1.030    -3.178
  5122.138      62.0     0.388     0.155
  5122.155     607.0     0.948    -2.575               7.650
  5122.174      28.1     9.897    -3.489
  5122.177 106.00112     2.946    -3.220               3.456
  5122.222      26.0     4.966    -3.952
  5122.237      76.0     1.841    -2.240
  5122.335      23.0     1.804    -4.066
  5122.356 106.00112     1.986    -3.526               3.456
  5122.392      58.0     0.274    -0.470
  5122.403      26.0     4.835    -4.049
  5122.418      58.1     0.529    -2.470
  5122.447 106.00113     1.138    -4.869               3.456
  5122.481      15.0     6.936    -2.500
  5122.492      69.1     4.140    -2.950
  5122.516 106.00113     1.986    -3.526               3.456
  5122.594      24.1     8.264    -2.977
  5122.607 106.00112     3.623    -2.452               3.456
  5122.628 106.00113     3.094    -3.197               3.456
  5122.639      24.0     5.615    -2.366
  5122.652 106.00113     1.986    -3.542               3.456
  5122.657 106.00113     1.138    -2.961               3.456
  5122.663     607.0     1.155    -2.960               7.650
  5122.699 106.00113     3.020    -3.208               3.456
  5122.702      23.0     2.581    -4.168
  5122.720      69.1     4.364    -0.200
  5122.728 106.00112     1.986    -3.542               3.456
  5122.733      69.1     4.235    -1.390
  5122.757      23.0     1.800    -3.027
  5122.763     607.0     1.155    -4.236               7.650
  5122.767      24.0     3.368    -1.414
  5122.768      27.0     3.665    -0.644
  5122.805     607.0     0.987    -3.458               7.650
  5122.847      22.0     2.495    -3.159
  5122.854 106.00113     3.463    -2.548               3.456
  5122.873 106.00113     1.138    -2.894               3.456
  5122.923     607.0     0.855    -3.984               7.650
  5122.978      23.1     8.790    -3.663
  5122.988      57.1     0.321    -0.850
  5123.013     607.0     0.961    -2.575               7.650
  5123.069     607.0     0.961    -3.948               7.650
  5123.083 106.00113     1.138    -4.894               3.456
  5123.091 106.00113     3.413    -3.154               3.456
  5123.187      58.1     3.469    -3.400
  5123.188      26.1     7.703    -2.458
  5123.211      39.1     0.992    -0.830
  5123.266      26.0     3.301    -4.331
  5123.269      69.1     4.778    -2.270
  5123.274 106.00113     3.168    -3.198               3.456
  5123.277 106.00112     3.474    -2.472               3.456
  5123.279      26.0     4.415    -2.458
  5123.300      69.1     4.839    -1.720
  5123.300      69.1     4.904    -3.080
  5123.306      22.1     7.738    -3.448
  5123.324 106.00113     3.463    -2.538               3.456
  5123.327      25.1     5.993    -1.876
  5123.331      58.1     1.677    -3.140
  5123.358 106.00112     3.243    -3.187               3.456
  5123.393      27.0     3.133    -3.994
  5123.453 106.00113     3.474    -2.472               3.456
  5123.455 106.00113     2.946    -3.232               3.456
  5123.456      25.0     4.794    -4.036
  5123.456      25.0     4.794    -3.456
  5123.458      23.0     2.581    -4.982
  5123.461      24.0     1.030    -2.960
  5123.513 106.00112     3.474    -2.483               3.456
  5123.540      25.1     7.760    -4.145
  5123.566 106.00113     3.474    -2.483               3.456
  5123.655      64.1     1.318    -1.440
  5123.658      77.0     1.606    -2.410
  5123.702 106.00112     2.681    -3.408               3.456
  5123.720    26.0       1.010    -3.068
  5123.758      44.0     1.419    -2.290
  5123.760 106.00113     3.413    -3.143               3.456
  5123.776 106.00112     3.244    -3.176               3.456
  5123.779      60.1     0.380    -0.610
  5123.792 106.00113     3.020    -2.900               3.456
  5123.820      42.0     3.399    -1.241
  5123.838      69.1     4.110    -2.350
  5123.854      22.0     3.546    -1.556
  5123.931 106.00112     2.681    -3.391               3.456
  5123.970 106.00113     3.168    -3.186               3.456
  5124.045      26.0     4.608    -2.300
  5124.054      26.1     5.569    -3.885
  5124.062 106.00113     2.946    -3.220               3.456
  5124.072      22.0     1.502    -0.082
  5124.112 106.00113     3.020    -2.887               3.456
  5124.139      58.1     3.371    -3.270
  5124.148      58.1     1.544    -1.390
  5124.214      27.1     8.993    -3.765
  5124.225     607.0     1.040    -2.715               7.650
  5124.233      74.0     1.857    -1.670
  5124.251      69.1     3.283    -0.590
  5124.305      22.0     2.250    -2.540
  5124.315     607.0     1.040    -4.455               7.650
  5124.369      24.1     8.086    -4.181
  5124.377      21.0     2.139    -0.973
  5124.380      25.0     5.112    -0.963
  5124.396 106.00113     1.033    -3.552               3.456
  5124.417 106.00112     3.028    -3.110               3.456
  5124.510      69.0     2.355    -1.730
  5124.510     607.0     1.308    -4.624               7.650
  5124.540      26.0     5.020    -4.198
  5124.557      42.0     3.700    -1.417
  5124.561      68.0     0.000    -1.485
  5124.606 106.00113     1.033    -4.759               3.456
  5124.619      26.0     3.301    -3.090
  5124.626     607.0     0.936    -4.163               7.650
  5124.666      22.1     7.761    -2.966
  5124.682 106.00112     2.874    -3.244               3.456
  5124.693      27.0     4.240    -2.063
  5124.707     607.0     0.936    -3.074               7.650
  5124.719      69.1     4.706    -1.920
  5124.724      26.0     4.913    -1.972
  5124.729      27.0     4.149    -1.049
  5124.748 106.00113     2.683    -3.391               3.456
  5124.753     607.0     1.036    -2.766               7.650
  5124.771      63.0     1.970     0.040
  5124.800      27.0     4.049    -0.665
  5124.822     607.0     0.898    -3.651               7.650
  5124.840      62.1     1.166    -1.070
  5124.847 106.00113     1.034    -3.447               3.456
  5124.859      14.0     4.920    -3.584
  5124.869     607.0     0.898    -2.980               7.650
  5124.887 106.00113     2.683    -3.408               3.456
  5124.963 106.00112     2.633    -3.550               3.456
  5124.966 106.00112     1.798    -3.930               3.456
  5124.982      40.1     1.532    -1.500
  5124.997 106.00112     2.874    -3.231               3.456
  5125.005 106.00112     3.028    -3.121               3.456
  5125.009      58.0     0.552    -0.196
  5125.032     607.0     1.120    -3.107               7.650
  5125.052 106.00112     2.633    -3.561               3.456
  5125.068      23.1     6.339    -3.777
  5125.087 106.00113     3.471    -2.823               3.456
  5125.105 106.00112     3.463    -2.548               3.456
  5125.117      26.0     4.220    -0.270
  5125.121      27.0     4.475    -2.413
  5125.170      22.0     3.559    -0.956
  5125.170     607.0     0.910    -2.969               7.650
  5125.194     607.0     0.987    -4.757               7.650
  5125.197      70.1     7.980    -1.670
  5125.197 106.00112     3.096    -3.197               3.456
  5125.201      22.0     2.506    -2.679
  5125.209     607.0     1.155    -2.949               7.650
  5125.228      28.0     3.679    -0.650
  5125.234 106.00113     1.798    -3.930               3.456
  5125.242      69.1     4.329    -2.030
  5125.243      26.1     7.269    -3.244
  5125.247      69.1     4.723    -1.010
  5125.257      26.0     4.956    -2.856
  5125.301     607.0     0.987    -3.452               7.650
  5125.337     607.0     0.860    -4.484               7.650
  5125.344 106.00113     2.633    -3.561               3.456
  5125.378 106.00112     1.798    -3.946               3.456
  5125.391 106.00112     3.096    -3.209               3.456
  5125.391 106.00113     1.798    -3.946               3.456
  5125.440      58.1     2.250    -1.810
  5125.449 106.00113     3.028    -3.110               3.456
  5125.468 106.00113     3.471    -2.811               3.456
  5125.478 106.00113     2.633    -3.550               3.456
  5125.504 106.00112     3.022    -3.208               3.456
  5125.555      64.1     1.425    -0.750
  5125.560      62.1     0.248    -3.200
  5125.578 106.00112     3.463    -2.538               3.456
  5125.601      14.0     5.082    -2.275
  5125.602      25.0     4.726    -3.148
  5125.694 106.00112     3.022    -3.220               3.456
  5125.709      27.0     3.930    -0.977
  5125.717     607.0     1.265    -3.355               7.650
  5125.791      27.0     4.149    -3.566
  5125.820 106.00113     3.028    -3.121               3.456
  5125.837      26.0     4.143    -2.403
  5125.850      22.0     3.294    -3.445
  5125.861      58.1     0.960    -1.890
  5125.898      58.1     1.404    -1.520
  5125.917      26.1     9.100    -2.543
  5126.027 106.00113     2.874    -3.244               3.456
  5126.077      27.1     5.175    -2.648
  5126.096      26.0     5.033    -4.146
  5126.122 106.00113     3.243    -3.187               3.456
  5126.122      58.1     1.042    -2.960
  5126.132      26.0     3.237    -3.600
  5126.149      58.1     1.212    -1.680
  5126.182      24.0     3.369    -1.565
  5126.193      26.0     4.256    -1.210
  5126.198      27.0     3.622    -0.529
  5126.214      22.1     7.738    -3.944
  5126.219 106.00112     3.415    -3.143               3.456
  5126.269 106.00112     3.171    -3.186               3.456
  5126.298      22.1     7.721    -3.992
  5126.318     607.0     1.052    -2.772               7.650
  5126.338 106.00112     3.020    -2.900               3.456
  5126.377      58.1     1.495    -3.420
  5126.384     607.0     1.052    -3.747               7.650
  5126.429      69.1     3.934    -2.340
  5126.453 106.00112     3.416    -3.154               3.456
  5126.472 106.00112     3.171    -3.198               3.456
  5126.499      24.0     3.369    -1.241
  5126.527      26.0     4.913    -4.517
  5126.548 106.00113     3.626    -2.452               3.456
  5126.572      23.0     1.950    -2.337
  5126.579      26.0     3.882    -4.614
  5126.608 106.00113     2.874    -3.231               3.456
  5126.671 106.00112     3.020    -2.887               3.456
  5126.704      42.0     2.646    -2.000
  5126.724 106.00113     3.626    -2.462               3.456
  5126.774 106.00113     1.333    -2.916               3.456
  5126.774     607.0     1.040    -4.452               7.650
  5126.806      27.0     3.930    -1.991
  5126.821      28.0     3.699    -0.702
  5126.841      26.1     8.104    -4.597
  5126.853 106.00113     3.244    -3.176               3.456
  5126.864     607.0     1.040    -2.706               7.650
  5126.874     607.0     0.961    -3.942               7.650
  5126.924     607.0     1.052    -4.133               7.650
  5126.929     607.0     0.961    -2.559               7.650
  5126.934      24.1     5.873    -2.881
  5127.063      22.0     2.677    -1.269
  5127.079 106.00112     2.949    -3.220               3.456
  5127.110      62.1     0.659    -1.510
  5127.142     607.0     1.120    -3.100               7.650
  5127.184 106.00113     1.333    -2.964               3.456
  5127.232      23.0     2.583    -4.204
  5127.250      44.0     1.193    -2.090
  5127.250      69.1     1.087    -2.950
  5127.258 106.00112     2.949    -3.232               3.456
  5127.277      58.1     1.626    -2.610
  5127.283      69.1     4.756    -2.620
  5127.310 106.00112     2.232    -3.347               3.456
  5127.339      26.0     4.294    -3.172
  5127.342 106.00113     2.232    -3.363               3.456
  5127.345      26.0     4.988    -2.725
  5127.359    26.0       0.914    -3.307
  5127.363 106.00112     2.232    -3.363               3.456
  5127.367      22.0     2.256    -2.497
  5127.384 106.00112     2.938    -3.121               3.456
  5127.403      68.1     1.701    -0.667
  5127.405 106.00112     3.626    -2.452               3.456
  5127.410 106.00112     2.938    -3.132               3.456
  5127.434 106.00113     1.333    -4.957               3.456
  5127.515 106.00113     2.232    -3.347               3.456
  5127.533      24.0     3.698    -3.964
  5127.552     607.0     1.380    -4.054               7.650
  5127.552 106.00112     2.683    -3.391               3.456
  5127.563 106.00113     3.096    -3.209               3.456
  5127.568 106.00112     3.319    -3.176               3.456
  5127.573 106.00112     1.138    -2.961               3.456
  5127.581 106.00113     3.022    -3.220               3.456
  5127.600 106.00112     1.138    -4.894               3.456
  5127.635      58.1     0.459    -3.400
  5127.644 106.00112     3.626    -2.462               3.456
  5127.652      41.0     1.255    -1.550
  5127.660 106.00113     3.096    -3.197               3.456
  5127.673 106.00112     2.683    -3.408               3.456
  5127.676 106.00113     3.022    -3.208               3.456
  5127.680    26.0       0.052    -6.125
  5127.707      58.1     1.748    -3.120
  5127.739      27.0     4.395    -3.290
  5127.765      69.1     4.461    -2.160
  5127.768 106.00112     1.138    -4.869               3.456
  5127.794 106.00112     1.138    -2.894               3.456
  5127.807      24.0     5.611    -2.634
  5127.810      27.1     5.467    -4.721
  5127.820      69.0     2.449    -1.260
  5127.847      24.0     3.104    -4.414
  5127.853      42.0     3.156    -1.696
  5127.866      26.1     5.571    -2.451
  5127.933      58.0     0.999    -0.723
  5127.935      24.0     5.274    -3.552
  5127.937     607.0     0.865    -3.989               7.650
  5127.948      58.1     3.463    -2.970
  5127.955      24.1     8.718    -4.889
  5127.986 106.00113     3.415    -3.143               3.456
  5127.989      27.1     9.069    -3.466
  5127.997 106.00113     3.416    -3.154               3.456
  5128.000      58.1     1.613    -3.780
  5128.010 106.00113     2.938    -3.132               3.456
  5128.013 106.00112     3.319    -3.165               3.456
  5128.024      58.0     0.911    -0.479
  5128.034      14.0     5.082    -2.536
  5128.036      58.1     1.796    -1.710
  5128.041      20.0     4.769    -3.827
  5128.048     607.0     0.975    -2.559               7.650
  5128.080      69.1     3.186    -0.920
  5128.082      28.0     3.699    -2.461
  5128.105     607.0     0.975    -3.957               7.650
  5128.147      24.1     5.493    -4.510
  5128.199 106.00113     2.938    -3.121               3.456
  5128.293      69.1     4.531    -1.880
  5128.302      25.1     5.991    -4.764
  5128.346      70.1     6.950    -2.690
  5128.423      24.1     8.351    -4.995
  5128.446      42.0     4.053    -1.078
  5128.494      23.0     2.286    -0.107
  5128.505      72.1     2.156    -1.590
  5128.541      70.1     5.633    -1.110
  5128.552      58.1     1.092    -2.940
  5128.561      70.1     7.707    -1.560
  5128.591 106.00112     2.803    -3.257               3.456
  5128.728 106.00112     3.471    -2.823               3.456
  5128.748      58.1     2.000    -1.270
  5128.848     607.0     1.210    -3.791               7.650
  5128.854 106.00112     3.246    -3.176               3.456
  5128.870 106.00113     2.949    -3.232               3.456
  5128.886 106.00112     2.803    -3.243               3.456
  5128.936 106.00113     3.171    -3.198               3.456
  5128.968 106.00113     2.949    -3.220               3.456
  5129.036 106.00113     3.171    -3.186               3.456
  5129.062 106.00112     3.246    -3.187               3.456
  5129.090      63.0     1.668    -0.030
  5129.091 106.00113     3.022    -2.887               3.456
  5129.101     607.0     1.052    -4.128               7.650
  5129.156    22.1       1.892    -1.239
  5129.176      24.1     8.728    -3.433
  5129.197 106.00112     3.471    -2.811               3.456
  5129.202    27.1      11.241     1.120
  5129.210      69.0     2.449    -1.980
  5129.268      44.0     0.811    -3.870
  5129.298      58.1     2.319    -3.800
  5129.307 106.00113     3.466    -2.538               3.456
  5129.310 106.00113     3.022    -2.900               3.456
  5129.327      58.1     3.913    -2.130
  5129.344      69.1     4.265    -3.100
  5129.370      28.0     3.679    -0.630
  5129.373      25.0     4.794    -3.339
  5129.463     607.0     0.956    -3.070               7.650
  5129.469     607.0     1.380    -4.047               7.650
  5129.489 106.00112     1.033    -3.552               3.456
  5129.493     607.0     0.003    -4.867               7.650
  5129.499      25.1     7.757    -3.589
  5129.502 106.00112     1.033    -4.759               3.456
  5129.528      24.0     4.446    -2.564
  5129.531 106.00113     3.466    -2.548               3.456
  5129.533      59.1     0.648    -0.340
  5129.554      70.1     6.257    -0.990
  5129.559     607.0     0.001    -4.955               7.650
  5129.570     607.0     0.005    -4.897               7.650
  5129.573      21.1     8.399    -1.891
  5129.575      24.0     0.968    -4.500
  5129.578     607.0     0.005    -4.804               7.650
  5129.631      26.0     3.943    -1.980
  5129.681 106.00113     2.803    -3.257               3.456
  5129.742     607.0     1.052    -2.754               7.650
  5129.749     607.0     0.910    -3.659               7.650
  5129.750      26.1     8.145    -2.802
  5129.795      58.1     1.406    -2.410
  5129.797      21.0     2.608    -4.292
  5129.797     607.0     0.910    -2.960               7.650
  5129.798     607.0     0.007    -4.792               7.650
  5129.809     607.0     0.007    -4.759               7.650
  5129.812 106.00112     2.876    -3.231               3.456
  5129.840      66.1     2.412    -0.780
  5129.952      69.1     4.571    -3.900
  5129.972    27.1      11.471     0.270
  5129.981 106.00112     2.877    -3.244               3.456
  5129.986 106.00112     1.034    -3.447               3.456
  5130.002      25.0     5.405    -2.777
  5130.049      24.0     5.623    -1.705
  5130.083      58.1     1.140    -2.960
  5130.089      63.0     1.970     0.040
  5130.115      74.0     2.971    -0.630
  5130.118     607.0     0.010    -4.704               7.650
  5130.130     607.0     0.010    -4.725               7.650
  5130.147      24.1     5.662    -4.385
  5130.234 106.00113     2.803    -3.243               3.456
  5130.234      24.0     5.607    -3.119
  5130.270      64.1     1.584    -0.930
  5130.310      21.0     2.146    -1.204
  5130.313      26.0     4.966    -4.477
  5130.359      28.0     3.841    -1.250
  5130.396     607.0     0.922    -2.949               7.650
  5130.424      24.0     3.435    -1.259
  5130.449 106.00113     3.474    -2.811               3.456
  5130.529      23.0     2.616    -1.595
  5130.558      25.0     4.194    -3.785
  5130.586      60.1     1.304     0.450
  5130.588      70.1     7.166    -1.680
  5130.602     607.0     1.180    -2.951               7.650
  5130.612     607.0     0.013    -4.628               7.650
  5130.623      26.0     3.884    -4.807
  5130.626     607.0     0.013    -4.700               7.650
  5130.650 106.00113     3.319    -3.176               3.456
  5130.686      33.0     6.559     0.500
  5130.704     607.0     1.180    -4.242               7.650
  5130.717     607.0     1.211    -3.785               7.650
  5130.763      45.0     1.783    -2.160
  5130.766      27.0     4.475    -4.126
  5130.768      69.1     4.174    -1.780
  5130.787 106.00113     3.474    -2.823               3.456
  5130.910      26.0     4.313    -2.948
  5130.912      69.1     4.266    -2.080
  5130.949      58.1     4.322    -3.820
  5131.003      27.0     4.110    -1.959
  5131.005      70.1     5.341    -1.880
  5131.042      23.0     3.877    -3.483
  5131.072      90.1     1.890    -1.147
  5131.191      58.1     0.000    -2.470
  5131.206     607.0     0.017    -4.561               7.650
  5131.210      26.1     7.489    -2.707
  5131.222     607.0     0.017    -4.682               7.650
  5131.250      69.1     4.571    -1.880
  5131.282      69.1     4.368    -2.470
  5131.305      58.1     3.736    -2.750
  5131.308      22.1     1.893    -3.015
  5131.308      27.0     4.064    -1.969
  5131.329 106.00113     2.877    -3.244               3.456
  5131.345      69.1     4.324    -2.090
  5131.416 106.00113     3.319    -3.165               3.456
  5131.426 106.00113     2.876    -3.231               3.456
  5131.453      69.1     3.936    -1.830
  5131.461 106.00112     1.333    -2.964               3.456
  5131.461      69.1     4.856    -1.300
  5131.468      26.0     2.223    -2.645
  5131.474      25.1     7.758    -3.344
  5131.490      24.0     5.623    -2.544
  5131.508       6.0     8.640    -3.960
  5131.509      24.0     4.447    -3.046
  5131.528      68.0     0.954    -0.344
  5131.535     607.0     1.069    -2.759               7.650
  5131.561 106.00112     2.234    -3.347               3.456
  5131.566 106.00112     3.466    -2.538               3.456
  5131.604     607.0     1.069    -3.755               7.650
  5131.642 106.00112     1.333    -4.957               3.456
  5131.648      26.0     5.033    -4.617
  5131.656 106.00112     3.022    -2.887               3.456
  5131.687 106.00112     1.333    -2.916               3.456
  5131.711      23.0     1.804    -3.270
  5131.766      28.0     3.699    -1.351
  5131.766      58.1     0.000    -3.070
  5131.766 106.00113     2.234    -3.347               3.456
  5131.787 106.00112     3.466    -2.548               3.456
  5131.800      58.1     3.914    -1.650
  5131.808      74.1     2.536    -1.350
  5131.812     607.0     0.975    -3.951               7.650
  5131.819      22.0     3.176    -3.196
  5131.829 106.00113     3.136    -2.944               3.456
  5131.832 106.00113     3.246    -3.187               3.456
  5131.861 106.00112     3.022    -2.900               3.456
  5131.863      69.1     4.744    -2.030
  5131.869     607.0     0.975    -2.543               7.650
  5131.903       6.0     8.640    -4.530
  5131.913     607.0     0.021    -4.501               7.650
  5131.916 106.00113     2.234    -3.363               3.456
  5131.931     607.0     0.021    -4.670               7.650
  5131.938 106.00112     2.234    -3.363               3.456
  5131.938 106.00113     3.246    -3.176               3.456
  5131.989      15.0     7.213    -2.500
  5131.994    27.1      11.241     0.410
  5132.002      26.1     8.214    -4.590
  5132.087      22.0     1.887    -3.018
  5132.130      69.1     4.114    -2.050
  5132.148      23.1     2.544    -2.650
  5132.168     607.0     1.062    -2.706               7.650
  5132.177 106.00112     2.636    -3.550               3.456
  5132.193      25.1     7.758    -3.561
  5132.212      62.0     1.543     0.060
  5132.254 106.00113     3.136    -2.931               3.456
  5132.260     607.0     1.062    -4.461               7.650
  5132.328      60.1     0.559    -0.710
  5132.382      70.1     6.189    -0.920
  5132.440      24.0     4.106    -3.649
  5132.459     607.0     0.956    -4.170               7.650
  5132.525      21.1     8.231    -4.781
  5132.542     607.0     0.956    -3.063               7.650
  5132.544     607.0     0.003    -4.821               7.650
  5132.622      69.1     4.684    -1.500
  5132.669      26.1     2.807    -4.094
  5132.694 106.00113     2.636    -3.550               3.456
  5132.699     607.0     1.335    -4.630               7.650
  5132.755      22.0     2.250    -1.984
  5132.756     607.0     1.013    -3.450               7.650
  5132.760 106.00112     2.636    -3.561               3.456
  5132.768      26.0     5.020    -3.135
  5132.829     607.0     0.026    -4.448               7.650
  5132.849     607.0     0.026    -4.661               7.650
  5132.929      22.0     2.249    -2.499
  5132.940     6.1      20.701    -0.211
  5132.958      22.0     2.506    -3.056
  5132.986 106.00112     3.136    -2.944               3.456
  5133.039      21.0     2.614    -1.592
  5133.052 106.00113     2.636    -3.561               3.456
  5133.086 106.00112     3.322    -3.165               3.456
  5133.134      24.1     8.184    -3.653
  5133.137     607.0     1.180    -2.941               7.650
  5133.175     607.0     0.875    -3.995               7.650
  5133.268     607.0     0.990    -2.543               7.650
  5133.280     6.1      20.704    -0.178
  5133.290       6.0     8.640    -3.890
  5133.303 106.00112     3.322    -3.176               3.456
  5133.305     607.0     0.878    -4.491               7.650
  5133.328     607.0     0.990    -3.965               7.650
  5133.329 106.00112     3.136    -2.931               3.456
  5133.329      41.0     0.657    -2.050
  5133.395      40.0     0.519    -1.780
  5133.417      70.1     7.863    -1.400
  5133.424      59.0     0.000     0.255
  5133.466      27.0     3.930     0.033
  5133.480      63.0     1.602     0.100
  5133.482 106.00112     2.732    -3.269               3.456
  5133.490     607.0     0.005    -4.680               7.650
  5133.598 106.00112     3.395    -3.166               3.456
  5133.600 106.00112     2.805    -3.243               3.456
  5133.616     607.0     1.295    -3.357               7.650
  5133.629      22.1     2.598    -3.959
  5133.688      26.0     4.178     0.010
  5133.744     607.0     1.295    -4.821               7.650
  5133.762      58.1     3.694    -2.530
  5133.764 106.00112     2.732    -3.256               3.456
  5133.764 106.00112     2.805    -3.257               3.456
  5133.800      58.1     2.003    -1.610
  5133.822     607.0     0.031    -4.400               7.650
  5133.833      68.1     1.771    -0.610
  5133.843     607.0     0.031    -4.656               7.650
  5133.898      44.0     1.698    -1.490
  5133.959       6.0     8.640    -4.250
  5134.033      71.0     2.161    -0.120
  5134.070 106.00112     3.395    -3.155               3.456
  5134.075 106.00112     2.941    -3.121               3.456
  5134.107 106.00113     1.172    -4.883               3.456
  5134.173      58.1     4.367    -2.670
  5134.186 106.00112     3.474    -2.811               3.456
  5134.280      69.0     2.449    -1.380
  5134.325 106.00113     2.732    -3.269               3.456
  5134.385      26.1     7.274    -4.330
  5134.397 106.00113     1.172    -2.893               3.456
  5134.436 106.00112     3.474    -2.823               3.456
  5134.449      58.0     1.163     0.333
  5134.558      27.0     3.930    -2.561
  5134.566     607.0     0.007    -4.566               7.650
  5134.584 106.00113     1.172    -2.829               3.456
  5134.584      23.0     1.804    -4.193
  5134.621     607.0     1.062    -4.459               7.650
  5134.647      26.0     3.984    -3.674
  5134.658 106.00112     2.941    -3.132               3.456
  5134.713     607.0     1.062    -2.696               7.650
  5134.721      24.1     8.091    -4.043
  5134.737      41.0     0.019    -1.390
  5134.827     607.0     0.922    -3.667               7.650
  5134.855 106.00113     2.732    -3.256               3.456
  5134.855 106.00113     2.805    -3.257               3.456
  5134.874 106.00113     1.172    -4.909               3.456
  5134.877     607.0     0.922    -2.940               7.650
  5134.885     607.0     1.069    -2.742               7.650
  5134.892 106.00113     2.941    -3.121               3.456
  5134.903      21.0     2.614    -3.592
  5134.950 106.00113     2.805    -3.243               3.456
  5134.959      42.0     2.515    -2.131
  5134.979      69.1     4.660    -2.560
  5134.998     607.0     1.148    -3.100               7.650
  5134.998     607.0     0.037    -4.355               7.650
  5135.019      66.0     1.056    -0.987
  5135.022     607.0     0.037    -4.654               7.650
  5135.047      22.0     3.551    -1.095
  5135.048      26.0     4.991    -4.150
  5135.079      71.0     0.247    -0.670
  5135.111      23.0     3.266    -4.542
  5135.132      24.0     4.193    -3.669
  5135.140      59.1     0.950    -0.131
  5135.199      39.0     2.294     0.080
  5135.219     107.0     3.396    -2.873               3.450
  5135.259 106.00113     2.941    -3.132               3.456
  5135.297      26.1     7.708    -4.394
  5135.320 106.00113     1.914    -3.557               3.456
  5135.324      58.0     0.548    -0.471
  5135.433      58.1     1.962    -1.450
  5135.435      22.0     2.778    -3.534
  5135.444      25.0     4.794    -4.336
  5135.494 106.00113     1.914    -3.541               3.456
  5135.500      69.0     1.933    -1.950
  5135.507      25.1     7.760    -3.677
  5135.536      27.0     4.147    -1.891
  5135.541      69.1     4.041    -0.890
  5135.570 106.00112     1.914    -3.541               3.456
  5135.582      64.0     2.110     0.478
  5135.623 106.00112     1.914    -3.557               3.456
  5135.680      69.0     2.449    -1.500
  5135.681    27.1      11.422     0.800
  5135.728     107.0     3.396    -2.873               3.450
  5135.754     607.0     1.295    -3.349               7.650
  5135.767     607.0     0.934    -2.930               7.650
  5135.769     607.0     0.010    -4.471               7.650
  5135.798      26.0     5.320    -4.485
  5135.813 106.00113     1.055    -3.465               3.456
  5135.876      62.0     1.473    -0.010
  5135.920      24.0     3.375    -1.568
  5135.965      20.0     5.181    -2.601
  5135.979      70.1     4.098    -1.150
  5136.036      64.0     0.881    -0.675
  5136.057      26.0     5.012    -4.865
  5136.066 106.00113     1.055    -4.803               3.456
  5136.092      26.0     4.186    -2.250
  5136.105    27.1      11.471    -0.150
  5136.201 106.00113     1.055    -3.373               3.456
  5136.227      25.1     7.760    -3.271
  5136.293      23.1     3.753    -2.916
  5136.297     607.0     0.043    -4.315               7.650
  5136.321      26.1     6.217    -4.108
  5136.322     607.0     0.043    -4.654               7.650
  5136.391 106.00113     3.322    -3.176               3.456
  5136.468      73.0     0.750    -2.270
  5136.497 106.00113     3.322    -3.165               3.456
  5136.511      22.0     2.778    -2.766
  5136.549      44.0     0.997    -1.140
  5136.570 106.00113     3.138    -2.931               3.456
  5136.573      69.1     4.096    -2.250
  5136.602 106.00113     2.743    -3.390               3.456
  5136.610      26.1     6.223    -4.644
  5136.640      26.0     3.929    -4.771
  5136.656      26.0     3.929    -3.445
  5136.676      69.1     3.715    -2.660
  5136.692 106.00113     3.138    -2.944               3.456
  5136.761      26.0     4.966    -4.468
  5136.792      58.1     1.677    -1.250
  5136.802      26.1     2.844    -4.356
  5136.826      44.0     1.317    -3.140
  5136.826 106.00113     2.743    -3.373               3.456
  5136.834      60.1     0.631    -1.350
  5136.894      22.0     3.178    -2.476
  5136.933     607.0     1.086    -2.747               7.650
  5136.949     607.0     0.990    -3.960               7.650
  5136.969      23.0     1.800    -4.163
  5137.003     607.0     1.086    -3.763               7.650
  5137.009 106.00113     3.395    -3.166               3.456
  5137.009     607.0     0.990    -2.529               7.650
  5137.046      92.1     0.799    -2.202
  5137.073      69.1     4.355    -0.850
  5137.080    28.0       1.676    -1.990
  5137.088      24.1     6.822    -1.737
  5137.105     607.0     0.013    -4.389               7.650
  5137.114      58.0     1.021     0.105
  5137.119     607.0     0.013    -4.975               7.650
  5137.193      69.1     3.247    -3.440
  5137.238      70.1     5.517    -3.340
  5137.241      58.1     0.536    -3.740
  5137.247    47.1      15.569    -0.460
  5137.361      20.0     5.045    -3.203
  5137.382      26.0     4.178    -0.530
  5137.481      21.0     4.186    -1.649
  5137.489       6.0     8.643    -3.670
  5137.492     607.0     0.976    -3.059               7.650
  5137.515      26.1     9.849    -4.972
  5137.605      23.0     1.869    -3.822
  5137.647 106.00112     3.138    -2.931               3.456
  5137.663      22.0     3.179    -2.033
  5137.732     607.0     0.049    -4.277               7.650
  5137.760     607.0     0.049    -4.656               7.650
  5137.787      58.0     0.719    -0.484
  5137.811 106.00113     3.395    -3.155               3.456
  5137.835      24.1     8.732    -4.036
  5137.851 106.00112     3.138    -2.944               3.456
  5137.931      24.0     3.422    -1.770
  5137.945      26.0     4.985    -3.899
  5137.974      22.0     3.178    -2.578
  5137.979      58.1     2.799    -2.870
  5138.001      70.1     5.828    -2.350
  5138.003      58.0     0.000    -1.195
  5138.070 106.00112     2.853    -3.132               3.456
  5138.104 106.00112     2.853    -3.143               3.456
  5138.170      58.1     3.161    -2.860
  5138.263      22.0     2.267    -4.417
  5138.302      21.1     8.240    -3.160
  5138.302      21.1     8.240    -3.292
  5138.350      23.0     3.246    -4.095
  5138.360 106.00112     2.735    -3.256               3.456
  5138.397      23.0     2.269    -0.209
  5138.400      74.0     3.501    -0.050
  5138.457     607.0     0.007    -4.959               7.650
  5138.495 106.00113     2.853    -3.143               3.456
  5138.511 106.00112     2.735    -3.269               3.456
  5138.522      24.0     3.375    -2.800
  5138.559     607.0     0.886    -4.001               7.650
  5138.584     607.0     0.017    -4.317               7.650
  5138.600     607.0     0.017    -4.952               7.650
  5138.606      24.1     6.869    -2.277
  5138.609     607.0     1.083    -4.126               7.650
  5138.637     607.0     1.005    -2.529               7.650
  5138.672 106.00113     2.853    -3.132               3.456
  5138.673      58.1     0.464    -3.600
  5138.691      26.0     4.313    -4.248
  5138.699     607.0     1.005    -3.973               7.650
  5138.706      24.0     0.983    -3.948
  5138.772     607.0     1.204    -2.943               7.650
  5138.779      69.1     4.723    -1.840
  5138.786      27.0     4.395    -4.444
  5138.840      24.0     3.375    -1.747
  5138.876     607.0     1.205    -4.248               7.650
  5138.878       6.0     8.643    -4.160
  5138.889      69.1     4.940    -2.830
  5139.000      22.0     3.179    -3.623
  5139.026      24.1     8.356    -4.818
  5139.124 106.00112     3.397    -3.155               3.456
  5139.153      24.0     5.623    -2.959
  5139.212      24.0     4.186    -3.188
  5139.252    26.0       2.996    -0.741
  5139.255      28.0     3.658    -1.097
  5139.259      22.0     2.506    -2.927
  5139.264 106.00112     2.663    -3.283               3.456
  5139.264      69.1     2.692    -3.590
  5139.312     607.0     0.056    -4.243               7.650
  5139.340 106.00112     1.172    -2.893               3.456
  5139.342     607.0     0.056    -4.659               7.650
  5139.343 106.00112     3.398    -3.166               3.456
  5139.356 106.00113     2.735    -3.269               3.456
  5139.372 106.00112     1.172    -4.909               3.456
  5139.391     607.0     1.415    -4.048               7.650
  5139.420 106.00112     2.743    -3.390               3.456
  5139.420      22.0     3.546    -1.178
  5139.425      22.1     7.721    -4.056
  5139.431      42.0     3.734    -1.543
  5139.454 106.00113     2.735    -3.256               3.456
  5139.463    26.0       2.938    -0.509
  5139.499 106.00112     1.172    -4.883               3.456
  5139.512      23.0     2.365    -2.684
  5139.531 106.00112     2.663    -3.269               3.456
  5139.531 106.00112     1.172    -2.829               3.456
  5139.549       6.0     8.643    -3.320
  5139.599      66.1     0.000    -2.069
  5139.646      24.0     3.422    -0.460
  5139.663 106.00112     2.743    -3.373               3.456
  5139.709     607.0     0.013    -4.502               7.650
  5139.745      21.0     5.385    -3.592
  5139.745     607.0     0.010    -4.558               7.650
  5139.758      23.0     3.255    -3.636
  5139.768      58.0     0.159    -1.122
  5139.803 106.00113     1.916    -3.541               3.456
  5139.811      59.0     0.171    -0.086
  5139.816      21.0     3.057    -2.695
  5139.854     607.0     0.017    -4.451               7.650
  5139.858      21.0     3.057    -2.103
  5139.866 106.00113     2.663    -3.283               3.456
  5139.879 106.00112     1.916    -3.541               3.456
  5139.892      24.0     3.422    -4.573
  5139.901      24.1     6.803    -3.642
  5139.921     607.0     0.007    -4.619               7.650
  5139.927      26.1     8.185    -4.114
  5139.927 106.00113     1.916    -3.557               3.456
  5139.940      22.1     7.738    -4.182
  5139.941     607.0     0.976    -4.177               7.650
  5140.026     607.0     0.976    -3.052               7.650
  5140.104     607.0     0.934    -3.675               7.650
  5140.136      27.1     5.208    -2.950
  5140.156     607.0     0.934    -2.922               7.650
  5140.162      26.0     4.446    -5.094
  5140.187     607.0     0.021    -4.404               7.650
  5140.190     607.0     0.021    -4.253               7.650
  5140.194      26.1     6.219    -4.250
  5140.208     607.0     0.021    -4.935               7.650
  5140.209      58.1     3.184    -3.450
  5140.231 106.00112     1.916    -3.557               3.456
  5140.239 106.00113     2.165    -3.378               3.456
  5140.244     607.0     1.085    -2.696               7.650
  5140.244     607.0     1.086    -2.731               7.650
  5140.272     607.0     0.005    -4.688               7.650
  5140.273      69.1     2.947    -0.643
  5140.282      58.1     2.167    -2.690
  5140.338     607.0     1.085    -4.468               7.650
  5140.342      17.0     9.282    -2.180
  5140.350      58.1     1.666    -1.920
  5140.376 106.00113     2.663    -3.269               3.456
  5140.408 106.00113     2.165    -3.362               3.456
  5140.408      70.1     5.581    -2.570
  5140.429 106.00112     2.165    -3.362               3.456
  5140.477 106.00112     2.165    -3.378               3.456
  5140.507      58.0     0.302    -0.606
  5140.539     607.0     0.010    -4.851               7.650
  5140.566      26.0     4.584    -3.595
  5140.575      41.0     1.574    -1.300
  5140.592     607.0     1.243    -3.785               7.650
  5140.597      69.1     4.860    -1.550
  5140.599      24.0     5.623    -1.645
  5140.612 106.00113     2.745    -3.373               3.456
  5140.679     607.0     0.026    -4.362               7.650
  5140.764     607.0     1.083    -4.121               7.650
  5140.765 106.00113     2.745    -3.390               3.456
  5140.774      90.0     0.789    -1.592
  5140.782      58.1     3.913    -2.490
  5140.820     607.0     0.003    -4.764               7.650
  5140.830      64.1     1.575    -0.840
  5140.844      69.1     4.847    -2.130
  5140.960      58.1     1.581    -3.560
  5140.974 106.00112     1.055    -3.465               3.456
  5140.990 106.00112     1.055    -4.803               3.456
  5141.011      27.0     4.395    -3.623
  5141.041     607.0     0.064    -4.210               7.650
  5141.053 106.00113     1.720    -3.960               3.456
  5141.072     607.0     0.064    -4.664               7.650
  5141.095      69.1     4.324    -1.760
  5141.124     607.0     1.362    -4.635               7.650
  5141.196 106.00113     3.094    -2.886               3.456
  5141.201      27.0     2.700    -4.715
  5141.213      42.0     3.247    -1.642
  5141.214 106.00112     1.720    -3.944               3.456
  5141.228 106.00113     1.720    -3.944               3.456
  5141.268       6.0     8.643    -3.630
  5141.277     607.0     1.205    -2.933               7.650
  5141.279      42.0     3.438    -1.522
  5141.291 106.00112     1.720    -3.960               3.456
  5141.297      22.0     3.409    -3.485
  5141.317     607.0     1.415    -4.042               7.650
  5141.339     607.0     0.031    -4.322               7.650
  5141.407 106.00112     1.055    -3.373               3.456
  5141.447     607.0     0.948    -2.913               7.650
  5141.456     607.0     0.897    -4.499               7.650
  5141.495      64.0     0.927    -0.630
  5141.522     607.0     0.001    -4.850               7.650
  5141.537 106.00113     3.094    -2.873               3.456
  5141.556      26.0     3.695    -3.918
  5141.558      58.1     1.058    -2.380
  5141.562      33.0     6.399     0.400
  5141.587      70.1     7.211    -1.440
  5141.616      73.0     0.752    -1.760
  5141.622 106.00112     3.471    -3.156               3.456
  5141.737      58.1     1.206    -1.810
  5141.739      26.0     2.424    -2.094
  5141.771      24.0     5.624    -2.548
  5141.783    18.1      18.732    -0.590
  5141.793      27.0     2.787    -4.858
  5141.838 106.00112     2.543    -3.561               3.456
  5141.921      58.1     4.044    -2.050
  5141.928 106.00112     2.543    -3.573               3.456
  5141.941     607.0     0.026    -4.196               7.650
  5141.961     607.0     0.026    -4.923               7.650
  5141.972      20.0     5.181    -3.961
  5142.002 106.00113     2.543    -3.573               3.456
  5142.121 106.00112     3.471    -3.145               3.456
  5142.132 106.00113     2.543    -3.561               3.456
  5142.168     607.0     0.037    -4.285               7.650
  5142.212      58.1     2.250    -0.920
  5142.232      58.1     1.412    -3.820
  5142.234     607.0     1.005    -3.968               7.650
  5142.236      42.0     1.470    -3.212
  5142.261      24.0     2.709    -1.909
  5142.287      70.1     6.076    -0.910
  5142.295     607.0     1.005    -2.514               7.650
  5142.298      69.1     4.364    -0.360
  5142.341    16.1      13.148    -1.004
  5142.342    27.1      11.252    -0.140
  5142.372      58.1     0.960    -2.390
  5142.388     607.0     0.000    -4.946               7.650
  5142.421     607.0     1.244    -3.779               7.650
  5142.431      25.0     4.794    -3.303
  5142.446      26.0     4.559    -1.580
  5142.468      27.0     4.049    -0.927
  5142.486      24.1     6.282    -2.221
  5142.494      26.0     4.301    -0.869
  5142.541      26.0     4.256    -0.447
  5142.558     607.0     1.104    -2.735               7.650
  5142.630     607.0     1.104    -3.770               7.650
  5142.640      22.0     3.104    -2.291
  5142.686      64.0     0.921    -0.637
  5142.712     607.0     1.085    -4.466               7.650
  5142.762 106.00113     3.398    -3.166               3.456
  5142.767      44.0     1.063    -1.640
  5142.768     607.0     0.013    -4.760               7.650
  5142.775      28.0     3.706    -0.231
  5142.806     607.0     1.085    -2.687               7.650
  5142.816    47.1      15.569     0.170
  5142.853      26.0     5.010    -3.436
  5142.873 106.00113     3.397    -3.155               3.456
  5142.880      69.0     2.449    -0.460
  5142.888     607.0     1.039    -3.442               7.650
  5142.895     607.0     0.072    -4.180               7.650
  5142.920      25.0     5.411    -2.711
  5142.926      28.0     3.699    -0.732
  5142.928     607.0     0.072    -4.669               7.650
  5142.929      26.0     0.958    -3.210
  5143.000      24.1     8.273    -1.701
  5143.079      25.0     5.112    -2.413
  5143.143      58.1     1.748    -1.470
  5143.157     607.0     0.043    -4.251               7.650
  5143.267      90.1     0.231    -1.933
  5143.267      58.1     3.914    -2.820
  5143.319      69.1     4.162    -1.760
  5143.337      60.1     0.182    -1.570
  5143.391      26.1     8.341    -4.158
  5143.452 106.00112     2.745    -3.373               3.456
  5143.490     6.1      20.704    -0.212
  5143.557      58.1     1.279    -1.710
  5143.569      23.0     2.578    -4.748
  5143.587 106.00112     2.745    -3.390               3.456
  5143.631      26.0     3.984    -4.932
  5143.674      22.0     3.104    -2.735
  5143.690      73.0     1.147    -1.590
  5143.723      26.0     2.198    -3.920
  5143.772 106.00112     3.094    -2.886               3.456
  5143.775      42.0     2.918    -2.429
  5143.796      58.1     0.735    -2.470
  5143.806      58.1     1.696    -3.330
  5143.807     607.0     0.031    -4.144               7.650
  5143.829     607.0     0.031    -4.916               7.650
  5143.833      58.1     1.582    -1.800
  5143.846      24.1     6.805    -2.742
  5143.865     607.0     1.326    -3.351               7.650
  5143.874    26.1      10.448    -0.200
  5143.889      28.0     3.847    -1.949
  5143.908    27.1      11.422    -0.050
  5143.916      90.0     1.291    -1.096
  5143.989      27.0     3.530    -2.718
  5143.996     607.0     1.326    -4.826               7.650
  5144.000 106.00112     2.665    -3.269               3.456
  5144.098      29.0     5.395    -0.780
  5144.127     607.0     0.898    -4.008               7.650
  5144.127 106.00112     3.094    -2.873               3.456
  5144.140 106.00112     2.666    -3.283               3.456
  5144.201     607.0     1.020    -2.514               7.650
  5144.220      69.1     3.824    -0.590
  5144.264     607.0     1.020    -3.981               7.650
  5144.321     607.0     0.049    -4.219               7.650
  5144.351    26.1      10.467     0.310
  5144.370      58.1     3.860    -3.100
  5144.378     607.0     0.001    -4.865               7.650
  5144.385      26.0     4.638    -4.512
  5144.400      24.1     4.012    -3.979
  5144.468 106.00113     2.167    -3.362               3.456
  5144.490 106.00112     2.167    -3.362               3.456
  5144.501      26.0     3.960    -4.783
  5144.504     607.0     0.003    -4.999               7.650
  5144.511      27.1     8.078    -4.212
  5144.511     607.0     0.003    -4.702               7.650
  5144.533      24.0     3.092    -3.721
  5144.534      22.0     3.583    -1.537
  5144.603 106.00113     2.167    -3.378               3.456
  5144.668      24.0     2.710    -1.396
  5144.670 106.00112     2.856    -3.132               3.456
  5144.707      70.1     5.169    -3.780
  5144.718       6.0     8.643    -3.210
  5144.744 106.00113     2.666    -3.283               3.456
  5144.773      21.0     3.172    -3.791
  5144.784     607.0     0.005    -4.962               7.650
  5144.793     607.0     0.005    -4.579               7.650
  5144.842 106.00112     2.167    -3.378               3.456
  5144.844      58.1     0.969    -3.410
  5144.847 106.00113     2.665    -3.269               3.456
  5144.900      22.1     7.738    -4.324
  5144.925     607.0     0.080    -4.152               7.650
  5144.960     607.0     0.080    -4.675               7.650
  5145.019      24.1     6.805    -2.945
  5145.038      90.1     0.909    -2.341
  5145.039      14.0     4.930    -3.271
  5145.047      69.1     4.914    -2.690
  5145.083      92.1     0.779    -1.615
  5145.089     607.0     0.017    -4.681               7.650
  5145.094      26.0     2.198    -3.006
  5145.138      20.0     5.049    -3.020
  5145.141 106.00113     3.545    -2.537               3.456
  5145.156      58.1     1.103    -1.040
  5145.160     6.1      20.710     0.189
  5145.201      14.0     4.930    -3.716
  5145.216     607.0     1.039    -4.769               7.650
  5145.242 106.00112     2.856    -3.143               3.456
  5145.263      23.1     6.664    -4.402
  5145.266     607.0     0.007    -4.934               7.650
  5145.273 106.00113     2.856    -3.132               3.456
  5145.276     607.0     0.007    -4.479               7.650
  5145.308    18.1      17.140    -0.598
  5145.328     607.0     1.039    -3.436               7.650
  5145.374 106.00113     3.471    -3.156               3.456
  5145.378      42.0     2.555    -0.982
  5145.416      57.0     0.373    -0.440
  5145.460    22.0       1.460    -0.574
  5145.525      27.0     4.058    -0.834
  5145.562      76.0     2.344    -1.740
  5145.571     607.0     0.948    -3.683               7.650
  5145.623     607.0     0.056    -4.189               7.650
  5145.625     607.0     0.948    -2.904               7.650
  5145.634 106.00113     2.856    -3.143               3.456
  5145.642 106.00113     3.545    -2.527               3.456
  5145.679      22.1     5.423    -1.180
  5145.724      27.0     4.475    -3.261
  5145.741      24.0     3.113    -3.176
  5145.748     607.0     1.104    -2.719               7.650
  5145.750      74.0     2.602    -0.880
  5145.822    26.1      10.413    -0.140
  5145.824     607.0     0.037    -4.097               7.650
  5145.833     607.0     0.997    -3.049               7.650
  5145.836      58.1     0.808    -1.550
  5145.848     607.0     0.037    -4.912               7.650
  5145.853      23.0     1.942    -3.038
  5145.854      26.0     4.549    -4.017
  5145.861 106.00112     2.596    -3.296               3.456
  5145.897     607.0     0.010    -4.913               7.650
  5145.909     607.0     0.010    -4.395               7.650
  5145.973      23.0     1.804    -4.409
  5145.978     607.0     1.326    -3.343               7.650
  5146.034 106.00112     1.723    -3.944               3.456
  5146.047 106.00113     1.723    -3.944               3.456
  5146.060      69.1     4.723    -1.140
  5146.116 106.00112     2.596    -3.282               3.456
  5146.127      26.1     2.828    -4.079
  5146.158      27.0     3.279    -4.615
  5146.161      27.0     1.740    -3.660
  5146.187 106.00113     1.723    -3.960               3.456
  5146.219 106.00113     3.471    -3.145               3.456
  5146.232 106.00113     2.596    -3.296               3.456
  5146.307      26.0     4.371    -2.160
  5146.311      69.1     4.254    -2.460
  5146.312      24.1     5.670    -4.982
  5146.314      21.0     5.321    -3.031
  5146.362      23.0     3.872    -3.946
  5146.426 106.00112     1.723    -3.960               3.456
  5146.437      20.0     4.735    -2.071
  5146.460      27.1     3.485    -4.881
  5146.480      28.0     3.706    -0.060
  5146.536      58.1     4.142    -2.130
  5146.582      23.1     3.758    -3.468
  5146.606 106.00113     3.096    -2.873               3.456
  5146.654      27.0     4.146    -4.412
  5146.696      42.0     3.395    -1.554
  5146.711     607.0     0.013    -4.897               7.650
  5146.720 106.00113     2.596    -3.282               3.456
  5146.725     607.0     0.013    -4.321               7.650
  5146.740    27.0       3.568    -0.320
  5146.767      21.0     4.191    -3.023
  5146.834 106.00113     3.096    -2.886               3.456
  5146.910      58.1     1.319    -1.350
  5146.915      26.1     9.757    -4.292
  5146.980      66.0     1.251    -1.590
  5146.998      27.0     4.058    -1.286
  5147.021      70.1     4.754    -0.940
  5147.038      21.1     8.244    -3.533
  5147.038      21.1     8.244    -3.283
  5147.053     607.0     0.961    -2.895               7.650
  5147.083 106.00112     3.547    -2.472               3.456
  5147.091      21.0     2.146     0.147
  5147.092     607.0     0.089    -4.125               7.650
  5147.104     607.0     1.230    -2.935               7.650
  5147.113     607.0     0.064    -4.160               7.650
  5147.129     607.0     0.089    -4.682               7.650
  5147.136 106.00112     3.474    -3.145               3.456
  5147.210     607.0     1.230    -4.254               7.650
  5147.242      44.0     1.002    -1.470
  5147.260 106.00113     3.547    -2.472               3.456
  5147.358 106.00112     3.474    -3.156               3.456
  5147.383      42.0     2.291    -1.391
  5147.402      24.0     3.435    -2.589
  5147.414 106.00112     3.545    -2.537               3.456
  5147.427      24.1     8.667    -3.891
  5147.459      59.0     0.171    -0.640
  5147.475      23.0     2.122    -2.760
  5147.477    22.0       0.000    -1.890
  5147.539      41.0     1.895    -0.980
  5147.565      58.1     1.279    -0.380
  5147.588     607.0     0.021    -4.612               7.650
  5147.594 106.00112     3.547    -2.462               3.456
  5147.623      73.0     1.394    -1.680
  5147.676      26.0     4.956    -2.457
  5147.697     607.0     0.017    -4.887               7.650
  5147.700      69.0     2.102    -1.400
  5147.703     607.0     1.020    -3.977               7.650
  5147.713     607.0     0.017    -4.256               7.650
  5147.752    27.1      11.471     0.210
  5147.761      22.0     3.569    -1.306
  5147.764 106.00113     1.208    -4.899               3.456
  5147.767     607.0     1.020    -2.500               7.650
  5147.848      58.1     1.694    -3.470
  5147.902 106.00113     3.547    -2.462               3.456
  5147.915 106.00112     3.545    -2.527               3.456
  5147.922      58.1     1.482    -1.270
  5147.976     607.0     0.043    -4.054               7.650
  5148.002     607.0     0.043    -4.910               7.650
  5148.028      58.1     1.404    -2.250
  5148.040      27.1     5.467    -4.005
  5148.043      26.0     4.283    -0.833
  5148.087      20.0     4.739    -2.167
  5148.135 106.00113     1.208    -2.829               3.456
  5148.182      69.1     4.235    -3.100
  5148.194      58.1     0.737    -2.440
  5148.212      20.0     4.735    -1.899
  5148.212      90.1     1.890    -0.673
  5148.229      26.0     4.256    -0.373
  5148.229      58.1     2.167    -0.900
  5148.252 106.00113     1.080    -3.387               3.456
  5148.277     607.0     1.122    -2.724               7.650
  5148.287      58.1     1.706    -2.540
  5148.294 106.00113     1.208    -2.767               3.456
  5148.302      22.0     2.778    -3.544
  5148.351     607.0     1.122    -3.778               7.650
  5148.382       6.0     8.647    -3.190
  5148.395      23.0     2.295    -2.111
  5148.405      58.1     0.876    -2.510
  5148.430      42.0     3.501    -1.193
  5148.524     607.0     1.108    -2.687               7.650
  5148.525     607.0     0.005    -4.902               7.650
  5148.546      58.1     1.365    -0.880
  5148.546 106.00113     1.080    -4.839               3.456
  5148.586 106.00113     1.080    -3.303               3.456
  5148.588      24.1     8.634    -1.950
  5148.599      23.1     6.901    -2.759
  5148.612      23.1     3.758    -4.186
  5148.621     607.0     1.108    -4.474               7.650
  5148.662      28.0     3.679    -1.840
  5148.665 106.00113     1.208    -4.926               3.456
  5148.702      27.0     4.146    -2.885
  5148.705      23.0     2.256    -0.345
  5148.721      58.1     0.737    -3.600
  5148.755      73.0     2.155    -1.460
  5148.759     607.0     0.072    -4.134               7.650
  5148.760     607.0     0.997    -4.184               7.650
  5148.838    11.0       2.102    -2.044
  5148.847     607.0     0.997    -3.042               7.650
  5148.849     607.0     0.021    -4.880               7.650
  5148.867     607.0     0.021    -4.198               7.650
  5148.899    26.1      10.413    -0.420
  5148.917 106.00112     2.547    -3.561               3.456
  5148.932      58.1     0.587    -3.300
  5148.933      27.1     8.372    -3.666
  5149.006      26.1     8.307    -4.310
  5149.077      22.0     3.424    -3.548
  5149.090      27.0     4.049    -0.703
  5149.153      69.1     3.766    -2.550
  5149.156      25.0     3.134    -1.900
  5149.201 106.00112     3.096    -2.873               3.456
  5149.212 106.00113     2.547    -3.561               3.456
  5149.331      22.0     1.053    -4.257
  5149.365      64.1     1.621    -1.610
  5149.391      69.1     2.951    -0.381
  5149.407     607.0     0.098    -4.100               7.650
  5149.416 106.00112     3.096    -2.886               3.456
  5149.446     607.0     0.098    -4.689               7.650
  5149.462    26.1      10.448     0.550
  5149.463      15.0     6.936    -1.970
  5149.479      69.1     4.355    -2.330
  5149.481      24.0     3.122    -2.739
  5149.490 106.00112     2.547    -3.573               3.456
  5149.503      26.0     3.943    -3.348
  5149.532      69.1     4.081    -0.330
  5149.547      60.0     0.140    -0.481
  5149.564 106.00113     2.547    -3.573               3.456
  5149.575 106.00112     2.768    -3.144               3.456
  5149.580      22.1     7.721    -3.583
  5149.583     607.0     1.230    -2.925               7.650
  5149.617 106.00112     2.768    -3.155               3.456
  5149.652      58.1     1.456    -1.860
  5149.657      69.1     4.041    -2.850
  5149.658      58.0     0.206    -0.543
  5149.677     607.0     1.390    -4.640               7.650
  5149.692      69.1     3.295    -3.150
  5149.729      70.1     7.080    -2.670
  5149.737      76.0     1.908    -1.400
  5149.739      24.1     6.822    -2.069
  5149.779      27.0     1.740    -2.760
  5149.803     607.0     0.916    -4.506               7.650
  5149.806 106.00113     2.768    -3.155               3.456
  5149.816      24.0     3.079    -3.419
  5149.825     607.0     0.007    -4.828               7.650
  5149.828      64.1     1.598    -1.400
  5149.835     607.0     0.007    -4.984               7.650
  5149.875      27.1     8.010    -4.439
  5149.875     607.0     0.910    -4.015               7.650
  5149.923     607.0     1.036    -2.500               7.650
  5149.928      23.0     2.581    -4.056
  5149.933      26.1     7.727    -4.651
  5149.968 106.00113     2.768    -3.144               3.456
  5149.988     607.0     1.036    -3.989               7.650
  5149.999      27.1     8.081    -4.288
