Mn 4701 +/- 10 with hfs  
  4691.025     607.0     1.146    -4.673               7.650
  4691.052      90.1     2.469    -0.468
  4691.062      25.0     4.679    -1.196
  4691.084 106.00113     1.197    -4.850               3.456
  4691.110      69.0     1.088    -1.150
  4691.115 106.00113     0.955    -2.781               3.456
  4691.158     607.0     0.766    -3.808               7.650
  4691.165      20.0     4.780    -3.546
  4691.166      64.0     0.812    -0.580
  4691.168      57.1     0.173    -1.810
  4691.183 106.00113     3.548    -1.754               3.456
  4691.214     607.0     0.760    -4.538               7.650
  4691.217     607.0     0.753    -4.119               7.650
  4691.235     607.0     0.770    -3.610               7.650
  4691.240 106.00113     0.955    -2.767               3.456
  4691.249     607.0     0.770    -4.277               7.650
  4691.262      25.1     6.493    -4.363
  4691.266     607.0     0.760    -3.661               7.650
  4691.316     607.0     0.912    -3.679               7.650
  4691.328       6.0     7.946    -3.680
  4691.333      22.0     1.067    -0.674
  4691.348      23.0     1.893    -3.376
  4691.381 106.00112     0.955    -2.781               3.456
  4691.386 106.00112     0.955    -2.767               3.456
  4691.412    26.0       2.988    -1.523
  4691.419 106.00113     3.300    -1.091               3.456
  4691.430 106.00112     3.548    -1.754               3.456
  4691.501     607.0     0.865    -4.388               7.650
  4691.523      17.0     9.203    -1.930
  4691.529 106.00113     3.569    -2.157               3.456
  4691.544      24.0     4.855    -3.344
  4691.571       6.0     7.946    -2.620
  4691.576      26.0     4.103    -3.966
  4691.610      56.0     1.676     0.210
  4691.618     607.0     0.770    -3.761               7.650
  4691.619 106.00112     3.548    -4.930               3.456
  4691.636      90.0     0.789    -1.687
  4691.641 106.00113     3.548    -1.745               3.456
  4691.643 106.00113     3.569    -2.148               3.456
  4691.656 106.00113     1.197    -2.650               3.456
  4691.661 106.00112     3.548    -4.930               3.456
  4691.661      58.1     2.931    -3.660
  4691.668      26.1     7.920    -3.034
  4691.676      64.1     1.314    -1.970
  4691.706      22.0     0.818    -4.234
  4691.707     607.0     0.751    -4.205               7.650
  4691.719      22.0     3.178    -4.251
  4691.729      40.0     0.651    -2.090
  4691.756      74.1     2.857    -0.920
  4691.780 106.00113     3.300    -1.081               3.456
  4691.788     607.0     1.691    -3.774               7.650
  4691.788     607.0     0.842    -3.283               7.650
  4691.793 106.00113     1.197    -2.642               3.456
  4691.811 106.00113     3.376    -2.100               3.456
  4691.848     607.0     0.843    -4.834               7.650
  4691.850 106.00112     3.548    -1.745               3.456
  4691.854      23.0     2.581    -3.043
  4691.899      73.0     1.210    -1.370
  4691.905      23.0     2.374    -3.846
  4691.963      27.0     3.687    -2.185
  4691.963     607.0     0.936    -3.512               7.650
  4691.981      70.1     4.652    -2.150
  4691.998      22.0     3.399    -3.535
  4692.002 106.00112     1.197    -2.650               3.456
  4692.003      42.0     2.595    -1.958
  4692.009      58.1     0.737    -2.060
  4692.031     607.0     0.936    -4.621               7.650
  4692.031 106.00112     1.197    -2.642               3.456
  4692.053      58.1     1.365    -2.330
  4692.064 106.00112     3.548    -4.693               3.456
  4692.066      76.0     1.411    -2.050
  4692.077 106.00113     3.376    -2.111               3.456
  4692.134 106.00112     1.143    -2.061               3.456
  4692.134 106.00112     1.197    -4.850               3.456
  4692.141      22.0     3.399    -2.573
  4692.143      24.1     8.415    -2.647
  4692.167 106.00112     1.143    -3.016               3.456
  4692.174 106.00112     1.143    -4.444               3.456
  4692.230      70.1     6.189    -3.950
  4692.235     607.0     0.775    -3.718               7.650
  4692.240 106.00113     3.137    -4.215               3.456
  4692.294     607.0     0.805    -3.599               7.650
  4692.318     607.0     0.805    -3.991               7.650
  4692.351      58.1     4.097    -2.650
  4692.359     607.0     0.750    -4.300               7.650
  4692.362     607.0     1.039    -3.927               7.650
  4692.405      23.1     6.149    -2.115
  4692.432      26.1     9.576    -4.573
  4692.433      22.0     1.067    -2.399
  4692.480      26.1     9.100    -3.706
  4692.491      57.1     1.754    -0.379
  4692.553 106.00112     3.300    -1.091               3.456
  4692.638      22.0     3.323    -3.805
  4692.699      26.0     4.446    -4.403
  4692.705      27.0     4.113    -2.789
  4692.711      26.0     4.652    -4.723
  4692.722 106.00112     3.300    -4.215               3.456
  4692.751 106.00112     3.300    -4.215               3.456
  4692.754     607.0     0.818    -4.036               7.650
  4692.765     607.0     1.146    -4.666               7.650
  4692.841      22.0     3.351    -3.020
  4692.841     607.0     0.775    -3.553               7.650
  4692.851     607.0     0.763    -4.116               7.650
  4692.857     607.0     0.775    -4.264               7.650
  4692.871      24.0     4.175    -1.149
  4692.888 106.00113     3.059    -1.114               3.456
  4692.904      26.0     4.435    -3.100
  4692.921 106.00112     3.300    -1.081               3.456
  4692.958 106.00113     2.232    -4.693               3.456
  4692.962      24.0     2.983    -2.305
  4692.996      26.0     3.301    -3.657
  4693.011     607.0     0.780    -3.678               7.650
  4693.013 106.00113     3.059    -1.125               3.456
  4693.026      20.0     5.994    -3.743
  4693.059      69.1     4.756    -2.710
  4693.066 106.00113     2.667    -1.524               3.456
  4693.073 106.00112     3.059    -4.215               3.456
  4693.095      27.0     2.871    -2.590
  4693.139      24.1     8.503    -4.212
  4693.165      27.0     3.231    -0.545
  4693.171     607.0     0.750    -4.401               7.650
  4693.194 106.00113     1.538    -4.857               3.456
  4693.200 106.00113     3.648    -2.372               3.456
  4693.209 106.00112     3.137    -1.455               3.456
  4693.214 106.00112     3.059    -1.114               3.456
  4693.275 106.00113     2.667    -1.538               3.456
  4693.341      42.0     3.156    -1.994
  4693.346 106.00113     1.198    -4.850               3.456
  4693.350 106.00112     3.137    -4.215               3.456
  4693.364      73.0     2.812    -0.100
  4693.366      23.0     2.365    -2.414
  4693.372      22.0     2.662    -3.560
  4693.375      26.0     4.584    -4.427
  4693.383 106.00112     3.059    -1.125               3.456
  4693.476      22.0     3.179    -3.300
  4693.520 106.00113     3.648    -2.363               3.456
  4693.524 106.00112     3.059    -4.090               3.456
  4693.527     607.0     0.876    -4.396               7.650
  4693.531 106.00112     3.137    -1.443               3.456
  4693.557     107.0     2.961    -3.963               3.450
  4693.584      25.1     6.495    -3.170
  4693.604 106.00112     3.285    -2.369               3.456
  4693.605     607.0     0.776    -3.654               7.650
  4693.612 106.00112     3.285    -2.359               3.456
  4693.618      69.1     3.422    -1.930
  4693.628      62.1     0.185    -1.480
  4693.654      23.0     2.359    -1.418
  4693.654     607.0     1.691    -3.769               7.650
  4693.664    22.0       0.021    -2.710
  4693.685 106.00113     1.254    -3.236               3.456
  4693.729      74.0     3.307     0.310
  4693.775     107.0     2.769    -4.699               3.450
  4693.789 106.00113     1.537    -2.631               3.456
  4693.789      25.0     5.199    -3.018
  4693.817      24.1     8.416    -3.734
  4693.828 106.00113     0.957    -2.767               3.456
  4693.849     107.0     2.769    -4.699               3.450
  4693.855      27.0     3.812    -2.873
  4693.873 106.00113     0.957    -2.781               3.456
  4693.887      58.1     1.206    -2.110
  4693.895 106.00113     3.300    -4.215               3.456
  4693.906 106.00113     1.538    -2.631               3.456
  4693.921      42.0     3.904    -0.348
  4693.931     607.0     0.785    -3.642               7.650
  4693.939      24.0     2.983    -0.910
  4693.965     607.0     0.750    -4.449               7.650
  4693.967     607.0     0.750    -4.474               7.650
  4693.974 106.00112     0.957    -2.767               3.456
  4693.975     607.0     0.751    -4.396               7.650
  4693.979     607.0     0.751    -4.220               7.650
  4694.027     607.0     0.812    -3.567               7.650
  4694.048     107.0     2.961    -3.963               3.450
  4694.052     607.0     0.812    -3.995               7.650
  4694.055 106.00113     1.198    -2.642               3.456
  4694.078 106.00113     1.198    -2.650               3.456
  4694.086 106.00112     1.537    -2.631               3.456
  4694.092      90.1     0.000    -1.728
  4694.097 106.00112     1.538    -2.631               3.456
  4694.099      24.0     5.132    -2.278
  4694.106      58.1     1.676    -2.740
  4694.113      16.0     6.525    -1.770
  4694.134     607.0     0.753    -4.348               7.650
  4694.139 106.00112     0.957    -2.781               3.456
  4694.140     607.0     0.753    -4.058               7.650
  4694.210 106.00112     1.538    -4.857               3.456
  4694.283     607.0     0.875    -4.754               7.650
  4694.294 106.00112     1.198    -2.642               3.456
  4694.316 106.00113     3.303    -4.215               3.456
  4694.320      58.1     0.823    -2.100
  4694.334      64.0     1.054     0.573
  4694.380      66.0     1.239    -1.430
  4694.397 106.00112     1.198    -4.850               3.456
  4694.424 106.00112     1.198    -2.650               3.456
  4694.435 106.00113     3.548    -4.930               3.456
  4694.454     607.0     0.754    -4.310               7.650
  4694.458      70.1     6.847    -1.980
  4694.461     607.0     0.754    -3.935               7.650
  4694.468 106.00113     3.551    -4.930               3.456
  4694.475     607.0     0.842    -4.831               7.650
  4694.496      41.0     2.105    -0.510
  4694.535     607.0     0.843    -3.271               7.650
  4694.592     607.0     0.780    -3.501               7.650
  4694.604     607.0     1.761    -4.329               7.650
  4694.609     607.0     0.780    -4.255               7.650
  4694.615 106.00112     2.232    -4.693               3.456
  4694.640      27.0     4.110    -2.373
  4694.673      58.1     0.808    -2.050
  4694.774      21.1     7.981    -1.927
  4694.809      58.1     1.533    -3.230
  4694.834 106.00112     3.376    -2.100               3.456
  4694.834 106.00113     2.667    -4.090               3.456
  4694.859      26.0     4.387    -1.701
  4694.868     607.0     0.766    -4.037               7.650
  4694.871      58.1     0.808    -0.690
  4694.884 106.00113     3.376    -4.930               3.456
  4694.921      90.1     0.514    -1.998
  4694.940     607.0     0.757    -4.280               7.650
  4694.948     607.0     0.757    -3.836               7.650
  4694.966 106.00113     3.548    -4.693               3.456
  4694.968      58.1     3.886    -2.930
  4694.992 106.00112     3.376    -2.111               3.456
  4694.997      26.0     4.371    -2.641
  4695.008     607.0     0.791    -3.607               7.650
  4695.014      75.0     1.955    -1.860
  4695.026      92.1     0.548    -2.022
  4695.030      40.0     2.125    -0.630
  4695.030     607.0     0.717    -4.867               7.650
  4695.038      90.0     0.457    -1.493
  4695.055      58.1     1.274    -1.990
  4695.061      24.0     4.440    -4.004
  4695.084     607.0     0.818    -4.030               7.650
  4695.120 106.00112     2.667    -1.524               3.456
  4695.140      58.1     1.581    -2.420
  4695.145      24.0     2.983    -1.180
  4695.177      58.1     1.520    -2.550
  4695.184 106.00113     3.059    -4.090               3.456
  4695.186 106.00112     3.376    -4.930               3.456
  4695.193      27.0     3.252    -3.482
  4695.207      26.1     8.038    -4.535
  4695.256      24.0     3.375    -3.576
  4695.270 106.00112     2.667    -1.538               3.456
  4695.274      69.1     4.684    -3.290
  4695.286 106.00113     3.140    -1.443               3.456
  4695.365 106.00112     2.667    -4.090               3.456
  4695.374      58.1     1.079    -1.480
  4695.422      23.0     2.359    -2.541
  4695.438 106.00113     1.041    -2.353               3.456
  4695.443      16.0     6.525    -1.920
  4695.462      41.0     1.354    -1.250
  4695.492      58.1     0.809    -1.990
  4695.493      64.0     1.495     0.394
  4695.511      23.0     1.711    -3.536
  4695.559 106.00113     1.539    -4.857               3.456
  4695.564 106.00113     1.041    -2.343               3.456
  4695.566     607.0     0.759    -4.257               7.650
  4695.576     607.0     0.759    -3.751               7.650
  4695.588      21.0     3.057    -3.069
  4695.590 106.00113     3.140    -1.455               3.456
  4695.592      27.0     3.812    -2.694
  4695.600     607.0     0.751    -4.571               7.650
  4695.623      21.0     3.057    -3.765
  4695.714     607.0     0.886    -4.404               7.650
  4695.715      20.0     5.045    -2.387
  4695.725 106.00113     3.024    -1.323               3.456
  4695.736      21.0     2.303    -4.226
  4695.762      24.1     7.331    -2.263
  4695.802 106.00112     2.122    -2.303               3.456
  4695.870 106.00112     3.648    -2.372               3.456
  4695.900     607.0     0.820    -3.536               7.650
  4695.927     607.0     0.820    -3.999               7.650
  4695.939      22.0     0.818    -4.330
  4695.969 106.00113     1.041    -4.363               3.456
  4695.985 106.00112     1.254    -3.236               3.456
  4695.985 106.00113     3.024    -1.311               3.456
  4696.019      26.0     4.593    -2.368
  4696.042      23.0     2.359    -2.101
  4696.053      26.0     4.218    -3.270
  4696.109      58.1     0.977    -2.220
  4696.122      21.0     3.057    -3.772
  4696.152 106.00113     2.122    -2.303               3.456
  4696.157      26.0     4.435    -3.176
  4696.194      69.1     4.140    -3.560
  4696.232      23.0     2.138    -4.889
  4696.233     607.0     0.798    -3.575               7.650
  4696.242      58.1     4.142    -3.080
  4696.252      16.0     6.525    -2.140
  4696.254 106.00112     2.122    -2.316               3.456
  4696.269 106.00112     3.648    -2.363               3.456
  4696.272 106.00113     1.539    -2.631               3.456
  4696.300      69.1     3.934    -2.330
  4696.322 106.00113     1.539    -2.631               3.456
  4696.329     607.0     1.761    -4.325               7.650
  4696.347     8.1      22.999    -1.380
  4696.366     607.0     0.763    -4.241               7.650
  4696.378     607.0     0.763    -3.678               7.650
  4696.408     607.0     0.753    -4.364               7.650
  4696.413     607.0     0.753    -4.703               7.650
  4696.427      69.1     2.964    -1.860
  4696.434      60.0     0.456     0.021
  4696.455     607.0     0.785    -3.454               7.650
  4696.464 106.00112     1.539    -2.631               3.456
  4696.471      69.1     4.301    -0.980
  4696.474     607.0     0.785    -4.250               7.650
  4696.475      69.1     4.459    -3.660
  4696.481 106.00113     2.122    -2.316               3.456
  4696.500      58.0     0.206    -0.433
  4696.508      42.0     2.598    -1.784
  4696.553      22.0     3.441    -2.919
  4696.576 106.00112     1.539    -4.857               3.456
  4696.620 106.00112     1.539    -2.631               3.456
  4696.626     107.0     3.190    -4.825               3.450
  4696.639     607.0     0.776    -4.546               7.650
  4696.693     607.0     0.776    -3.646               7.650
  4696.748      21.1     4.850    -4.941
  4696.758      58.1     0.812    -1.560
  4696.790 106.00113     2.234    -4.693               3.456
  4696.792 106.00113     3.303    -1.081               3.456
  4696.799      39.0     1.983     0.150
  4696.833      70.1     5.613    -1.850
  4696.880      58.1     0.740    -1.620
  4696.931      22.0     2.154    -0.493
  4696.975 106.00113     3.303    -1.091               3.456
  4697.002      27.0     3.530    -2.403
  4697.005     607.0     0.936    -3.679               7.650
  4697.012     107.0     3.244    -4.496               3.450
  4697.022      22.0     3.439    -2.962
  4697.033     607.0     0.770    -3.968               7.650
  4697.051      24.0     2.708    -1.060
  4697.127      58.1     1.274    -1.700
  4697.166      58.1     0.876    -2.630
  4697.174      26.0     4.103    -4.051
  4697.234      58.1     0.960    -2.760
  4697.318 106.00113     3.285    -2.369               3.456
  4697.321     607.0     0.766    -4.229               7.650
  4697.326 106.00112     2.029    -2.316               3.456
  4697.332      70.1     6.570    -1.730
  4697.334     607.0     0.766    -3.613               7.650
  4697.335      27.1     8.141    -3.984
  4697.342     107.0     3.190    -4.794               3.450
  4697.376     607.0     0.754    -4.250               7.650
  4697.383     607.0     0.754    -4.493               7.650
  4697.388      24.0     3.369    -1.290
  4697.419 106.00112     2.029    -2.329               3.456
  4697.427      64.0     0.791     0.101
  4697.452      27.0     4.049    -1.453
  4697.455      58.1     1.247    -1.810
  4697.463      41.0     1.079    -1.380
  4697.470      29.0     5.245    -1.151
  4697.485      25.0     4.194    -3.270
  4697.527 106.00113     2.029    -2.329               3.456
  4697.536      58.1     1.582    -1.940
  4697.554 106.00113     2.029    -2.316               3.456
  4697.578      58.1     1.079    -2.600
  4697.585      23.0     1.712    -2.525
  4697.593 106.00113     3.285    -2.359               3.456
  4697.598      24.1     5.670    -1.913
  4697.611     607.0     0.805    -3.545               7.650
  4697.673 106.00112     3.024    -1.323               3.456
  4697.679      70.1     7.198    -1.730
  4697.702 106.00112     3.551    -4.930               3.456
  4697.704 106.00113     3.140    -4.215               3.456
  4697.724 106.00113     3.551    -1.745               3.456
  4697.738      58.1     1.458    -1.450
  4697.766 106.00112     3.303    -4.215               3.456
  4697.771      69.1     4.141    -3.230
  4697.819 106.00113     3.551    -1.754               3.456
  4697.823      69.1     4.096    -3.580
  4697.825 106.00112     3.024    -4.095               3.456
  4697.830     107.0     3.003    -3.913               3.450
  4697.833      58.1     1.251    -2.250
  4697.842      70.1     7.133    -2.210
  4697.843      24.0     5.132    -0.410
  4697.867      27.1     7.849    -4.400
  4697.878      25.1     6.133    -4.786
  4697.889 106.00112     3.574    -2.148               3.456
  4697.899      24.0     4.440    -2.506
  4697.904      70.1     5.910    -3.140
  4697.913     607.0     0.828    -3.508               7.650
  4697.933 106.00112     3.551    -1.745               3.456
  4697.936 106.00112     3.303    -1.081               3.456
  4697.942     607.0     0.828    -4.005               7.650
  4697.982      26.1     7.118    -4.902
  4697.984 106.00112     3.024    -1.311               3.456
  4698.028     607.0     0.898    -4.412               7.650
  4698.031      27.0     2.718    -3.681
  4698.057      22.1     4.002    -3.463
  4698.066 106.00112     3.551    -1.754               3.456
  4698.077 106.00113     3.024    -4.095               3.456
  4698.080      24.0     3.395    -4.166
  4698.112 106.00112     3.303    -1.091               3.456
  4698.114     107.0     3.190    -4.748               3.450
  4698.142     607.0     1.066    -3.929               7.650
  4698.175      58.1     3.706    -2.640
  4698.180      58.1     1.930    -1.010
  4698.196      24.0     4.446    -1.667
  4698.203      69.1     4.368    -2.230
  4698.234      25.0     4.606    -3.187
  4698.243      23.1     6.713    -4.248
  4698.271      21.1     0.595    -2.825
  4698.282 106.00112     3.303    -4.215               3.456
  4698.298 106.00112     3.551    -4.930               3.456
  4698.313      23.1     8.573    -3.922
  4698.337 106.00112     3.574    -2.157               3.456
  4698.386      27.0     3.255    -0.824
  4698.389      28.0     4.088    -0.840
  4698.410     107.0     3.003    -3.913               3.450
  4698.444     607.0     0.770    -4.221               7.650
  4698.450 106.00112     2.234    -4.693               3.456
  4698.457      23.0     2.581    -3.374
  4698.457     607.0     0.791    -3.411               7.650
  4698.458     607.0     0.770    -3.555               7.650
  4698.460      24.0     3.144    -0.290
  4698.478     607.0     0.791    -4.247               7.650
  4698.484      69.1     4.435    -3.250
  4698.486      58.1     2.470    -2.620
  4698.492 106.00112     3.140    -1.443               3.456
  4698.506      24.0     5.132    -2.304
  4698.506     607.0     0.757    -4.174               7.650
  4698.514     607.0     0.757    -4.341               7.650
  4698.543      27.0     4.209    -2.768
  4698.602      24.0     2.709    -1.330
  4698.611      24.0     3.087    -1.029
  4698.622      70.1     4.754    -2.450
  4698.631      74.0     2.458    -1.040
  4698.656      22.1     1.231    -2.940
  4698.675 106.00112     3.140    -1.455               3.456
  4698.689      66.1     2.058    -0.229
  4698.726      24.0     4.159    -1.921
  4698.727      58.1     3.913    -1.840
  4698.756     107.0     3.245    -4.440               3.450
  4698.759     607.0     1.021    -4.407               7.650
  4698.761      22.0     1.053    -0.861
  4698.775      22.0     3.409    -3.025
  4698.791      42.0     4.053    -1.065
  4698.817 106.00112     3.140    -4.215               3.456
  4698.817      69.1     3.934    -2.650
  4698.826      27.0     4.110    -1.603
  4698.827      22.0     3.294    -4.139
  4698.828      22.0     2.160    -0.301
  4698.886      58.1     0.875    -1.710
  4698.918 106.00112     1.041    -2.353               3.456
  4698.943      24.0     3.079    -1.440
  4698.951 106.00112     1.041    -4.363               3.456
  4698.954 106.00113     2.438    -4.573               3.456
  4699.005     607.0     0.936    -3.670               7.650
  4699.007      72.0     2.233    -0.390
  4699.042      70.1     6.660    -1.570
  4699.068      22.0     2.487    -1.903
  4699.073      25.0     5.112    -3.896
  4699.110 106.00112     1.041    -2.343               3.456
  4699.147     607.0     0.812    -3.516               7.650
  4699.177      27.0     1.049    -3.710
  4699.204      26.0     4.638    -4.220
  4699.220     8.1      26.225     0.270
  4699.245      24.0     4.440    -4.064
  4699.277      58.1     1.014    -2.780
  4699.300      66.0     1.251    -1.650
  4699.313     607.0     0.792    -3.640               7.650
  4699.316      23.0     1.893    -1.874
  4699.326     607.0     0.775    -3.907               7.650
  4699.356      62.1     0.333    -1.440
  4699.456      58.1     1.355    -1.720
  4699.457 106.00113     3.303    -4.215               3.456
  4699.488      20.0     5.018    -3.901
  4699.532 106.00112     3.289    -2.359               3.456
  4699.594      24.0     4.207    -0.410
  4699.616      27.0     2.877    -4.681
  4699.620      57.1     0.403    -1.780
  4699.645      27.0     4.113    -3.436
  4699.654     607.0     0.754    -4.896               7.650
  4699.681      28.0     4.154    -1.063
  4699.698      25.0     4.660    -3.816
  4699.702     607.0     0.775    -4.216               7.650
  4699.718      72.1     2.496    -0.780
  4699.718     607.0     0.775    -3.503               7.650
  4699.730      69.1     3.855    -2.050
  4699.784 106.00113     2.464    -3.032               3.456
  4699.800     607.0     0.759    -4.121               7.650
  4699.809     607.0     0.759    -4.222               7.650
  4699.857      24.0     4.447    -2.028
  4699.898      58.1     1.042    -1.720
  4699.901      21.0     3.057    -2.940
  4699.912 106.00113     2.464    -3.014               3.456
  4699.937      21.0     3.057    -2.982
  4699.976      27.1     8.010    -4.392
  4700.006     607.0     0.860    -4.839               7.650
  4700.043 106.00112     3.289    -2.369               3.456
  4700.055     607.0     0.836    -3.481               7.650
  4700.068     607.0     0.860    -3.259               7.650
  4700.082      22.0     2.677    -3.769
  4700.085     607.0     0.836    -4.011               7.650
  4700.140      90.1     1.770    -1.064
  4700.158      26.0     4.320    -1.161
  4700.159     607.0     1.066    -3.920               7.650
  4700.175      27.1     8.775    -3.067
  4700.190      22.0     2.695    -1.730
  4700.191      26.0     3.695    -2.20
  4700.209      23.1     8.583    -3.521
  4700.348      24.0     4.855    -2.351
  4700.412      74.0     0.771    -2.850
  4700.419      26.0     2.198    -4.536
  4700.422    56.0       1.567    -1.220
  4700.429      24.0     4.778    -0.503
  4700.432     607.0     1.021    -4.401               7.650
  4700.447      75.0     2.700    -0.920
  4700.483     607.0     0.910    -4.420               7.650
  4700.488      42.0     2.623    -1.386
  4700.529     607.0     1.178    -4.667               7.650
  4700.545      24.0     4.099    -4.489
  4700.553 106.00112     2.438    -4.573               3.456
  4700.557     607.0     0.840    -4.027               7.650
  4700.578      42.0     2.496    -2.429
  4700.595 106.00113     1.483    -4.837               3.456
  4700.596     607.0     0.798    -3.371               7.650
  4700.611      24.0     2.710    -1.255
  4700.618     607.0     0.798    -4.246               7.650
  4700.699      24.1     6.578    -3.471
  4700.708 106.00113     3.574    -2.148               3.456
  4700.729     607.0     0.731    -4.875               7.650
  4700.827      58.1     0.823    -3.000
  4700.835     607.0     0.820    -3.490               7.650
  4700.886      70.1     7.003    -3.160
  4700.953 106.00113     3.574    -2.157               3.456
  4700.973      92.1     0.036    -2.453
  4701.026 106.00113     1.142    -4.836               3.456
  4701.045      26.0     3.686    -1.85
  4701.079 106.00113     3.551    -4.930               3.456
  4701.101 106.00112     3.545    -4.693               3.456
  4701.104 106.00113     3.652    -2.363               3.456
  4701.111      25.0     2.920    -2.165
  4701.114      25.0     2.920    -2.854
  4701.117      25.0     2.920    -3.808
  4701.123     607.0     0.780    -4.213               7.650
  4701.130      25.0     2.920    -2.377
  4701.133      25.0     2.920    -2.708
  4701.135      25.0     2.920    -3.428
  4701.139 106.00113     1.483    -2.632               3.456
  4701.141     607.0     0.780    -3.456               7.650
  4701.145      25.0     2.920    -2.650
  4701.147      25.0     2.920    -2.729
  4701.148      25.0     2.920    -3.252
  4701.155      25.0     2.920    -3.060
  4701.156      25.0     2.920    -2.884
  4701.157      25.0     2.920    -3.206
  4701.184     8.1      28.830     0.088
  4701.219 106.00113     3.548    -4.930               3.456
  4701.249     607.0     0.763    -4.082               7.650
  4701.256 106.00113     3.652    -2.372               3.456
  4701.260     607.0     0.763    -4.123               7.650
  4701.261      24.0     5.132    -1.586
  4701.263 106.00113     1.483    -2.629               3.456
  4701.283      21.0     3.189    -1.366
  4701.309      73.0     1.358    -1.560
  4701.346      28.0     3.480    -1.15
  4701.387      22.1     4.009    -3.608
  4701.438     607.0     0.757    -4.733               7.650
  4701.441      58.1     1.212    -0.980
  4701.530      28.0     4.088    -0.390
  4701.537 106.00112     1.483    -2.632               3.456
  4701.546 106.00113     1.142    -2.658               3.456
  4701.561 106.00112     1.483    -2.629               3.456
  4701.570      69.0     2.184    -0.690
  4701.608      24.1     4.156    -3.572
  4701.612      23.1     8.599    -3.624
  4701.665 106.00112     1.483    -4.837               3.456
  4701.679      25.0     4.608    -3.671
  4701.690 106.00113     3.028    -1.311               3.456
  4701.694 106.00113     1.142    -2.648               3.456
  4701.756     607.0     0.780    -3.851               7.650
  4701.762      20.0     4.680    -2.927
  4701.798      24.0     4.159    -1.264
  4701.802      58.1     0.812    -3.040
  4701.889 106.00112     2.464    -3.032               3.456
  4701.896      22.0     3.148    -1.680
  4701.902 106.00113     3.369    -1.164               3.456
  4701.902      26.0     3.430    -3.30
  4701.908 106.00113     3.028    -1.323               3.456
  4701.916      24.0     3.113    -2.458
  4701.955 106.00113     3.369    -1.174               3.456
  4701.995 106.00112     1.142    -2.658               3.456
  4702.001      58.1     0.812    -2.640
  4702.030      58.1     1.694    -2.130
  4702.040      92.1     0.584    -1.866
  4702.041 106.00112     1.142    -2.648               3.456
  4702.077 106.00112     2.464    -3.014               3.456
  4702.101      27.1     9.069    -2.669
  4702.127      26.0     4.076    -4.433
  4702.134 106.00112     1.142    -4.836               3.456
  4702.145      58.1     1.092    -1.740
  4702.158      23.1     8.599    -3.383
  4702.174      24.1     8.598    -4.641
  4702.211      20.0     5.049    -2.723
  4702.244      28.0     4.154    -9.99
  4702.249      27.0     4.025    -3.419
  4702.253     607.0     1.178    -4.660               7.650
  4702.267      23.0     2.583    -3.386
  4702.283      69.1     4.647    -2.050
  4702.285      26.0     4.55     -1.95
  4702.309      90.1     1.204    -1.850
  4702.316    18.0      11.828    -2.965
  4702.351     607.0     0.845    -3.456               7.650
  4702.383     607.0     0.846    -4.017               7.650
  4702.472      74.0     2.353    -1.140
  4702.488      23.1     8.599    -3.703
  4702.512      92.1     0.285    -1.861
  4702.537      26.1     7.693    -2.795
  4702.559      25.0     4.685    -3.509
  4702.559      25.0     4.685    -4.240
  4702.570     4.1      14.725    -0.947
  4702.574      20.0     4.681    -2.509
  4702.592      26.1     6.803    -3.944
  4702.598      26.0     4.371    -2.379
  4702.636      57.0     0.511    -1.250
  4702.666     607.0     0.828    -3.464               7.650
  4702.670      26.0     3.047    -5.046
  4702.694      25.0     4.685    -2.845
  4702.700     607.0     0.785    -4.213               7.650
  4702.720     607.0     0.785    -3.412               7.650
  4702.725      58.1     0.295    -2.630
  4702.734      25.1     6.177    -2.335
  4702.738      24.0     3.385    -4.025
  4702.764 106.00113     1.484    -4.837               3.456
  4702.806 106.00113     3.545    -4.693               3.456
  4702.864     607.0     0.766    -4.053               7.650
  4702.868     607.0     0.840    -4.021               7.650
  4702.877     607.0     0.766    -4.040               7.650
  4702.877     607.0     0.805    -3.334               7.650
  4702.891 106.00113     0.895    -2.796               3.456
  4702.900     607.0     0.805    -4.247               7.650
  4702.913      26.0     3.237    -2.903
  4702.966      69.1     4.104    -2.240
  4702.970      28.1     6.952    -4.498
  4702.991    12.0       4.346    -0.440
  4703.003      40.1     2.490    -0.800
  4703.010      70.1     6.660    -1.670
  4703.023      22.1     2.598    -4.727
  4703.030 106.00113     0.895    -2.779               3.456
  4703.036      69.1     3.936    -1.800
  4703.085      25.0     5.112    -3.613
  4703.087 106.00113     1.143    -4.836               3.456
  4703.092      27.0     3.409    -3.104
  4703.096 106.00112     2.032    -2.316               3.456
  4703.099     607.0     0.922    -4.428               7.650
  4703.122      22.0     2.472    -1.979
  4703.133      64.0     1.054    -0.044
  4703.208      22.0     3.305    -3.825
  4703.220      23.1     8.599    -3.557
  4703.231 106.00113     2.466    -3.014               3.456
  4703.256      21.1     7.981    -1.502
  4703.258      57.1     1.946    -0.475
  4703.273 106.00112     0.895    -2.796               3.456
  4703.298 106.00112     0.895    -2.779               3.456
  4703.324 106.00113     2.032    -2.316               3.456
  4703.333      62.1     1.076    -1.400
  4703.373     107.0     3.050    -3.869               3.450
  4703.384 106.00113     2.466    -3.032               3.456
  4703.384     607.0     0.759    -4.628               7.650
  4703.433 106.00113     1.484    -2.629               3.456
  4703.443      26.0     3.267    -4.339
  4703.446      25.1     6.111    -4.721
  4703.466 106.00113     1.484    -2.632               3.456
  4703.482     607.0     1.723    -3.767               7.650
  4703.497      23.1     1.673    -4.242
  4703.523 106.00113     3.289    -2.359               3.456
  4703.539 106.00112     2.032    -2.329               3.456
  4703.570      60.1     0.380    -0.80
  4703.572 106.00112     3.369    -4.014               3.456
  4703.589      58.1     3.694    -2.580
  4703.591     107.0     3.231    -4.583               3.450
  4703.616      26.1     7.988    -4.432
  4703.634      58.1     1.254    -1.680
  4703.647 106.00113     2.032    -2.329               3.456
  4703.694 106.00112     3.028    -1.311               3.456
  4703.711 106.00112     3.369    -1.164               3.456
  4703.726      58.1     1.177    -2.530
  4703.731 106.00112     1.484    -2.629               3.456
  4703.734 106.00112     3.369    -1.174               3.456
  4703.734      27.0     4.240    -3.941
  4703.754 106.00113     1.143    -2.658               3.456
  4703.756 106.00113     1.143    -2.648               3.456
  4703.767 106.00113     3.289    -2.369               3.456
  4703.784     607.0     0.904    -4.746               7.650
  4703.803      28.0     3.658    -0.65
  4703.819      58.1     2.931    -0.690
  4703.835 106.00112     1.484    -4.837               3.456
  4703.838      23.0     2.575    -2.574
  4703.862 106.00112     3.028    -1.323               3.456
  4703.862 106.00112     3.652    -2.363               3.456
  4703.864 106.00112     1.484    -2.632               3.456
  4703.888      24.0     5.134    -3.805
  4703.902 106.00112     3.381    -1.345               3.456
  4703.921      22.0     1.067    -3.918
  4703.935 106.00112     3.652    -2.372               3.456
  4703.990      90.0     0.000    -1.947
  4703.990      26.1     7.653    -4.533
  4703.994      58.1     1.107    -0.980
  4703.995 106.00113     3.382    -4.215               3.456
  4704.003      69.1     4.288    -1.830
  4704.015 106.00112     3.028    -4.095               3.456
  4704.019 106.00112     3.667    -2.148               3.456
  4704.024 106.00113     3.548    -1.754               3.456
  4704.052     107.0     3.050    -3.869               3.450
  4704.103 106.00112     1.143    -2.648               3.456
  4704.110 106.00112     3.382    -4.215               3.456
  4704.159      27.0     3.713    -0.80
  4704.180      58.1     2.473    -3.920
  4704.190 106.00113     2.441    -4.573               3.456
  4704.196 106.00112     1.143    -4.836               3.456
  4704.203 106.00112     1.143    -2.658               3.456
  4704.267 106.00113     3.028    -4.095               3.456
  4704.300     607.0     0.785    -3.801               7.650
  4704.305 106.00112     3.382    -1.335               3.456
  4704.384      27.0     3.713    -0.979
  4704.384      69.1     3.955    -1.880
  4704.400      62.1     0.000    -0.80
  4704.422      20.0     4.780    -3.00
  4704.426 106.00113     3.548    -1.745               3.456
  4704.458     607.0     0.791    -4.215               7.650
  4704.479     607.0     0.791    -3.372               7.650
  4704.480      26.0     4.50     -1.70
  4704.491      23.1     6.784    -3.879
  4704.499      24.0     2.983    -4.673
  4704.591      29.0     5.102    -0.782
  4704.634     607.0     0.770    -4.032               7.650
  4704.648      22.0     3.430    -3.341
  4704.648     607.0     0.770    -3.967               7.650
  4704.659     607.0     0.836    -3.440               7.650
  4704.784     607.0     0.855    -3.432               7.650
  4704.803 106.00113     3.369    -4.014               3.456
  4704.817     607.0     0.855    -4.024               7.650
  4704.845      25.0     4.713    -3.034
  4704.894     607.0     0.961    -3.670               7.650
  4704.922 106.00112     2.300    -2.650               3.456
  4704.948      26.0     3.686    -1.40
  4704.965      22.0     2.506    -4.545
  4704.989      24.0     5.111    -2.317
  4705.000      62.1     0.659    -2.250
  4705.002      23.0     2.379    -0.727
  4705.002      24.0     4.144    -1.243
  4705.012      58.1     2.250    -3.010
  4705.026      24.1     8.614    -4.380
  4705.039      70.1     5.815    -2.030
  4705.046      75.0     2.748    -0.700
  4705.093      23.0     2.365    -0.836
  4705.122 106.00112     2.300    -2.635               3.456
  4705.126 106.00112     1.940    -2.329               3.456
  4705.168 106.00112     2.370    -2.636               3.456
  4705.182     607.0     0.808    -3.626               7.650
  4705.210 106.00113     1.940    -2.342               3.456
  4705.217 106.00112     1.940    -2.342               3.456
  4705.230      23.1     6.479    -3.974
  4705.235 106.00113     1.940    -2.329               3.456
  4705.283     607.0     0.812    -3.299               7.650
  4705.283      70.1     7.005    -1.940
  4705.309     607.0     0.812    -4.249               7.650
  4705.352     8.1      26.249     0.477
  4705.374 106.00112     2.370    -2.621               3.456
  4705.381      27.0     4.259    -3.715
  4705.395      70.1     5.724    -2.570
  4705.398 106.00112     2.466    -3.014               3.456
  4705.404      69.1     4.756    -2.470
  4705.405 106.00113     0.897    -2.779               3.456
  4705.405 106.00113     2.300    -2.650               3.456
  4705.425      24.0     4.204    -1.481
  4705.425 106.00113     0.897    -2.796               3.456
  4705.447 106.00112     2.232    -2.665               3.456
  4705.450      22.0     0.826    -4.109
  4705.457      26.0     3.546    -2.20
  4705.480 106.00112     3.548    -1.754               3.456
  4705.491 106.00112     2.466    -3.032               3.456
  4705.499     607.0     0.763    -4.555               7.650
  4705.505      28.0     3.480    -2.294
  4705.542      69.1     4.563    -3.680
  4705.618      22.1     5.647    -1.830
  4705.620     107.0     3.231    -4.518               3.450
  4705.640 106.00112     2.232    -2.649               3.456
  4705.658      24.0     3.122    -3.504
  4705.671 106.00112     3.548    -4.930               3.456
  4705.673 106.00112     0.897    -2.779               3.456
  4705.690      22.0     3.323    -3.193
  4705.710     607.0     0.878    -4.847               7.650
  4705.713 106.00112     3.548    -4.930               3.456
  4705.722     607.0     0.904    -4.741               7.650
  4705.746 106.00113     2.300    -2.635               3.456
  4705.761      90.1     1.204    -1.210
  4705.774     607.0     0.878    -3.247               7.650
  4705.793 106.00112     2.441    -4.573               3.456
  4705.793 106.00113     2.370    -2.636               3.456
  4705.795 106.00113     2.232    -2.665               3.456
  4705.808 106.00112     0.897    -2.796               3.456
  4705.839      58.1     0.737    -1.670
  4705.843      22.0     3.407    -3.959
  4705.868     607.0     0.934    -4.436               7.650
  4705.874      42.0     3.198    -1.612
  4705.903 106.00112     3.548    -1.745               3.456
  4705.911      22.0     3.186    -3.277
  4705.916      28.0     3.658    -1.75
  4706.045      21.0     3.057    -3.318
  4706.051      42.0     2.916    -0.813
  4706.081      21.0     3.057    -2.682
  4706.089      24.0     3.113    -1.230
  4706.090      73.0     1.394    -1.460
  4706.118 106.00112     3.548    -4.693               3.456
  4706.123 106.00113     2.232    -2.649               3.456
  4706.145 106.00113     2.370    -2.621               3.456
  4706.161     607.0     1.093    -3.922               7.650
  4706.167      74.0     2.037    -1.630
  4706.172      23.0     1.931    -0.60
  4706.189      26.1     7.695    -4.595
  4706.204      24.0     3.464    -9.99
  4706.227 106.00113     3.381    -1.345               3.456
  4706.236      27.1     7.854    -3.240
  4706.251      90.1     0.868    -1.490
  4706.256 106.00112     2.441    -2.623               3.456
  4706.271      23.0     2.575    -9.99
  4706.299      26.0     3.642    -2.90
  4706.330     607.0     0.798    -4.218               7.650
  4706.353     607.0     0.798    -3.335               7.650
  4706.370      58.1     3.696    -2.790
  4706.434      58.1     2.145    -0.940
  4706.471 106.00112     2.441    -2.608               3.456
  4706.482 106.00113     3.460    -2.100               3.456
  4706.540      60.1     0.000    -0.15
  4706.565     607.0     0.775    -4.016               7.650
  4706.566      23.0     2.138    -0.110
  4706.581     607.0     0.775    -3.902               7.650
  4706.593     607.0     0.745    -4.882               7.650
  4706.632      28.0     3.847    -2.272
  4706.675      21.0     4.991    -3.187
  4706.683      23.1     8.573    -3.766
  4706.683 106.00112     2.165    -2.680               3.456
  4706.706 106.00113     3.460    -2.090               3.456
  4706.757      14.0     5.082    -9.99
  4706.788 106.00113     2.803    -2.595               3.456
  4706.807     607.0     0.846    -3.418               7.650
  4706.819 106.00113     3.382    -1.335               3.456
  4706.845 106.00113     3.667    -2.148               3.456
  4706.867 106.00112     2.165    -2.663               3.456
  4706.876     607.0     0.961    -3.662               7.650
  4706.901 106.00113     2.165    -2.680               3.456
  4706.901      58.1     1.855    -3.310
  4706.907      58.1     1.742    -1.650
  4706.929      21.0     2.296    -0.252
  4706.956      60.0     0.140    -0.089
  4706.989     607.0     0.791    -3.754               7.650
  4707.000      58.0     0.521    -0.285
  4707.001      26.0     3.267    -9.99
  4707.027 106.00113     2.441    -2.623               3.456
  4707.042 106.00113     2.803    -2.581               3.456
  4707.094      58.1     1.784    -1.460
  4707.113      22.1     5.423    -4.340
  4707.170      42.0     3.395    -1.204
  4707.191 106.00113     2.976    -4.693               3.456
  4707.215 106.00113     2.165    -2.663               3.456
  4707.237 106.00113     3.548    -4.930               3.456
  4707.243      58.0     0.000    -0.713
  4707.247      42.0     2.597     0.035
  4707.274      26.0     3.241    -0.95
  4707.324      24.0     5.134    -3.255
  4707.325      64.1     1.372    -1.760
  4707.326 106.00113     3.551    -4.930               3.456
  4707.355     607.0     0.865    -3.409               7.650
  4707.357      27.0     4.025    -2.137
  4707.382      22.1     5.233    -4.169
  4707.389     607.0     0.865    -4.032               7.650
  4707.397 106.00113     2.441    -2.608               3.456
  4707.441      23.0     1.945    -3.695
  4707.464      26.1     7.489    -4.743
  4707.469      58.1     2.416    -1.500
  4707.488    26.0       2.843    -2.10
  4707.492      23.0     2.365    -3.697
  4707.539      59.1     0.204    -1.345
  4707.593     107.0     3.162    -4.862               3.450
  4707.605     607.0     1.798    -4.324               7.650
  4707.623 106.00113     3.460    -4.095               3.456
  4707.640      22.0     3.062    -1.182
  4707.659      25.0     4.666    -3.636
  4707.663      27.1     7.980    -4.076
  4707.680      26.1     7.929    -3.688
  4707.748      24.0     3.375    -1.290
  4707.757     607.0     0.766    -4.502               7.650
  4707.772      40.0     1.482    -0.620
  4707.827 106.00113     3.548    -4.693               3.456
  4707.838     607.0     0.820    -3.267               7.650
  4707.865     607.0     0.820    -4.253               7.650
  4707.883 106.00112     2.803    -2.595               3.456
  4707.932      58.1     0.879    -1.130
  4707.940      65.1     1.115    -0.400
  4707.980      26.0     5.012    -4.189
  4707.982     107.0     3.231    -4.387               3.450
  4707.999      58.1     4.105    -3.860
  4707.999      14.0     5.082    -2.852
  4708.013      24.0     3.168     0.110
  4708.073      59.1     0.055    -1.136
  4708.093     607.0     0.808    -4.562               7.650
  4708.100      90.1     1.454    -1.901
  4708.124 106.00112     2.803    -2.581               3.456
  4708.136      69.1     3.295    -2.730
  4708.148     607.0     1.093    -3.913               7.650
  4708.150     607.0     0.808    -3.618               7.650
  4708.155      24.0     3.092    -3.058
  4708.177      57.0     1.139    -0.640
  4708.180      23.0     2.374    -2.758
  4708.182 106.00113     1.430    -4.818               3.456
  4708.184 106.00112     2.723    -2.136               3.456
  4708.222      42.0     2.260    -0.898
  4708.235 106.00112     2.723    -2.148               3.456
  4708.257 106.00112     2.514    -2.609               3.456
  4708.275      41.0     1.354    -0.660
  4708.279      69.1     4.030    -1.350
  4708.306      23.0     2.878    -2.593
  4708.334     607.0     1.052    -4.401               7.650
  4708.344      23.1     8.573    -4.112
  4708.363     607.0     0.805    -4.222               7.650
  4708.366      26.0     4.415    -3.675
  4708.381      69.1     4.784    -2.390
  4708.386     607.0     0.805    -3.300               7.650
  4708.415      22.0     3.199    -3.799
  4708.415     107.0     3.162    -4.829               3.450
  4708.483 106.00112     2.514    -2.596               3.456
  4708.544     607.0     0.864    -4.018               7.650
  4708.565 106.00112     2.100    -2.695               3.456
  4708.585 106.00112     2.814    -2.125               3.456
  4708.597      23.0     2.578    -4.159
  4708.630 106.00113     2.741    -1.523               3.456
  4708.632 106.00112     2.814    -2.136               3.456
  4708.650      28.0     4.154    -2.246
  4708.654     607.0     0.780    -4.006               7.650
  4708.659 106.00113     2.100    -2.695               3.456
  4708.662    22.1       1.237    -2.336
  4708.671     607.0     0.780    -3.845               7.650
  4708.674 106.00113     1.430    -2.637               3.456
  4708.735      26.0     4.415    -3.994
  4708.747 106.00112     2.100    -2.678               3.456
  4708.750      26.1     9.742    -2.329
  4708.775     607.0     0.948    -4.444               7.650
  4708.778 106.00112     2.633    -2.148               3.456
  4708.809 106.00113     1.430    -2.630               3.456
  4708.816 106.00113     2.741    -1.509               3.456
  4708.834 106.00112     2.633    -2.159               3.456
  4708.852      72.0     2.839    -0.200
  4708.858      39.0     1.887    -0.820
  4708.863      27.0     4.175    -2.286
  4708.874 106.00112     2.302    -2.635               3.456
  4708.885      77.0     2.363    -1.820
  4708.894 106.00113     2.723    -2.148               3.456
  4708.926      26.0     4.593    -2.446
  4708.940    56.1       6.124    -0.947
  4708.940      25.1     6.128    -3.166
  4708.951      22.0     2.160    -1.053
  4708.965 106.00112     2.302    -2.650               3.456
  4708.965 106.00113     2.100    -2.678               3.456
  4708.968    26.0       3.637    -1.90
  4708.976 106.00113     2.723    -2.136               3.456
  4709.014      24.0     2.983    -4.739
  4709.034      27.0     4.025    -2.958
  4709.042 106.00113     3.384    -4.215               3.456
  4709.058 106.00113     3.373    -1.164               3.456
  4709.088      26.0     3.654    -1.20
  4709.094     607.0     0.855    -3.396               7.650
  4709.158 106.00112     3.384    -4.215               3.456
  4709.169 106.00112     1.430    -2.637               3.456
  4709.184 106.00113     2.514    -2.609               3.456
  4709.202      24.1     8.503    -3.603
  4709.202      69.1     4.355    -1.690
  4709.209 106.00112     1.430    -2.630               3.456
  4709.220 106.00112     2.234    -2.649               3.456
  4709.242      24.1     5.871    -3.528
  4709.284      58.1     2.145    -0.920
  4709.293 106.00112     2.372    -2.621               3.456
  4709.300 106.00112     2.234    -2.665               3.456
  4709.304 106.00112     1.430    -4.818               3.456
  4709.309     607.0     1.798    -4.319               7.650
  4709.313      21.0     2.303     0.027
  4709.319     107.0     3.162    -4.778               3.450
  4709.345      69.1     4.606    -1.740
  4709.353 106.00112     3.384    -1.335               3.456
  4709.366 106.00113     2.633    -2.159               3.456
  4709.391 106.00113     3.460    -4.930               3.456
  4709.395 106.00112     2.372    -2.636               3.456
  4709.424 106.00113     2.814    -2.136               3.456
  4709.437 106.00113     2.633    -2.148               3.456
  4709.448 106.00113     2.302    -2.650               3.456
  4709.482      44.0     1.131    -0.10
  4709.498      26.0     3.252    -4.076
  4709.499 106.00113     2.302    -2.635               3.456
  4709.513 106.00113     2.814    -2.125               3.456
  4709.515      59.0     0.543     0.533
  4709.517 106.00112     3.385    -1.345               3.456
  4709.521      28.0     3.465    -3.969
  4709.533      24.1     8.617    -3.342
  4709.573 106.00113     2.514    -2.596               3.456
  4709.588 106.00113     3.374    -1.174               3.456
  4709.604      21.0     4.498    -2.206
  4709.634      26.1     6.807    -3.836
  4709.639      70.1     6.950    -3.740
  4709.648 106.00113     2.234    -2.665               3.456
  4709.658      58.1     1.140    -3.050
  4709.685     107.0     3.219    -4.697               3.450
  4709.686     607.0     0.997    -3.482               7.650
  4709.688 106.00112     3.460    -0.930               3.456
  4709.703 106.00113     2.234    -2.649               3.456
  4709.709      22.0     0.826    -3.888
  4709.711      60.1     0.182    -0.970
  4709.712      25.0     2.888    -0.340
  4709.721      25.1     6.111    -3.979
  4709.759     607.0     0.997    -4.642               7.650
  4709.784      58.1     3.144    -2.300
  4709.793      64.0     0.124    -0.879
  4709.806      25.0     4.666    -1.233
  4709.822     607.0     0.798    -3.712               7.650
  4709.836      69.1     3.860    -2.730
  4709.861 106.00113     2.300    -4.693               3.456
  4709.872 106.00112     3.460    -4.095               3.456
  4709.890 106.00112     3.373    -2.359               3.456
  4709.898      20.0     5.045    -2.230
  4709.908 106.00112     3.460    -4.095               3.456
  4709.910 106.00112     3.373    -2.350               3.456
  4709.962      42.0     2.595    -2.224
  4709.996     607.0     1.052    -4.394               7.650
  4710.007      58.1     0.446    -2.300
  4710.012     8.1      26.225    -0.225
  4710.021 106.00113     2.372    -2.636               3.456
  4710.043      28.0     3.655    -2.744
  4710.045 106.00112     2.976    -4.693               3.456
  4710.065      24.0     4.446    -3.042
  4710.065 106.00113     2.372    -2.621               3.456
  4710.081      40.0     0.687     0.370
  4710.092 106.00112     3.460    -0.920               3.456
  4710.101      22.0     3.424    -3.949
  4710.114 106.00112     2.906    -2.114               3.456
  4710.127      21.1     7.981    -3.598
  4710.130     607.0     0.875    -3.387               7.650
  4710.138      27.0     4.259    -4.291
  4710.154 106.00112     2.905    -2.125               3.456
  4710.158 106.00113     1.432    -4.818               3.456
  4710.166     607.0     0.876    -4.039               7.650
  4710.183      22.0     2.175    -0.50 
  4710.189      22.0     1.046    -1.179
  4710.190     607.0     0.770    -4.463               7.650
  4710.198      58.1     0.704    -2.760
  4710.206      58.1     3.401    -3.520
  4710.239      26.1     9.941    -4.578
  4710.240      24.0     3.079    -2.082
  4710.254     607.0     1.210    -4.661               7.650
  4710.256 106.00112     2.543    -2.159               3.456
  4710.271 106.00112     2.167    -2.663               3.456
  4710.275     107.0     3.100    -3.829               3.450
  4710.283    26.0       3.015    -1.612
  4710.291 106.00113     2.741    -4.090               3.456
  4710.307 106.00113     3.460    -0.930               3.456
  4710.314 106.00112     2.543    -2.171               3.456
  4710.343 106.00112     2.167    -2.680               3.456
  4710.497      58.1     2.876    -1.210
  4710.538     607.0     0.828    -3.237               7.650
  4710.542 106.00113     3.551    -1.745               3.456
  4710.549 106.00112     2.444    -2.608               3.456
  4710.553      23.1     8.573    -3.942
  4710.556      23.0     2.130    -0.120
  4710.557      70.1     5.621    -3.230
  4710.560 106.00113     2.167    -2.680               3.456
  4710.560     607.0     0.812    -4.227               7.650
  4710.567     607.0     0.828    -4.258               7.650
  4710.586     607.0     0.812    -3.268               7.650
  4710.616 106.00112     3.460    -2.100               3.456
  4710.620 106.00113     2.167    -2.663               3.456
  4710.625      58.1     3.713    -2.710
  4710.649      62.1     0.659    -1.451
  4710.660 106.00112     2.444    -2.623               3.456
  4710.684      27.1     8.702    -2.873
  4710.695 106.00113     3.551    -1.754               3.456
  4710.698 106.00112     2.741    -1.523               3.456
  4710.709 106.00112     1.943    -2.329               3.456
  4710.709      24.0     4.144    -1.861
  4710.724 106.00113     2.543    -2.171               3.456
  4710.731      27.0     4.175    -3.774
  4710.740      58.1     0.740    -9.99
  4710.767      22.1     4.009    -9.99
  4710.782      24.1     6.578    -2.740
  4710.786 106.00113     1.432    -2.630               3.456
  4710.789 106.00113     2.543    -2.159               3.456
  4710.795 106.00113     1.432    -2.637               3.456
  4710.800 106.00112     2.741    -4.090               3.456
  4710.802 106.00113     3.460    -0.920               3.456
  4710.807     607.0     0.864    -4.011               7.650
  4710.818 106.00113     1.943    -2.329               3.456
  4710.822 106.00112     3.460    -4.930               3.456
  4710.823    18.1      18.496    -2.000
  4710.853      22.1     5.905    -4.802
  4710.873 106.00112     3.373    -1.164               3.456
  4710.898      26.0     4.446    -2.80
  4710.901     607.0     0.785    -3.999               7.650
  4710.906      22.0     3.319    -3.698
  4710.920     607.0     0.785    -3.793               7.650
  4710.944 106.00112     2.741    -1.509               3.456
  4710.978      58.1     3.257    -3.400
  4710.980 106.00113     1.090    -4.823               3.456