linelist_Mn_full (no hyperfine structure, except for 5399/5537/6016)
  4502.213      25.0     2.920    -0.344
  4671.672      25.0     2.888    -1.67
  4701.130      25.0     2.920    -1.65
  4727.461      25.0     2.920    -0.47
  4739.087      25.0     2.941    -0.490
  4754.042      25.0     2.282    -0.085
  4761.512      25.0     2.953    -0.138
  4762.367      25.0     2.888     0.426
  4765.846      25.0     2.941    -0.08
  4766.418      25.0     2.920     0.10
  4783.427      25.0     2.300     0.042
  4823.524      25.0     2.319     0.144
  4942.407      25.0     2.888    -2.79
  4965.853      25.0     2.888    -1.39
  4987.060      25.0     2.920    -3.04
  5004.892      25.0     2.920    -1.63
  5029.796      25.0     2.941    -1.89
  5042.583      25.0     2.953    -2.40
  5117.934      25.0     3.134    -1.14
  5149.156      25.0     3.134    -1.90
  5150.933      25.0     3.135    -1.03
  5196.593      25.0     3.135    -0.93
  5197.217      25.0     3.135    -1.81
  5255.326      25.0     3.133    -0.763
  5260.771      25.0     3.135    -1.97
  5292.872      25.0     3.383    -2.90
  5317.093      25.0     3.383    -2.23
  5334.869      25.0     3.373    -2.86
  5348.129      25.0     3.378    -1.78
  5388.544      25.0     3.373    -1.69
  5394.677      25.0     0.000    -3.503
  5399.450      25.0     3.850    -1.345
  5399.455      25.0     3.850    -1.213
  5399.465      25.0     3.850    -1.713
  5399.465      25.0     3.850    -1.315
  5399.478      25.0     3.850    -2.923
  5399.494      25.0     3.850    -1.345
  5399.497      25.0     3.850    -1.387
  5399.521      25.0     3.850    -1.213
  5399.522      25.0     3.850    -0.838
  5399.555      25.0     3.850    -1.315
  5407.419      25.0     2.143    -1.743
  5420.355      25.0     2.143    -1.460
  5432.546      25.0     0.000    -3.795
  5504.218      25.0     3.133    -2.54
  5510.191      25.0     3.135    -3.44
  5516.774      25.0     2.178    -1.847
  5537.694      25.0     2.187    -2.920
  5537.713      25.0     2.187    -2.807
  5537.740      25.0     2.187    -3.351
  5537.742      25.0     2.187    -2.904
  5537.769      25.0     2.187    -2.807
  5537.807      25.0     2.187    -2.443
  6013.51       25.0     3.072    -0.252
  6016.619      25.0     3.075    -1.576
  6016.645      25.0     3.075    -1.413
  6016.647      25.0     3.075    -0.798
  6016.667      25.0     3.075    -1.408
  6016.668      25.0     3.075    -1.061
  6016.684      25.0     3.075    -1.392
  6016.685      25.0     3.075    -1.510
  6016.696      25.0     3.075    -1.839
  6016.696      25.0     3.075    -1.576
  6016.698      25.0     3.075    -1.772
  6016.704      25.0     3.075    -2.538
  6016.707      25.0     3.075    -1.413
  6016.713      25.0     3.075    -1.408
  6016.714      25.0     3.075    -1.772
  6016.716      25.0     3.075    -1.510
  6021.82       25.0     3.075     0.035
  6344.15       25.0     3.771    -1.80
  6349.78       25.0     3.772    -1.84
  6378.98       25.0     3.771    -1.83
  6382.19       25.0     3.772    -1.80
  6384.67       25.0     3.772    -1.53
  6413.95       25.0     3.763    -1.91
  6443.50       25.0     3.772    -1.76
  6491.69       25.0     3.763    -1.04
  6519.37       25.0     3.772    -1.25