Mn 5348 +/- 10 with hfs  
  5338.022      58.1     2.008    -2.370
  5338.031      26.1     8.307    -4.515
  5338.037 106.00112     1.917    -3.192               3.456
  5338.042      60.1     3.269     0.314
  5338.042 106.00112     1.917    -3.213               3.456
  5338.116 106.00112     2.314    -3.419               3.456
  5338.125      69.1     4.368    -2.050
  5338.196      25.0     5.542    -1.094
  5338.225 106.00112     2.999    -4.182               3.456
  5338.246      58.1     2.167    -2.790
  5338.305      22.0     0.826    -1.870
  5338.336 106.00112     3.695    -3.103               3.456
  5338.336      26.0     5.064    -3.271
  5338.356 106.00112     2.314    -3.398               3.456
  5338.356 106.00113     2.999    -4.182               3.456
  5338.382 106.00112     3.343    -3.249               3.456
  5338.416      40.0     0.604    -2.580
  5338.507 106.00112     2.223    -3.134               3.456
  5338.555 106.00112     2.223    -3.154               3.456
  5338.578 106.00112     3.701    -2.851               3.456
  5338.621      23.0     2.359    -0.991
  5338.640     607.0     0.482    -3.747               7.650
  5338.661     607.0     0.752    -4.563               7.650
  5338.728      22.0     3.319    -4.014
  5338.752      70.1     5.510    -1.400
  5338.809      23.0     2.638    -1.449
  5338.818 106.00112     3.343    -3.237               3.456
  5338.838 106.00112     3.702    -2.861               3.456
  5338.838 106.00112     1.455    -3.635               3.456
  5338.838      24.0     5.347    -3.965
  5338.899      69.0     2.102    -0.485
  5338.942      26.0     4.796    -4.494
  5338.947     607.0     1.690    -2.986               7.650
  5339.030      69.0     2.164    -0.880
  5339.043      23.0     2.264    -3.460
  5339.063 106.00112     1.456    -3.602               3.456
  5339.093      58.1     1.406    -1.880
  5339.107      42.0     2.646    -2.390
  5339.138      24.0     3.890    -2.470
  5339.180     607.0     1.420    -2.611               7.650
  5339.188      20.1     8.438    -1.877
  5339.188      20.1     8.438    -0.334
  5339.188      20.1     8.438    -0.447
  5339.239      58.1     1.784    -1.320
  5339.274      25.1     6.645    -4.594
  5339.275      58.1     1.533    -3.490
  5339.282 106.00113     2.165    -3.174               3.456
  5339.314 106.00113     1.919    -3.192               3.456
  5339.314      70.1     5.671    -2.100
  5339.365      27.0     4.572    -1.686
  5339.370      68.0     0.863    -2.027
  5339.416      26.0     4.435    -2.296
  5339.417      21.0     1.954    -0.566
  5339.420      58.1     0.823    -1.810
  5339.430      69.1     5.104    -1.590
  5339.442      23.0     2.269    -3.916
  5339.448 106.00113     1.919    -3.213               3.456
  5339.454      58.1     1.319    -3.040
  5339.494      27.1     9.956    -2.768
  5339.514      27.0     4.232    -0.188
  5339.529      26.1     9.100    -3.010
  5339.594      26.1    10.451     0.520
  5339.608      20.0     5.018    -4.383
  5339.625 106.00113     2.165    -3.154               3.456
  5339.651      58.1     1.709    -3.240
  5339.688      19.0     1.617    -1.967
  5339.695      69.1     4.860    -1.940
  5339.703     607.0     1.706    -3.959               7.650
  5339.707      70.1     7.956    -1.980
  5339.710 106.00112     2.314    -3.419               3.456
  5339.739      27.0     4.146    -1.818
  5339.762 106.00112     2.633    -3.892               3.456
  5339.779      58.1     0.478    -3.870
  5339.810 106.00112     2.314    -3.398               3.456
  5339.859 106.00112     2.633    -3.904               3.456
  5339.865     607.0     1.564    -2.341               7.650
  5339.929      26.0     3.263    -0.720
  5339.964     607.0     0.740    -3.623               7.650
  5339.988      27.1    11.333    -0.270
  5340.027      47.1    15.705     0.200
  5340.033      26.1     9.130    -3.809
  5340.051      26.1     8.241    -4.154
  5340.058 106.00112     1.456    -3.635               3.456
  5340.064 106.00113     1.539    -3.723               3.456
  5340.081     607.0     0.740    -4.964               7.650
  5340.101 106.00113     1.539    -3.601               3.456
  5340.175 106.00112     1.456    -3.602               3.456
  5340.178 106.00113     1.430    -2.844               3.456
  5340.178 106.00113     3.345    -3.237               3.456
  5340.189      26.0     4.294    -2.937
  5340.192 106.00113     1.922    -3.545               3.456
  5340.312 106.00113     1.666    -3.604               3.456
  5340.322      58.1     0.737    -3.220
  5340.341 106.00113     2.279    -3.439               3.456
  5340.358 106.00113     3.701    -2.851               3.456
  5340.361 106.00113     1.430    -4.126               3.456
  5340.391     607.0     1.476    -2.888               7.650
  5340.392 106.00113     3.702    -2.861               3.456
  5340.418     607.0     0.513    -4.352               7.650
  5340.442      58.1     1.366    -2.930
  5340.447      24.0     3.438    -0.731
  5340.472 106.00113     3.346    -3.249               3.456
  5340.478      27.0     4.240    -1.481
  5340.486     607.0     0.513    -2.879               7.650
  5340.507     607.0     0.593    -3.375               7.650
  5340.546      22.0     3.337    -4.018
  5340.597      28.1     6.539    -4.578
  5340.613     607.0     1.457    -3.785               7.650
  5340.618     607.0     0.392    -4.384               7.650
  5340.655      57.1     2.261    -0.414
  5340.663      22.0     0.818    -3.180
  5340.666      58.0     0.621    -0.808
  5340.672 106.00113     1.922    -3.511               3.456
  5340.702     607.0     1.457    -2.101               7.650
  5340.712 106.00113     2.279    -3.416               3.456
  5340.720     607.0     0.614    -3.084               7.650
  5340.752      77.0     2.890    -1.580
  5340.765      70.1     7.166    -2.330
  5340.772      58.0     0.774    -0.988
  5340.780      24.0     3.435    -3.689
  5340.789      41.0     1.369    -1.690
  5340.817 106.00113     1.647    -3.733               3.456
  5340.829 106.00113     1.666    -3.570               3.456
  5340.857      26.1     7.118    -4.558
  5340.900      24.1     5.670    -4.741
  5340.904     607.0     1.596    -4.036               7.650
  5340.917 106.00113     1.647    -3.716               3.456
  5340.924     607.0     0.441    -4.058               7.650
  5340.965 106.00113     1.922    -3.545               3.456
  5340.982     607.0     0.441    -3.286               7.650
  5340.983      21.1     6.908    -1.951
  5340.994 106.00113     1.430    -4.938               3.456
  5341.024      26.0     1.607    -1.953
  5341.025      73.0     0.491    -2.000
  5341.057      25.0     2.114    -1.146
  5341.060      21.0     1.943    -0.488
  5341.125 106.00113     1.666    -3.604               3.456
  5341.165      64.0     0.881    -1.113
  5341.220      23.1     4.516    -1.694
  5341.268      62.0     0.036    -1.046
  5341.311      26.1     8.131    -4.938
  5341.325      27.0     4.146     0.039
  5341.362 106.00113     1.922    -3.511               3.456
  5341.439 106.00112     1.919    -3.192               3.456
  5341.471 106.00112     2.165    -3.174               3.456
  5341.489      22.0     3.062    -0.935
  5341.510      69.1     4.839    -3.280
  5341.511      23.0     3.116    -3.598
  5341.524      58.1     0.674    -2.330
  5341.551      25.0     5.370    -3.166
  5341.556 106.00113     1.666    -3.570               3.456
  5341.696 106.00112     2.165    -3.154               3.456
  5341.699 106.00112     1.919    -3.213               3.456
  5341.721      69.1     4.914    -0.960
  5341.747 106.00113     2.280    -3.439               3.456
  5341.756 106.00113     3.694    -3.114               3.456
  5341.814      64.0     0.213    -1.773
  5341.859      26.0     4.985    -4.575
  5341.921     607.0     1.420    -3.867               7.650
  5341.987 106.00113     2.280    -3.416               3.456
  5341.999 106.00112     3.001    -4.182               3.456
  5342.028     607.0     1.380    -2.471               7.650
  5342.030     607.0     1.420    -2.605               7.650
  5342.049     607.0     0.529    -2.879               7.650
  5342.050      21.1     1.500    -3.040
  5342.067      21.0     2.614    -3.621
  5342.070 106.00113     3.001    -4.197               3.456
  5342.107      23.0     3.099    -3.735
  5342.120     607.0     0.529    -4.365               7.650
  5342.121      26.0     4.956    -4.383
  5342.130 106.00113     3.001    -4.182               3.456
  5342.164 106.00112     3.001    -4.197               3.456
  5342.196      58.1     2.415    -3.820
  5342.250      73.0     1.237    -2.150
  5342.364 106.00112     3.696    -3.103               3.456
  5342.400      69.1     3.283    -0.780
  5342.403      26.0     5.100    -2.246
  5342.436     607.0     0.455    -3.277               7.650
  5342.501 106.00113     2.856    -3.474               3.456
  5342.528      58.1     2.373    -3.230
  5342.545      26.0     4.956    -2.031
  5342.582      26.0     4.435    -3.952
  5342.617     607.0     0.740    -3.613               7.650
  5342.644 106.00112     3.696    -3.114               3.456
  5342.695      27.0     4.021     0.690
  5342.698     607.0     1.476    -4.298               7.650
  5342.727      23.0     2.678    -4.961
  5342.741 106.00113     2.167    -3.174               3.456
  5342.744 106.00113     3.695    -3.103               3.456
  5342.750      23.0     3.266    -4.405
  5342.771      26.0     5.012    -4.083
  5342.819      24.0     5.703    -3.432
  5342.827 106.00113     2.167    -3.154               3.456
  5342.831     607.0     1.476    -2.883               7.650
  5342.841      24.0     4.616    -2.495
  5342.858 106.00112     1.647    -3.716               3.456
  5342.858     607.0     1.547    -2.259               7.650
  5342.872 106.00112     2.279    -3.439               3.456
  5342.886      22.0     3.727    -2.587
  5342.910     607.0     1.596    -4.032               7.650
  5342.912      22.0     2.345    -2.282
  5342.921      69.1     3.484    -2.670
  5342.926 106.00112     1.647    -3.733               3.456
  5342.927      58.1     1.194    -2.050
  5342.929      26.0     5.086    -3.365
  5342.958      21.0     0.000    -2.275
  5342.969      19.0     1.610    -2.180
  5342.978     607.0     1.547    -4.153               7.650
  5342.978 106.00112     1.922    -3.545               3.456
  5342.992      70.1     7.047    -1.550
  5342.993     607.0     0.632    -3.089               7.650
  5343.009      64.0     1.401     0.400
  5343.017     607.0     0.482    -4.886               7.650
  5343.029 106.00113     2.856    -3.486               3.456
  5343.064      27.0     2.877    -4.565
  5343.076     607.0     0.632    -4.163               7.650
  5343.089 106.00112     1.666    -3.604               3.456
  5343.112     607.0     0.482    -3.740               7.650
  5343.125      58.1     1.092    -2.390
  5343.132 106.00112     2.279    -3.416               3.456
  5343.226      25.1     6.645    -4.357
  5343.236      58.1     1.644    -1.020
  5343.245      58.1     2.373    -1.990
  5343.307      58.1     1.533    -1.940
  5343.366 106.00112     1.922    -3.511               3.456
  5343.378      27.0     4.025    -0.263
  5343.388      24.0     4.613    -2.226
  5343.469 106.00112     3.345    -3.237               3.456
  5343.506 106.00112     1.666    -3.570               3.456
  5343.578      69.1     2.784    -3.540
  5343.581      90.0     0.457    -1.562
  5343.586      26.0     5.010    -3.710
  5343.629      60.0     1.351     0.050
  5343.705      28.0     3.796    -2.413
  5343.735 106.00112     3.346    -3.249               3.456
  5343.752 106.00112     1.922    -3.545               3.456
  5343.817      58.1     1.838    -1.160
  5343.820      58.1     1.677    -0.910
  5343.826      25.0     5.520    -1.230
  5343.883      59.1     0.922    -0.836
  5343.903 106.00112     1.666    -3.604               3.456
  5343.932      27.0     4.395    -4.043
  5343.951      26.0     4.966    -4.300
  5343.954      69.1     5.004    -1.980
  5343.962     607.0     1.788    -3.702               7.650
  5343.972      26.0     5.033    -2.413
  5343.989     607.0     1.627    -2.544               7.650
  5343.996      22.0     3.104    -2.395
  5344.058 106.00112     1.922    -3.511               3.456
  5344.060 106.00113     1.716    -3.371               3.456
  5344.072      70.1     5.572    -3.330
  5344.104       8.1    22.966    -3.903
  5344.108      26.1    10.531    -0.760
  5344.131     607.0     1.627    -4.580               7.650
  5344.154      58.1     1.140    -2.400
  5344.158      41.0     0.348    -0.730
  5344.183 106.00113     1.716    -3.352               3.456
  5344.235 106.00112     1.666    -3.570               3.456
  5344.280 106.00112     2.280    -3.439               3.456
  5344.292      24.0     2.915    -3.689
  5344.396      22.0     3.460    -0.499
  5344.409 106.00112     2.280    -3.416               3.456
  5344.429      25.0     5.384     0.512
  5344.538      23.0     1.893    -2.417
  5344.555      22.1     7.866    -2.871
  5344.560      27.0     4.025     0.097
  5344.577     607.0     0.773    -4.570               7.650
  5344.585      24.0     3.887    -2.429
  5344.622      69.1     4.324    -2.470
  5344.717 106.00112     2.856    -3.474               3.456
  5344.730      26.0     5.012    -5.043
  5344.757      24.0     3.449    -1.060
  5344.821      28.0     5.019    -3.865
  5344.900 106.00112     2.167    -3.154               3.456
  5344.932 106.00112     2.167    -3.174               3.456
  5344.935 106.00113     1.247    -3.740               3.456
  5344.963      23.0     3.267    -3.014
  5345.069      58.1     1.194    -1.770
  5345.110     607.0     1.586    -2.343               7.650
  5345.120       6.0     8.771    -4.480
  5345.122      58.0     0.972    -0.407
  5345.123      64.0     0.812    -0.730
  5345.143      46.0     4.942    -0.250
  5345.179     607.0     1.547    -4.152               7.650
  5345.195     607.0     1.309    -3.822               7.650
  5345.203 106.00113     2.636    -3.892               3.456
  5345.214     607.0     1.587    -3.576               7.650
  5345.238 106.00113     1.247    -3.713               3.456
  5345.289 106.00112     3.059    -4.183               3.456
  5345.298     607.0     1.547    -2.251               7.650
  5345.326 106.00112     1.539    -3.601               3.456
  5345.326 106.00112     1.539    -3.723               3.456
  5345.335 106.00113     2.246    -3.460               3.456
  5345.338 106.00112     2.856    -3.486               3.456
  5345.372 106.00112     3.218    -4.384               3.456
  5345.395 106.00112     3.218    -4.373               3.456
  5345.406      24.0     3.888    -2.379
  5345.421 106.00113     3.059    -4.183               3.456
  5345.486     607.0     1.380    -3.501               7.650
  5345.492      27.0     4.572    -3.276
  5345.512      58.1     0.521    -2.270
  5345.538      24.0     3.464    -1.873
  5345.565      14.0     7.558    -3.967
  5345.567     607.0     1.380    -2.464               7.650
  5345.603 106.00112     3.059    -4.169               3.456
  5345.654      70.1     4.342    -0.770
  5345.669      27.0     2.718    -4.340
  5345.682      64.0     0.124    -1.464
  5345.690      60.1     1.121    -0.770
  5345.715 106.00113     2.247    -3.435               3.456
  5345.721      16.1    15.068     0.289
  5345.729     607.0     1.788    -3.697               7.650
  5345.729      69.1     4.364    -0.340
  5345.729 106.00113     2.636    -3.904               3.456
  5345.762     607.0     1.478    -2.101               7.650
  5345.778 106.00113     3.699    -2.788               3.456
  5345.796      24.0     1.004    -0.980
  5345.823      70.1     5.073    -0.370
  5345.824      25.1     8.129    -2.297
  5345.829 106.00113     1.860    -3.226               3.456
  5345.838 106.00113     2.111    -3.188               3.456
  5345.841 106.00113     1.649    -3.716               3.456
  5345.854      15.0     7.213    -0.880
  5345.854     607.0     1.478    -3.794               7.650
  5345.855      24.0     4.618    -3.027
  5345.897     607.0     1.627    -4.578               7.650
  5345.912      69.1     3.744    -3.070
  5345.952 106.00113     1.860    -3.213               3.456
  5345.961      70.1     7.321    -1.750
  5345.961     607.0     0.529    -4.360               7.650
  5345.969 106.00113     3.059    -4.169               3.456
  5345.976      12.0     5.108    -2.840
  5345.976      12.0     5.108    -2.620
  5345.976      12.0     5.108    -3.310
  5346.027      76.0     1.411    -3.010
  5346.031     607.0     0.529    -2.865               7.650
  5346.041     607.0     1.627    -2.538               7.650
  5346.058 106.00113     1.649    -3.733               3.456
  5346.066     607.0     0.616    -3.375               7.650
  5346.067      24.1     3.827    -2.815
  5346.154      70.1     7.959    -3.250
  5346.164      24.0     4.778    -4.095
  5346.172 106.00113     2.111    -3.175               3.456
  5346.257      58.1     3.562    -1.660
  5346.261 106.00112     1.430    -2.844               3.456
  5346.268     607.0     1.362    -4.626               7.650
  5346.275      72.1     3.528    -0.610
  5346.294      26.0     4.985    -4.675
  5346.310 106.00112     1.430    -4.938               3.456
  5346.332      26.0     3.603    -4.476
  5346.338      27.0     4.149    -2.014
  5346.338 106.00112     1.716    -3.352               3.456
  5346.347      25.0     5.405    -2.578
  5346.355 106.00112     1.716    -3.371               3.456
  5346.361 106.00113     3.699    -2.778               3.456
  5346.375      25.1     6.494    -2.437
  5346.397     607.0     0.632    -3.073               7.650
  5346.398 106.00113     2.768    -3.499               3.456
  5346.419     607.0     0.455    -4.067               7.650
  5346.433     607.0     0.404    -4.391               7.650
  5346.447 106.00113     2.768    -3.487               3.456
  5346.479     607.0     0.455    -3.268               7.650
  5346.484      22.1     7.832    -3.327
  5346.484 106.00112     1.430    -4.126               3.456
  5346.494      69.1     2.421    -0.450
  5346.527      58.1     1.645    -2.480
  5346.538      24.1     3.758    -3.095
  5346.547      58.0     0.274    -0.966
  5346.549      58.0     0.984    -0.264
  5346.561 106.00113     2.247    -3.460               3.456
  5346.633      58.1     0.740    -3.610
  5346.647      23.1     3.973    -3.551
  5346.653 106.00113     1.248    -3.740               3.456
  5346.693 106.00113     3.696    -3.114               3.456
  5346.694      58.1     3.335    -2.520
  5346.697      26.1     8.185    -3.528
  5346.778 106.00113     3.696    -3.103               3.456
  5346.824 106.00113     2.247    -3.435               3.456
  5346.824 106.00113     1.248    -3.713               3.456
  5346.847      27.1    11.517     0.020
  5346.858      26.1    10.455    -0.570
  5346.879      58.1     2.250    -1.580
  5346.895      69.1     4.856    -1.660
  5346.984     107.0     3.546    -3.904               3.450
  5347.044      90.1     2.731    -0.814
  5347.047     107.0     3.546    -3.904               3.450
  5347.071      28.0     4.154    -1.435
  5347.125      26.0     5.064    -2.105
  5347.179      23.0     1.893    -3.279
  5347.187      26.1    10.560    -0.270
  5347.194      22.0     3.351    -3.351
  5347.212      70.1     4.342    -0.340
  5347.261      69.1     4.174    -1.340
  5347.290      26.0     5.070    -3.453
  5347.305      70.1     7.552    -2.070
  5347.359      69.1     4.940    -2.140
  5347.371      26.0     4.913    -2.490
  5347.420     607.0     0.524    -3.894               7.650
  5347.480     607.0     0.529    -3.887               7.650
  5347.494      27.0     4.149    -0.160
  5347.494     607.0     0.520    -3.905               7.650
  5347.542 106.00112     1.247    -3.740               3.456
  5347.570      69.1     4.254    -3.320
  5347.594 106.00112     2.636    -3.892               3.456
  5347.647     607.0     1.552    -3.324               7.650
  5347.650       5.1    20.821    -1.120
  5347.697     607.0     0.534    -3.883               7.650
  5347.702 106.00112     1.247    -3.713               3.456
  5347.705      28.0     3.796    -2.040
  5347.714      23.0     1.860    -4.361
  5347.733     607.0     0.516    -3.921               7.650
  5347.759      26.1     7.804    -3.763
  5347.785 106.00112     1.649    -3.716               3.456
  5347.809      58.1     0.740    -1.700
  5347.841     607.0     0.545    -2.865               7.650
  5347.857      65.1     0.126    -2.057
  5347.864     607.0     0.503    -3.737               7.650
  5347.914     607.0     0.545    -4.373               7.650
  5347.958     607.0     0.469    -3.260               7.650
  5347.977 106.00112     2.246    -3.460               3.456
  5347.979     607.0     1.587    -2.332               7.650
  5348.009      24.0     3.889    -2.503
  5348.032      24.0     5.711    -3.489
  5348.043      26.0     5.393    -2.909
  5348.048     607.0     0.539    -3.882               7.650
  5348.051 106.00113     1.718    -3.352               3.456
  5348.061      68.0     1.159    -0.309
  5348.074      62.0     0.036    -1.738
  5348.109     607.0     0.513    -3.943               7.650
  5348.118      25.0     3.378    -2.295
  5348.127      25.0     3.378    -2.507
  5348.127      25.0     3.378    -2.984
  5348.133      25.0     3.378    -2.780
  5348.133      25.0     3.378    -2.838
  5348.133      25.0     3.378    -3.938
  5348.139      25.0     3.378    -3.190
  5348.139      25.0     3.378    -2.859
  5348.139      25.0     3.378    -3.558
  5348.142      25.0     3.378    -3.014
  5348.142      25.0     3.378    -3.382
  5348.143 106.00112     2.111    -3.188               3.456
  5348.143      44.0     1.698    -2.450
  5348.144      25.0     3.378    -3.336
  5348.172 106.00112     1.649    -3.733               3.456
  5348.185      70.1     7.899    -2.460
  5348.197 106.00113     1.718    -3.371               3.456
  5348.206 106.00112     1.860    -3.226               3.456
  5348.209 106.00112     1.860    -3.213               3.456
  5348.226 106.00112     2.636    -3.904               3.456
  5348.237      26.1     9.130    -3.259
  5348.252 106.00112     2.247    -3.435               3.456
  5348.303 106.00113     1.090    -4.176               3.456
  5348.315      24.0     1.004    -1.290
  5348.335      25.1     7.760    -3.851
  5348.338      23.1     6.317    -4.484
  5348.359      26.0     4.956    -4.237
  5348.366 106.00112     2.111    -3.175               3.456
  5348.400      72.1     1.870    -2.210
  5348.400      27.1     9.986    -3.668
  5348.510     607.0     0.766    -3.615               7.650
  5348.555 106.00113     1.090    -4.146               3.456
  5348.564 106.00113     1.898    -3.578               3.456
  5348.571     607.0     0.545    -3.882               7.650
  5348.629     607.0     0.510    -3.974               7.650
  5348.630     607.0     0.767    -4.970               7.650
  5348.662     607.0     1.478    -3.792               7.650
  5348.671      64.0     0.791    -0.380
  5348.695 106.00112     3.699    -2.788               3.456
  5348.707      23.0     1.853    -3.649
  5348.731      69.1     4.162    -1.280
  5348.732      62.0     1.669     0.250
  5348.754     607.0     1.478    -2.092               7.650
  5348.755      69.1     3.958    -1.390
  5348.758 106.00112     2.768    -3.487               3.456
  5348.770      26.0     5.064    -1.845
  5348.788      26.0     4.988    -3.914
  5348.801 106.00112     2.768    -3.499               3.456
  5348.863     607.0     0.616    -3.367               7.650
  5348.873      25.0     4.435    -1.956
  5348.911     607.0     0.651    -3.078               7.650
  5348.947      74.0     3.252    -0.270
  5348.996     607.0     0.651    -4.171               7.650
  5349.038     107.0     3.558    -3.552               3.450
  5349.050      25.0     4.827    -2.380
  5349.056 106.00113     2.112    -3.188               3.456
  5349.079      73.0     0.750    -2.220
  5349.084      27.0     4.149    -0.786
  5349.084 106.00113     1.898    -3.538               3.456
  5349.116 106.00113     1.862    -3.213               3.456
  5349.128      58.1     1.244    -2.440
  5349.139      71.0     2.294    -0.260
  5349.143     107.0     3.558    -3.552               3.450
  5349.153      62.0     0.101    -1.523
  5349.153      27.0     3.409    -1.241
  5349.156 106.00113     2.112    -3.175               3.456
  5349.160      22.0     3.691    -3.634
  5349.190 106.00113     1.898    -3.578               3.456
  5349.205 106.00112     2.247    -3.460               3.456
  5349.227 106.00113     1.862    -3.226               3.456
  5349.229      69.1     4.756    -2.290
  5349.232      58.1     0.559    -2.510
  5349.241     607.0     0.551    -3.884               7.650
  5349.242      21.0     2.608    -2.898
  5349.262 106.00112     1.248    -3.740               3.456
  5349.271      58.0     0.396    -1.031
  5349.290 106.00112     1.248    -3.713               3.456
  5349.295     607.0     0.508    -4.015               7.650
  5349.299 106.00112     3.699    -2.778               3.456
  5349.299 106.00113     3.624    -2.860               3.456
  5349.302      45.0     3.609    -0.220
  5349.308      21.0     1.851     0.005
  5349.356 106.00113     1.423    -3.665               3.456
  5349.362 106.00112     2.247    -3.435               3.456
  5349.428      25.0     4.827    -3.107
  5349.465      20.0     2.709    -0.310
  5349.474 106.00112     3.061    -4.169               3.456
  5349.488      58.1     1.495    -2.420
  5349.494 106.00113     3.218    -4.384               3.456
  5349.508      22.1     7.866    -3.621
  5349.549      58.1     1.482    -2.660
  5349.561      60.0     0.140    -0.960
  5349.562      73.0     1.595    -1.450
  5349.627      70.1     7.411    -1.070
  5349.640     607.0     1.444    -2.603               7.650
  5349.640 106.00113     1.898    -3.538               3.456
  5349.651 106.00112     3.061    -4.183               3.456
  5349.674       6.0     8.771    -3.270
  5349.699     607.0     1.552    -4.854               7.650
  5349.711      21.0     0.021    -2.153
  5349.733      58.1     4.007    -3.680
  5349.738      26.0     4.386    -1.430
  5349.743 106.00113     1.423    -3.630               3.456
  5349.757      23.1     2.276    -2.792
  5349.783 106.00113     3.061    -4.183               3.456
  5349.840 106.00113     3.061    -4.169               3.456
  5349.843      23.0     2.269    -3.770
  5349.849 106.00112     3.624    -2.860               3.456
  5349.854      23.0     3.116    -3.585
  5349.854     607.0     1.552    -3.319               7.650
  5349.866      25.0     5.370     0.639
  5349.876      22.0     3.128    -2.927
  5349.913      92.1     0.548    -2.425
  5349.969 106.00113     3.218    -4.373               3.456
  5349.989 106.00113     3.624    -2.849               3.456
  5350.020      58.1     0.900    -1.980
  5350.043      23.0     3.224    -2.396
  5350.063     607.0     0.558    -3.888               7.650
  5350.089      40.1     1.827    -1.240
  5350.098     607.0     0.506    -4.073               7.650
  5350.109      23.0     1.945    -3.228
  5350.149      25.0     4.268    -3.889
  5350.209 106.00112     1.718    -3.352               3.456
  5350.214     607.0     1.398    -2.459               7.650
  5350.272      21.0     1.969    -0.772
  5350.321      21.0     5.413    -2.960
  5350.321      21.0     1.969    -0.632
  5350.341      23.1     6.646    -1.886
  5350.350      40.1     1.773    -1.160
  5350.358      23.1     2.265    -2.484
  5350.370      20.0     5.299    -4.353
  5350.377      64.0     1.548     0.545
  5350.390 106.00113     1.424    -3.665               3.456
  5350.407      63.0     2.225    -0.230
  5350.410      26.0     5.100    -3.468
  5350.421      74.0     3.644    -0.030
  5350.421 106.00112     3.624    -2.849               3.456
  5350.456      81.0     0.966    -0.040
  5350.461      70.1     5.613    -1.450
  5350.476      68.0     0.890    -0.877
  5350.496 106.00112     1.718    -3.371               3.456
  5350.530      58.0     0.889    -0.177
  5350.605      62.0     0.388    -0.812
  5350.623      26.0     3.018    -4.467
  5350.627 106.00113     2.216    -3.484               3.456
  5350.679 106.00113     1.424    -3.630               3.456
  5350.681      20.0     4.624    -1.928
  5350.699     607.0     0.795    -4.577               7.650
  5350.719      58.0     1.065    -0.401
  5350.722      41.0     0.267    -0.910
  5350.739 106.00112     1.090    -4.176               3.456
  5350.814 106.00112     1.090    -4.146               3.456
  5350.817      26.1     8.592    -2.728
  5350.851      40.0     2.323    -0.590
  5350.854 106.00113     1.640    -3.635               3.456
  5350.861      20.0     5.300    -3.821
  5350.862     607.0     0.503    -4.893               7.650
  5350.878      26.0     4.796    -5.095
  5350.879 106.00113     1.091    -4.176               3.456
  5350.957 106.00113     1.091    -4.146               3.456
  5350.958     607.0     0.503    -3.730               7.650
  5350.979      58.1     3.460    -3.460
  5351.000      24.1     4.476    -4.765
  5351.020 106.00113     2.216    -3.456               3.456
  5351.023     607.0     0.566    -3.892               7.650
  5351.028      70.1     7.520    -1.460
  5351.049     607.0     0.505    -4.155               7.650
  5351.066     607.0     1.725    -2.986               7.650
  5351.068      22.0     2.778     0.010
  5351.127      90.0     1.937    -0.733
  5351.130     607.0     0.767    -3.606               7.650
  5351.221      58.1     1.676    -2.400
  5351.286      70.0     3.069    -0.590
  5351.314      24.0     4.616    -3.688
  5351.352 106.00112     2.112    -3.175               3.456
  5351.362      58.0     0.411    -0.915
  5351.364 106.00112     2.112    -3.188               3.456
  5351.375 106.00112     1.862    -3.213               3.456
  5351.386      58.1     3.713    -2.610
  5351.390      27.1    11.323     0.180
  5351.404      27.0     4.146    -1.313
  5351.412 106.00113     1.640    -3.596               3.456
  5351.444 106.00112     1.898    -3.578               3.456
  5351.452 106.00113     3.701    -2.778               3.456
  5351.510 106.00113     1.641    -3.635               3.456
  5351.552      22.0     3.708    -2.804
  5351.607 106.00112     1.862    -3.226               3.456
  5351.670      26.0     5.064    -4.295
  5351.674     607.0     0.545    -4.369               7.650
  5351.679      63.0     1.912    -0.330
  5351.682 106.00113     2.217    -3.484               3.456
  5351.747     607.0     0.545    -2.852               7.650
  5351.750      69.1     4.854    -1.120
  5351.750 106.00113     3.702    -2.788               3.456
  5351.799      25.1     7.053    -2.546
  5351.828      24.0     4.389    -3.765
  5351.841      28.0     3.941    -2.546
  5351.876 106.00112     3.221    -4.373               3.456
  5351.879 106.00112     1.898    -3.538               3.456
  5351.888      74.0     3.444    -0.380
  5351.888      25.0     5.349    -2.713
  5351.890      20.0     5.390    -3.971
  5351.891      21.0     4.585    -1.498
  5351.891      21.0     4.585    -2.288
  5351.911      58.1     4.235    -3.330
  5351.962     107.0     3.542    -3.205               3.450
  5351.971 106.00113     2.217    -3.456               3.456
  5351.974      26.1     9.112    -3.303
  5351.974      69.1     3.592    -2.680
  5351.993     107.0     3.542    -3.205               3.450
  5352.000 106.00113     1.641    -3.596               3.456
  5352.028      23.0     2.684    -1.219
  5352.046      24.0     4.411    -2.253
  5352.050      27.0     3.576     0.060
  5352.060      21.1     8.336    -3.106
  5352.065      26.1     8.307    -3.098
  5352.071 106.00112     1.898    -3.578               3.456
  5352.087     607.0     0.504    -4.280               7.650
  5352.100      66.0     0.938    -1.146
  5352.140 106.00112     1.423    -3.665               3.456
  5352.147     607.0     0.469    -4.075               7.650
  5352.149     607.0     0.574    -3.898               7.650
  5352.209     607.0     0.469    -3.251               7.650
  5352.224      58.0     0.684    -0.809
  5352.260     607.0     0.651    -3.063               7.650
  5352.267      58.0     1.368     0.114
  5352.269      76.0     2.190    -2.160
  5352.278      28.0     5.004    -3.734
  5352.348      42.0     3.734    -1.131
  5352.398      59.1     0.483    -0.727
  5352.406     607.0     1.444    -3.873               7.650
  5352.406 106.00113     2.059    -3.202               3.456
  5352.415 106.00112     1.423    -3.630               3.456
  5352.417     607.0     0.416    -4.399               7.650
  5352.435 106.00112     1.898    -3.538               3.456
  5352.517     607.0     1.444    -2.597               7.650
  5352.535 106.00112     3.221    -4.384               3.456
  5352.566      58.1     1.412    -1.650
  5352.570      26.1     9.130    -3.712
  5352.601      23.0     3.283    -2.672
  5352.653      29.0     5.421    -1.638
  5352.674      26.1     7.806    -2.956
  5352.742 106.00113     2.059    -3.188               3.456
  5352.770     607.0     1.505    -2.881               7.650
  5352.799      23.0     1.195    -3.966
  5352.830      63.0     2.225    -0.190
  5352.889     607.0     1.725    -2.981               7.650
  5352.904      70.1     7.211    -1.770
  5352.951      23.0     3.113    -3.348
  5352.953      70.1     3.747    -0.340
  5352.983      22.0     3.709    -2.369
  5353.175 106.00112     1.424    -3.665               3.456
  5353.186      23.0     0.267    -4.112
  5353.218 106.00112     1.091    -4.146               3.456
  5353.254      26.1    10.503    -0.580
  5353.256      20.0     5.741    -4.341
  5353.263      41.0     2.571    -0.600
  5353.269      64.0     1.467     0.367
  5353.318 106.00112     1.091    -4.176               3.456
  5353.352 106.00112     1.424    -3.630               3.456
  5353.366     607.0     0.503    -4.507               7.650
  5353.372 106.00112     2.216    -3.484               3.456
  5353.374      26.0     4.103    -0.970
  5353.391      28.0     1.951    -2.800
  5353.407      24.0     4.616    -0.908
  5353.415      27.1     3.485    -4.769
  5353.416     607.0     1.574    -2.251               7.650
  5353.424      23.0     2.365    -0.546
  5353.440      26.0     5.070    -3.322
  5353.453 106.00113     2.771    -3.487               3.456
  5353.454      22.0     3.128    -2.184
  5353.460     607.0     0.582    -3.904               7.650
  5353.465     607.0     1.610    -2.335               7.650
  5353.482      58.1     1.544    -1.630
  5353.496      27.0     4.146     0.566
  5353.505     607.0     1.326    -3.829               7.650
  5353.524      58.1     0.879     0.110
  5353.538     607.0     1.574    -4.159               7.650
  5353.572     607.0     1.610    -3.582               7.650
  5353.583      69.1     4.708    -1.140
  5353.612     107.0     3.553    -2.962               3.450
  5353.657     607.0     1.398    -3.509               7.650
  5353.668 106.00112     2.216    -3.456               3.456
  5353.670      24.0     4.446    -1.699
  5353.674     107.0     3.553    -2.962               3.450
  5353.699      74.1     2.536    -1.300
  5353.708      62.0     0.185    -2.423
  5353.734 106.00112     1.640    -3.635               3.456
  5353.736      20.0     5.741    -4.019
  5353.740     607.0     1.399    -2.452               7.650
  5353.751 106.00113     2.543    -3.917               3.456
  5353.759 106.00113     2.543    -3.905               3.456
  5353.820     607.0     0.561    -2.852               7.650
  5353.845      70.1     7.552    -2.440
  5353.868     607.0     0.483    -3.244               7.650
  5353.894     607.0     0.561    -4.381               7.650
  5353.962      26.0     5.010    -1.802
  5353.963 106.00113     2.771    -3.499               3.456
  5353.976     607.0     1.499    -2.092               7.650
  5353.976     107.0     3.573    -3.347               3.450
  5353.995      26.1     8.185    -2.492
  5354.009      27.0     2.080    -2.804
  5354.060 106.00112     3.120    -4.170               3.456
  5354.070     607.0     1.499    -3.801               7.650
  5354.087     607.0     0.506    -3.909               7.650
  5354.094     607.0     0.506    -3.745               7.650
  5354.128      70.1     7.137    -3.590
  5354.130      26.0     5.064    -2.956
  5354.133     107.0     3.573    -3.347               3.450
  5354.145     607.0     0.505    -4.083               7.650
  5354.149     607.0     0.505    -3.834               7.650
  5354.165     607.0     0.508    -3.779               7.650
  5354.174     607.0     0.508    -3.682               7.650
  5354.201 106.00112     1.640    -3.596               3.456
  5354.224 106.00113     3.626    -2.849               3.456
  5354.304      23.0     3.255    -2.448
  5354.336      24.0     4.618    -2.387
  5354.346     607.0     0.504    -4.358               7.650
  5354.349     607.0     0.504    -3.962               7.650
  5354.388     607.0     0.510    -3.674               7.650
  5354.390 106.00112     1.641    -3.635               3.456
  5354.396 106.00112     3.701    -2.778               3.456
  5354.396 106.00112     3.121    -4.156               3.456
  5354.399 106.00113     3.626    -2.860               3.456
  5354.399     607.0     0.510    -3.636               7.650
  5354.428 106.00113     3.120    -4.170               3.456
  5354.428 106.00112     2.217    -3.484               3.456
  5354.428      45.0     3.920     1.130
  5354.456      74.0     1.181    -2.900
  5354.564      69.1     4.563    -0.990
  5354.577      58.1     1.206    -1.570
  5354.604      69.1     4.924    -0.210
  5354.620 106.00112     2.217    -3.456               3.456
  5354.640     607.0     0.640    -3.367               7.650
  5354.657 106.00112     3.626    -2.849               3.456
  5354.660      22.1     5.423    -4.375
  5354.663      73.0     0.752    -2.120
  5354.674 106.00112     3.702    -2.788               3.456
  5354.676      69.1     4.784    -1.940
  5354.702     607.0     0.503    -4.127               7.650
  5354.717      72.0     3.157     0.260
  5354.755      24.1     3.864    -4.043
  5354.763     607.0     0.513    -3.586               7.650
  5354.776     607.0     0.513    -3.602               7.650
  5354.789 106.00112     1.641    -3.596               3.456
  5354.823 106.00112     2.059    -3.202               3.456
  5354.879      42.0     2.916    -0.906
  5354.896     607.0     0.591    -3.910               7.650
  5354.921      25.1     6.834    -4.682
  5354.935      21.0     2.614    -4.270
  5354.947      44.0     0.811    -3.700
  5354.949 106.00112     3.626    -2.860               3.456
  5354.950      26.0     4.733    -4.017
  5354.995      29.0     5.569    -1.152
  5355.005     607.0     0.670    -3.067               7.650
  5355.010 106.00113     3.121    -4.156               3.456
  5355.052      69.1     4.368    -0.830
  5355.053 106.00112     2.059    -3.188               3.456
  5355.086     607.0     1.505    -4.303               7.650
  5355.087      63.0     2.060     0.090
  5355.092     607.0     0.670    -4.178               7.650
  5355.113      23.0     3.226    -3.085
  5355.133      23.0     2.684    -2.972
  5355.153      58.1     2.373    -1.750
  5355.178      58.0     1.067     0.195
  5355.196      58.1     1.404    -3.520
  5355.221     607.0     1.505    -2.876               7.650
  5355.239      74.0     2.422    -1.620
  5355.258     607.0     0.516    -3.510               7.650
  5355.273     607.0     0.516    -3.576               7.650
  5355.322      41.0     1.532    -1.850
  5355.366      24.0     3.385    -4.538
  5355.386 106.00113     2.060    -3.202               3.456
  5355.421      26.1    10.500    -0.500
  5355.427      26.0     4.733    -4.929
  5355.500 106.00113     2.060    -3.188               3.456
  5355.516      42.0     3.983    -0.328
  5355.584      58.0     0.398    -0.845
  5355.655      58.1     1.796    -1.800
  5355.672      41.0     1.429    -1.730
  5355.704 106.00113     1.806    -3.241               3.456
  5355.721      24.0     3.887    -2.784
  5355.733     607.0     1.574    -4.157               7.650
  5355.760      63.1     2.090    -1.490
  5355.770 106.00112     2.771    -3.487               3.456
  5355.770      21.0     1.954    -0.287
  5355.796     607.0     0.504    -4.127               7.650
  5355.799     607.0     0.504    -4.428               7.650
  5355.828      24.0     4.447    -3.034
  5355.836 106.00113     1.806    -3.226               3.456
  5355.853      58.1     1.365    -1.960
  5355.855      69.1     4.433    -2.360
  5355.855     607.0     1.574    -2.244               7.650
  5355.862      23.0     3.883    -4.107
  5355.873      58.1     2.373    -1.430
  5355.881     107.0     3.569    -2.819               3.450
  5355.885      62.0     1.761     0.231
  5355.955      58.0     0.548    -0.883
  5355.960     607.0     0.520    -3.443               7.650
  5355.977     607.0     0.520    -3.558               7.650
  5355.984     107.0     3.569    -2.819               3.450
  5356.047      69.1     3.783    -2.210
  5356.091      21.0     1.865     0.168
  5356.132      58.1     2.213    -1.500
  5356.139     607.0     0.525    -3.727               7.650
  5356.180 106.00113     2.188    -3.512               3.456
  5356.189      25.1     6.834    -4.624
  5356.264 106.00112     2.543    -3.905               3.456
  5356.276      24.0     3.435    -4.078
  5356.314     607.0     1.634    -4.031               7.650
  5356.325     607.0     1.610    -2.324               7.650
  5356.351      58.1     0.601    -2.500
  5356.361 106.00112     2.543    -3.917               3.456
  5356.366      58.1     0.635    -2.470
  5356.373 106.00112     2.771    -3.499               3.456
  5356.394     607.0     1.659    -2.538               7.650
  5356.416      70.1     5.815    -2.160
  5356.419      23.0     3.877    -1.509
  5356.456      69.1     2.917    -2.910
  5356.460      42.0     4.043    -0.002
  5356.462 106.00113     3.221    -4.373               3.456
  5356.465      45.0     3.920     0.390
  5356.515     607.0     0.600    -3.918               7.650
  5356.540     607.0     1.659    -4.584               7.650
  5356.545      24.0     3.888    -3.083
  5356.558     607.0     0.505    -3.888               7.650
  5356.563     607.0     0.505    -4.199               7.650
  5356.596 106.00113     2.189    -3.480               3.456
  5356.597      26.0     5.020    -2.925
  5356.668 106.00113     3.221    -4.384               3.456
  5356.749     607.0     0.524    -3.384               7.650
  5356.768     607.0     0.524    -3.545               7.650
  5356.786      69.1     4.329    -2.840
  5356.852 106.00113     1.876    -3.614               3.456
  5356.856     607.0     1.499    -3.799               7.650
  5356.932      23.0     3.246    -3.850
  5356.951     607.0     1.499    -2.082               7.650
  5356.967      60.1     1.264    -0.280
  5357.007      26.1     9.112    -3.874
  5357.045     607.0     0.818    -4.583               7.650
  5357.073 106.00113     2.189    -3.512               3.456
  5357.076      70.1     4.347    -2.070
  5357.083      26.1     9.962    -4.653
  5357.087      74.0     1.917    -2.120
  5357.192      58.0     0.552    -0.401
  5357.197      58.0     0.000    -0.947
  5357.202      21.1     1.507    -2.110
  5357.235     607.0     0.793    -3.608               7.650
  5357.337      28.0     4.167    -2.024
  5357.346 106.00113     1.876    -3.614               3.456
  5357.351      23.1     2.268    -3.025
  5357.358     607.0     0.793    -4.975               7.650
  5357.394 106.00113     2.189    -3.480               3.456
  5357.396     607.0     0.640    -3.358               7.650
  5357.406      24.1     6.285    -3.736
  5357.406     607.0     0.506    -3.702               7.650
  5357.413     607.0     0.506    -4.072               7.650
  5357.432 106.00113     1.876    -3.569               3.456
  5357.576     607.0     0.561    -4.377               7.650
  5357.598      63.0     1.668     0.150
  5357.636      27.0     4.504    -3.058
  5357.651     607.0     0.561    -2.839               7.650
  5357.710      70.1     5.856    -1.950
  5357.716     607.0     0.528    -3.330               7.650
  5357.737     607.0     0.529    -3.536               7.650
  5357.753 106.00113     1.654    -3.392               3.456
  5357.794      64.1     1.157    -1.680
  5357.805 106.00112     2.060    -3.202               3.456
  5357.814 106.00112     2.060    -3.188               3.456
  5357.857 106.00113     2.684    -3.512               3.456
  5357.862 106.00113     1.877    -3.569               3.456
  5357.865      57.0     0.952    -0.540
  5357.883 106.00113     1.654    -3.371               3.456
  5357.894 106.00113     2.684    -3.500               3.456
  5357.895     607.0     0.505    -4.428               7.650
  5357.898      58.1     1.694    -2.170
  5357.935      58.1     1.088    -3.070
  5357.938      58.1     1.155    -1.910
  5358.012      27.0     3.530    -1.311
  5358.063      58.1     1.404    -2.810
  5358.071     607.0     0.483    -4.084               7.650
  5358.076      58.1     4.440    -1.460
  5358.113      26.0     3.301    -3.765
  5358.135     607.0     0.483    -3.235               7.650
  5358.138      26.0     4.966    -3.983
  5358.201 106.00112     1.806    -3.241               3.456
  5358.221 106.00112     1.806    -3.226               3.456
  5358.271     607.0     1.634    -4.026               7.650
  5358.295     607.0     0.609    -3.925               7.650
  5358.300     607.0     0.670    -3.052               7.650
  5358.339 106.00112     3.122    -4.156               3.456
  5358.397     607.0     1.659    -4.583               7.650
  5358.423      58.1     3.679    -2.760
  5358.437 106.00113     1.576    -3.751               3.456
  5358.440      26.0     5.033    -2.480
  5358.495     607.0     0.508    -3.561               7.650
  5358.504     607.0     0.508    -3.987               7.650
  5358.516      69.1     3.860    -1.470
  5358.534 106.00112     3.122    -4.170               3.456
  5358.543     607.0     1.659    -2.532               7.650
  5358.543 106.00113     1.576    -3.733               3.456
  5358.586     607.0     0.428    -4.406               7.650
  5358.592      23.0     3.099    -4.407
  5358.640      70.1     4.347    -0.640
  5358.748     607.0     1.390    -4.632               7.650
  5358.761 106.00113     1.807    -3.226               3.456
  5358.765     607.0     1.418    -2.448               7.650
  5358.780      69.0     2.355    -1.850
  5358.830     607.0     0.534    -3.282               7.650
  5358.830     107.0     3.588    -2.716               3.450
  5358.848 106.00113     1.807    -3.241               3.456
  5358.853     607.0     0.534    -3.530               7.650
  5358.872      26.1    10.500    -0.610
  5358.902 106.00113     3.122    -4.170               3.456
  5358.922      27.0     4.146    -0.551
  5358.928      24.0     4.532    -1.395
  5358.940 106.00113     2.009    -3.217               3.456
  5358.954 106.00113     3.122    -4.156               3.456
  5358.963      23.0     2.575    -2.101
  5358.986     107.0     3.588    -2.716               3.450
  5358.988      59.0     0.550    -0.210
  5358.991      23.0     1.711    -3.748