Mn 5407, 5420 +/- 10 with hfs
  5397.052      69.1     4.924    -1.970
  5397.058      42.0     3.399    -1.657
  5397.062 106.00112     2.371    -3.931               3.456
  5397.063      22.0     1.879    -0.987
  5397.068 106.00113     1.442    -3.789               3.456
  5397.091 106.00112     3.696    -2.838               3.456
  5397.128      26.0     0.914    -1.993
  5397.199      26.0     4.446    -1.292
  5397.207      58.1     4.158    -2.640
  5397.248      23.0     2.678    -2.385
  5397.283 106.00113     1.809    -3.800               3.456
  5397.315 106.00113     1.809    -3.800               3.456
  5397.368      42.0     2.836    -1.423
  5397.391 106.00112     3.696    -2.849               3.456
  5397.394     607.0     0.534    -3.949               7.650
  5397.438     607.0     0.591    -3.788               7.650
  5397.473 106.00112     2.050    -4.739               3.456
  5397.473 106.00112     2.050    -4.739               3.456
  5397.478     607.0     0.591    -2.708               7.650
  5397.528 106.00112     2.979    -3.320               3.456
  5397.529     607.0     1.476    -4.647               7.650
  5397.542     607.0     0.578    -4.133               7.650
  5397.543 106.00112     3.630    -3.215               3.456
  5397.569      73.0     2.136    -1.530
  5397.618      26.0     3.634    -2.610
  5397.620     607.0     0.578    -3.149               7.650
  5397.633     607.0     1.499    -3.544               7.650
  5397.636      58.0     0.274    -0.161
  5397.639 106.00112     3.059    -4.393               3.456
  5397.659 106.00112     2.371    -3.944               3.456
  5397.659      21.1     7.136    -3.783
  5397.708      24.0     4.440    -3.536
  5397.725      58.1     1.412    -1.980
  5397.729     607.0     1.499    -2.399               7.650
  5397.749 106.00113     2.818    -3.347               3.456
  5397.773 106.00113     2.010    -3.290               3.456
  5397.779 106.00112     1.611    -3.305               3.456
  5397.785      23.0     3.877    -4.067
  5397.790 106.00113     2.818    -3.334               3.456
  5397.831 106.00112     1.611    -3.331               3.456
  5397.866      23.0     2.555    -0.795
  5397.909      26.0     5.086    -2.120
  5397.939      26.1    10.523    -0.740
  5397.951      74.0     2.387    -1.590
  5397.953      69.1     4.443    -2.170
  5397.993      58.0     0.926    -0.517
  5398.003 106.00112     2.044    -3.262               3.456
  5398.026 106.00112     3.708    -3.214               3.456
  5398.029 106.00113     2.010    -3.262               3.456
  5398.046      69.1     3.797    -2.080
  5398.084     607.0     1.418    -3.866               7.650
  5398.134 106.00112     3.708    -3.204               3.456
  5398.152      21.1     8.356    -3.391
  5398.152      21.1     8.356    -4.422
  5398.158 106.00112     2.044    -3.238               3.456
  5398.201 106.00112     1.758    -3.348               3.456
  5398.274 106.00112     3.630    -3.225               3.456
  5398.279      26.0     4.445    -0.800
  5398.283 106.00112     3.059    -4.404               3.456
  5398.321 106.00113     1.323    -3.818               3.456
  5398.346      26.0     5.348    -4.791
  5398.348     607.0     1.731    -2.294               7.650
  5398.354     607.0     0.677    -2.837               7.650
  5398.410     607.0     0.677    -3.616               7.650
  5398.420     607.0     0.795    -2.995               7.650
  5398.490      23.0     3.245    -1.266
  5398.508      58.1     1.212    -1.260
  5398.516     607.0     1.610    -2.045               7.650
  5398.528 106.00112     1.758    -3.320               3.456
  5398.554      58.1     1.748    -2.030
  5398.612 106.00112     1.541    -4.882               3.456
  5398.612 106.00112     1.541    -4.882               3.456
  5398.615      14.0     5.614    -3.490
  5398.625     607.0     1.610    -3.834               7.650
  5398.640     607.0     1.444    -4.222               7.650
  5398.650 106.00113     3.484    -3.223               3.456
  5398.721      42.0     2.934    -1.972
  5398.738 106.00113     1.323    -3.818               3.456
  5398.741     607.0     0.609    -2.683               7.650
  5398.746      24.0     3.850    -4.574
  5398.785     607.0     0.609    -3.817               7.650
  5398.812      26.0     5.010    -3.089
  5398.831 106.00113     1.555    -3.892               3.456
  5398.845      14.0     5.614    -2.902
  5398.886 106.00113     2.063    -3.841               3.456
  5398.901      90.0     1.091    -1.343
  5398.907      23.0     0.287    -4.100
  5398.945 106.00113     1.555    -3.892               3.456
  5398.977 106.00112     1.808    -3.955               3.456
  5398.988 106.00113     2.063    -3.841               3.456
  5398.994 106.00113     1.323    -3.763               3.456
  5399.003      22.1     7.832    -4.547
  5399.012 106.00113     2.900    -3.321               3.456
  5399.012     107.0     3.593    -2.716               3.450
  5399.029 106.00112     1.808    -3.955               3.456
  5399.056      58.0     0.646    -0.608
  5399.099      60.1     0.933    -1.419
  5399.123 106.00113     3.484    -3.211               3.456
  5399.163 106.00113     3.274    -2.918               3.456
  5399.171     107.0     3.593    -2.716               3.450
  5399.214      58.1     2.373    -3.140
  5399.215     607.0     0.961    -4.620               7.650
  5399.315 106.00113     1.978    -3.322               3.456
  5399.324      21.0     0.000    -4.038
  5399.328      69.1     4.692    -3.470
  5399.356 106.00113     1.324    -3.763               3.456
  5399.391 106.00112     1.442    -3.770               3.456
  5399.438     607.0     0.664    -2.828               7.650
  5399.450      25.0     3.850    -1.345
  5399.455      25.0     3.850    -1.213
  5399.461 106.00112     3.274    -2.918               3.456
  5399.465      25.0     3.850    -1.713
  5399.465      25.0     3.850    -1.315
  5399.472     607.0     0.513    -4.454               7.650
  5399.478      25.0     3.850    -2.923
  5399.494      25.0     3.850    -1.345
  5399.497      25.0     3.850    -1.387
  5399.510 106.00112     2.010    -3.290               3.456
  5399.517      26.1     8.185    -3.844
  5399.521      25.0     3.850    -1.213
  5399.522      25.0     3.850    -0.838
  5399.534 106.00113     2.063    -4.649               3.456
  5399.545 106.00113     2.900    -3.334               3.456
  5399.555      25.0     3.850    -1.315
  5399.560      58.0     0.911    -0.561
  5399.562      26.1    10.523    -0.750
  5399.589 106.00112     1.758    -3.348               3.456
  5399.594      58.0     0.398    -0.853
  5399.607 106.00113     2.063    -4.649               3.456
  5399.624      25.0     4.273    -4.494
  5399.630 106.00113     1.555    -4.743               3.456
  5399.642 106.00112     1.483    -3.431               3.456
  5399.653      25.0     4.273    -4.294
  5399.667      22.0     3.108    -2.639
  5399.688 106.00112     1.483    -3.416               3.456
  5399.697 106.00112     1.442    -3.789               3.456
  5399.709 106.00113     1.978    -3.291               3.456
  5399.714 106.00113     1.555    -4.743               3.456
  5399.716      70.1     5.517    -0.670
  5399.758      27.0     4.209    -0.379
  5399.770 106.00113     3.274    -2.906               3.456
  5399.799 106.00112     1.758    -3.320               3.456
  5399.817 106.00113     1.484    -3.416               3.456
  5399.819 106.00112     2.010    -3.262               3.456
  5399.834      58.1     1.355    -2.970
  5399.857 106.00113     1.484    -3.431               3.456
  5399.859      69.1     4.736    -1.220
  5399.889 106.00112     3.274    -2.906               3.456
  5399.897      20.0     5.181    -1.620
  5399.936      66.1     0.538    -2.420
  5399.944      70.1     7.211    -2.120
  5399.946      58.1     2.373    -1.910
  5399.948 106.00113     2.063    -3.741               3.456
  5399.948      21.0     3.189    -3.603
  5399.989 106.00113     2.441    -3.542               3.456
  5400.021 106.00113     2.063    -3.741               3.456
  5400.043      22.0     3.148    -3.502
  5400.060     607.0     0.558    -3.533               7.650
  5400.074      26.0     4.415    -2.933
  5400.076      23.0     3.215    -1.564
  5400.082 106.00113     1.555    -3.791               3.456
  5400.091     607.0     0.558    -3.188               7.650
  5400.104      47.1    15.705     1.020
  5400.167 106.00113     1.555    -3.791               3.456
  5400.222 106.00112     1.809    -4.527               3.456
  5400.231 106.00112     2.818    -3.334               3.456
  5400.254 106.00112     1.809    -4.527               3.456
  5400.262     607.0     0.574    -3.128               7.650
  5400.266 106.00112     2.818    -3.347               3.456
  5400.283      26.1     8.266    -4.381
  5400.295      69.1     4.778    -2.840
  5400.321 106.00113     1.724    -3.381               3.456
  5400.333      23.0     2.295    -4.905
  5400.380     607.0     0.766    -3.325               7.650
  5400.400      26.0     4.956    -2.545
  5400.406      24.0     3.422    -4.193
  5400.417     607.0     0.690    -2.769               7.650
  5400.418      24.1     4.497    -3.349
  5400.444 106.00113     2.441    -3.556               3.456
  5400.447 106.00113     1.978    -3.322               3.456
  5400.447      69.1     2.983    -0.780
  5400.459      42.0     2.598    -1.404
  5400.501      26.0     4.371    -0.290
  5400.508     607.0     0.690    -4.435               7.650
  5400.560 106.00112     1.809    -3.800               3.456
  5400.562      10.0    16.671    -2.400
  5400.593 106.00112     1.809    -3.800               3.456
  5400.596      24.0     3.375    -0.470
  5400.600      69.0     2.338    -1.650
  5400.655      26.0     3.635    -2.748
  5400.675      28.0     5.004    -3.068
  5400.697     607.0     0.600    -3.797               7.650
  5400.721 106.00112     3.471    -4.105               3.456
  5400.727     607.0     0.792    -4.040               7.650
  5400.735 106.00113     1.978    -3.291               3.456
  5400.739     607.0     0.600    -2.683               7.650
  5400.744 106.00113     1.724    -3.349               3.456
  5400.752     107.0     3.588    -2.803               3.450
  5400.772      24.0     3.845    -3.455
  5400.782      69.1     4.988    -2.060
  5400.785      23.0     3.226    -2.634
  5400.802      22.0     3.334    -3.216
  5400.803 106.00112     3.471    -4.095               3.456
  5400.832 106.00112     2.010    -3.290               3.456
  5400.851      26.0     4.956    -4.436
  5400.858     107.0     3.588    -2.803               3.450
  5400.905      92.0     1.276    -0.604
  5400.946      92.1     0.670    -2.092
  5400.967      58.1     3.734    -1.970
  5401.021 106.00112     2.010    -3.262               3.456
  5401.023     607.0     0.539    -3.934               7.650
  5401.109     607.0     0.596    -3.143               7.650
  5401.183     607.0     1.610    -3.832               7.650
  5401.185 106.00113     1.568    -3.360               3.456
  5401.202      58.0     0.850    -0.321
  5401.206      58.0     0.460    -0.706
  5401.252      21.0     4.606    -3.272
  5401.262      20.0     5.321    -2.484
  5401.264      58.1     2.799    -0.550
  5401.267      26.0     4.320    -2.050
  5401.274      26.0     5.106    -4.612
  5401.292     607.0     1.610    -2.036               7.650
  5401.352      24.0     2.983    -4.215
  5401.375 106.00112     2.900    -3.321               3.456
  5401.379      22.0     0.818    -2.888
  5401.380      69.1     4.940    -1.490
  5401.389 106.00113     3.059    -4.393               3.456
  5401.398      44.0     1.698    -1.720
  5401.404 106.00113     1.568    -3.331               3.456
  5401.427 106.00113     1.802    -4.017               3.456
  5401.427 106.00113     1.802    -4.017               3.456
  5401.498      28.0     5.019    -3.787
  5401.512 106.00113     1.725    -3.381               3.456
  5401.520      26.0     4.103    -3.744
  5401.544 106.00112     1.323    -3.818               3.456
  5401.593 106.00113     3.059    -4.404               3.456
  5401.700      24.0     4.616    -2.195
  5401.733      69.1     2.185    -3.020
  5401.784      58.1     2.145    -1.770
  5401.820      69.1     4.847    -0.880
  5401.824 106.00113     3.550    -4.086               3.456
  5401.827 106.00113     1.725    -3.349               3.456
  5401.833      23.0     2.684    -2.431
  5401.926      23.0     2.359     0.007
  5401.954      20.0     5.300    -4.025
  5401.961 106.00112     1.323    -3.818               3.456
  5401.986      20.0     5.045    -3.108
  5401.987 106.00112     2.900    -3.334               3.456
  5401.990      27.0     4.240    -0.264
  5402.008      23.1     6.496    -1.628
  5402.043      65.1     0.641    -1.476
  5402.046 106.00112     3.484    -3.223               3.456
  5402.049 106.00113     1.949    -3.360               3.456
  5402.058      26.1    10.562     0.470
  5402.070      26.0     4.913    -2.348
  5402.084 106.00113     3.550    -4.096               3.456
  5402.098      58.1     2.473    -2.280
  5402.122      25.0     5.396    -1.662
  5402.130 106.00112     1.323    -3.763               3.456
  5402.133 106.00112     1.555    -3.892               3.456
  5402.161     607.0     0.640    -3.679               7.650
  5402.199      26.1     9.905    -4.942
  5402.208      20.0     4.680    -2.290
  5402.218      27.0     3.409    -2.835
  5402.244     607.0     0.690    -2.819               7.650
  5402.247 106.00112     1.555    -3.892               3.456
  5402.249      20.0     5.390    -3.920
  5402.259 106.00112     2.063    -3.841               3.456
  5402.303     607.0     0.690    -3.625               7.650
  5402.361 106.00112     2.063    -3.841               3.456
  5402.434 106.00112     1.978    -3.322               3.456
  5402.469 106.00113     1.949    -3.323               3.456
  5402.492 106.00112     1.324    -3.763               3.456
  5402.525      73.0     0.000    -2.040
  5402.532     607.0     0.619    -2.659               7.650
  5402.542      26.0     5.086    -2.781
  5402.551 106.00112     1.484    -3.416               3.456
  5402.551 106.00112     3.484    -3.211               3.456
  5402.559      58.0     0.684    -0.756
  5402.566      71.0     0.000    -1.500
  5402.578     607.0     0.619    -3.825               7.650
  5402.580      25.0     2.920    -3.033
  5402.697      70.1     6.877    -1.760
  5402.703      22.0     0.818    -4.492
  5402.711 106.00112     2.441    -3.542               3.456
  5402.711 106.00112     1.484    -3.431               3.456
  5402.717      21.0     0.000    -3.530
  5402.767      63.0     1.639     0.210
  5402.770 106.00112     1.978    -3.291               3.456
  5402.774      39.1     1.839    -0.510
  5402.775     607.0     0.818    -2.998               7.650
  5402.842      58.1     1.456    -2.110
  5402.879     607.0     0.818    -4.228               7.650
  5402.893      26.1    10.560    -0.590
  5403.003      24.1     8.617    -4.208
  5403.003 106.00113     1.949    -3.360               3.456
  5403.004      23.0     1.942    -4.572
  5403.012 106.00112     2.063    -4.649               3.456
  5403.030     607.0     0.677    -2.811               7.650
  5403.040      26.0     4.985    -4.557
  5403.047     607.0     0.767    -3.317               7.650
  5403.056 106.00112     1.555    -4.743               3.456
  5403.074 106.00113     3.711    -3.204               3.456
  5403.085 106.00112     2.063    -4.649               3.456
  5403.097 106.00113     1.569    -3.360               3.456
  5403.132      47.1    15.706     0.930
  5403.141 106.00112     1.555    -4.743               3.456
  5403.170 106.00113     1.569    -3.331               3.456
  5403.187      92.1     0.718    -2.227
  5403.245      26.0     5.086    -3.308
  5403.255 106.00112     2.441    -3.556               3.456
  5403.269 106.00112     2.063    -3.741               3.456
  5403.280      20.0     4.681    -1.939
  5403.325 106.00112     1.555    -3.791               3.456
  5403.331 106.00113     2.741    -3.362               3.456
  5403.331 106.00113     1.949    -3.323               3.456
  5403.342 106.00112     2.063    -3.741               3.456
  5403.350      26.0     5.106    -1.512
  5403.368 106.00113     2.741    -3.348               3.456
  5403.409 106.00112     1.555    -3.791               3.456
  5403.444      76.0     4.506    -0.200
  5403.453 106.00112     1.724    -3.381               3.456
  5403.509      73.0     1.874    -2.090
  5403.516     607.0     0.566    -3.535               7.650
  5403.550     607.0     0.566    -3.152               7.650
  5403.567 106.00112     1.978    -3.322               3.456
  5403.593 106.00113     2.282    -3.945               3.456
  5403.593 106.00113     2.282    -3.959               3.456
  5403.686      42.0     3.925    -0.611
  5403.699      62.0     0.185    -0.775
  5403.704      14.0     5.616    -2.969
  5403.710      69.1     3.328    -1.160
  5403.722 106.00113     3.486    -3.211               3.456
  5403.736 106.00113     3.711    -3.214               3.456
  5403.798 106.00112     1.978    -3.291               3.456
  5403.798      28.0     5.494    -3.551
  5403.812 106.00112     1.724    -3.349               3.456
  5403.822      26.0     4.073    -1.034
  5403.837     607.0     0.932    -3.571               7.650
  5403.903     607.0     1.520    -2.395               7.650
  5403.935      14.0     5.616    -3.302
  5403.985 106.00113     2.821    -3.334               3.456
  5403.994     607.0     0.690    -4.433               7.650
  5404.013      22.0     2.334    -0.810
  5404.015     607.0     1.749    -4.015               7.650
  5404.046 106.00113     3.486    -3.223               3.456
  5404.085     607.0     0.690    -2.758               7.650
  5404.090      21.1     4.850    -2.180
  5404.099      23.0     2.374    -3.418
  5404.115     607.0     0.609    -3.805               7.650
  5404.117      26.0     4.313     0.117
  5404.152      26.0     4.431     0.523
  5404.159     607.0     0.609    -2.660               7.650
  5404.195      66.0     0.513    -1.354
  5404.218 106.00112     1.568    -3.360               3.456
  5404.309 106.00113     1.803    -4.341               3.456
  5404.309 106.00113     1.803    -4.341               3.456
  5404.351     607.0     0.582    -3.096               7.650
  5404.352      58.0     0.889    -0.186
  5404.353 106.00112     1.568    -3.331               3.456
  5404.458      72.0     2.454    -1.210
  5404.484      58.1     0.621    -3.360
  5404.505 106.00113     2.821    -3.347               3.456
  5404.549      26.0     4.733    -1.665
  5404.563 106.00113     3.276    -2.906               3.456
  5404.576     607.0     1.627    -2.854               7.650
  5404.579      58.1     1.042    -3.490
  5404.622 106.00113     1.922    -3.403               3.456
  5404.633 106.00113     3.276    -2.918               3.456
  5404.645 106.00112     1.725    -3.381               3.456
  5404.657 106.00112     3.711    -3.204               3.456
  5404.665      14.0     5.614    -2.662
  5404.671      22.1     7.866    -3.591
  5404.683 106.00112     3.276    -2.906               3.456
  5404.718      45.0     3.649     0.200
  5404.784      69.1     5.104    -1.890
  5404.803      59.1     1.050    -1.128
  5404.806 106.00112     1.802    -4.017               3.456
  5404.806 106.00112     1.802    -4.017               3.456
  5404.814     607.0     0.596    -4.141               7.650
  5404.826     607.0     0.545    -3.923               7.650
  5404.885 106.00113     1.803    -3.885               3.456
  5404.885 106.00113     1.803    -3.885               3.456
  5404.894     607.0     0.596    -3.136               7.650
  5404.896 106.00112     1.725    -3.349               3.456
  5404.917      73.0     2.136    -1.290
  5404.931 106.00112     3.276    -2.918               3.456
  5404.964 106.00113     2.055    -3.962               3.456
  5404.991      24.0     3.375    -0.989
  5405.010 106.00113     2.055    -3.962               3.456
  5405.022     607.0     0.640    -4.934               7.650
  5405.045      24.0     4.778    -2.740
  5405.052     607.0     0.808    -4.048               7.650
  5405.066      20.0     5.821    -1.365
  5405.080 106.00113     1.922    -3.361               3.456
  5405.092      26.1    10.560    -0.430
  5405.095      69.1     4.469    -1.880
  5405.133      40.0     0.633    -2.270
  5405.134     607.0     0.640    -3.673               7.650
  5405.161      26.0     5.070    -3.641
  5405.171 106.00113     1.694    -3.418               3.456
  5405.209      90.1     0.514    -3.274
  5405.218      62.0     0.036    -0.967
  5405.227 106.00112     1.949    -3.360               3.456
  5405.232      27.1    11.365    -0.440
  5405.261     607.0     1.574    -2.562               7.650
  5405.320      63.0     2.060    -0.220
  5405.338      58.1     1.546    -2.070
  5405.350      26.0     4.383    -1.390
  5405.362      58.1     4.489    -2.020
  5405.384      24.1     8.763    -3.933
  5405.390 106.00113     0.951    -4.261               3.456
  5405.396 106.00112     3.711    -3.214               3.456
  5405.413      69.1     4.839    -2.300
  5405.414 106.00113     1.922    -3.403               3.456
  5405.419 106.00112     3.372    -4.121               3.456
  5405.475 106.00113     3.471    -4.105               3.456
  5405.484      20.0     5.962    -3.773
  5405.523     607.0     1.690    -3.300               7.650
  5405.582      69.1     4.140    -3.720
  5405.583 106.00113     2.359    -3.571               3.456
  5405.592      23.0     0.262    -4.456
  5405.592 106.00112     1.949    -3.323               3.456
  5405.609 106.00113     2.359    -3.557               3.456
  5405.624 106.00113     1.694    -3.382               3.456
  5405.661      26.1    10.523    -0.440
  5405.715 106.00113     0.951    -4.228               3.456
  5405.747      23.0     1.931    -2.527
  5405.759     607.0     0.818    -2.986               7.650
  5405.773      42.0     3.390    -1.433
  5405.775      26.0     0.989    -1.844
  5405.779      26.1     8.230    -2.346
  5405.788 106.00113     1.922    -3.361               3.456
  5405.823      58.1     0.122    -3.990
  5405.846      73.0     2.155    -1.810
  5405.864 106.00112     3.372    -4.109               3.456
  5405.890 106.00112     2.741    -3.348               3.456
  5405.928      26.0     4.913    -2.164
  5405.931 106.00112     2.741    -3.362               3.456
  5405.975      92.1     1.041    -1.909
  5406.004      25.0     2.888    -2.666
  5406.004 106.00113     2.055    -4.506               3.456
  5406.016 106.00113     3.471    -4.095               3.456
  5406.030 106.00113     2.055    -4.506               3.456
  5406.054      70.1     7.003    -2.580
  5406.067     607.0     1.749    -4.011               7.650
  5406.121 106.00112     1.569    -3.331               3.456
  5406.133 106.00112     1.569    -3.360               3.456
  5406.160      60.1     1.357    -0.840
  5406.177 106.00113     1.694    -3.418               3.456
  5406.182 106.00112     1.949    -3.360               3.456
  5406.185      22.0     3.569    -0.250
  5406.185      23.0     3.267    -3.640
  5406.297     607.0     0.703    -2.803               7.650
  5406.323     607.0     0.933    -3.563               7.650
  5406.334 106.00112     3.474    -4.095               3.456
  5406.335      26.0     4.076    -2.136
  5406.357     607.0     0.703    -3.633               7.650
  5406.376      42.0     2.758    -1.551
  5406.399      24.0     3.847    -2.514
  5406.431 106.00112     2.821    -3.334               3.456
  5406.454 106.00112     1.949    -3.323               3.456
  5406.454 106.00113     2.055    -3.805               3.456
  5406.463 106.00112     2.282    -3.945               3.456
  5406.481 106.00113     2.055    -3.805               3.456
  5406.489     607.0     0.630    -2.637               7.650
  5406.533 106.00113     1.694    -3.382               3.456
  5406.537     607.0     0.630    -3.833               7.650
  5406.565 106.00112     2.282    -3.959               3.456
  5406.569      22.0     3.716    -3.130
  5406.667      58.1     1.644    -1.130
  5406.720      22.0     2.506    -2.130
  5406.726      27.0     1.883    -4.417
  5406.732 106.00113     1.107    -3.854               3.456
  5406.775      26.0     4.371    -1.850
  5406.783     607.0     0.690    -2.795               7.650
  5406.849 106.00113     3.372    -4.121               3.456
  5406.875     607.0     1.627    -4.323               7.650
  5406.919     607.0     0.987    -4.626               7.650
  5406.936      69.1     3.804    -1.870
  5406.941     607.0     0.529    -4.462               7.650
  5407.007 106.00113     1.898    -3.455               3.456
  5407.021     607.0     1.627    -2.849               7.650
  5407.027 106.00112     2.821    -3.347               3.456
  5407.051 106.00112     3.474    -4.105               3.456
  5407.063     607.0     1.520    -3.551               7.650
  5407.068 106.00113     1.546    -4.002               3.456
  5407.124 106.00113     1.546    -4.002               3.456
  5407.156 106.00112     3.486    -3.211               3.456
  5407.158     607.0     0.574    -3.539               7.650
  5407.162     607.0     1.520    -2.389               7.650
  5407.181      26.0     5.067    -3.227
  5407.186      24.0     3.850    -2.641
  5407.194     607.0     0.574    -3.118               7.650
  5407.203 106.00113     1.107    -3.815               3.456
  5407.212      24.0     3.551    -4.006
  5407.220 106.00113     0.951    -4.261               3.456
  5407.239      26.0     3.686    -5.097
  5407.325      25.0     2.143    -3.139
  5407.332      25.0     2.143    -3.394
  5407.333      25.0     2.143    -3.394
  5407.341      25.0     2.143    -3.075
  5407.353      25.0     2.143    -3.196
  5407.354      25.0     2.143    -3.196
  5407.366      25.0     2.143    -2.900
  5407.382      25.0     2.143    -3.131
  5407.382      26.0     3.547    -2.978
  5407.384      25.0     2.143    -3.131
  5407.400      25.0     2.143    -2.708
  5407.411 106.00113     0.951    -4.228               3.456
  5407.420      25.0     2.143    -3.162
  5407.422      25.0     2.143    -3.162
  5407.442      25.0     2.143    -2.523
  5407.449 106.00112     3.486    -3.223               3.456
  5407.468      25.0     2.143    -3.344
  5407.469      25.0     2.143    -3.344
  5407.481      26.0     4.076    -3.165
  5407.494      25.0     2.143    -2.352
  5407.510 106.00113     1.898    -3.405               3.456
  5407.516      27.0     4.175    -1.700
  5407.541     607.0     1.690    -4.871               7.650
  5407.569      23.0     2.581    -4.480
  5407.574      40.0     0.730    -1.630
  5407.580 106.00113     3.372    -4.109               3.456
  5407.604      24.1     3.827    -2.459
  5407.620     607.0     1.437    -3.873               7.650
  5407.642 106.00113     1.108    -3.854               3.456
  5407.647 106.00113     1.898    -3.455               3.456
  5407.653      90.0     1.388    -1.051
  5407.669      58.0     0.396    -0.939
  5407.673      69.1     4.141    -2.590
  5407.698     607.0     0.710    -2.758               7.650
  5407.709     607.0     1.690    -3.296               7.650
  5407.738 106.00112     1.803    -4.341               3.456
  5407.738 106.00112     1.803    -4.341               3.456
  5407.738     607.0     0.619    -3.814               7.650
  5407.784     607.0     0.619    -2.637               7.650
  5407.791     607.0     0.710    -4.443               7.650
  5407.852 106.00112     1.922    -3.403               3.456
  5407.896     607.0     1.574    -3.902               7.650
  5407.961      27.0     4.395    -3.583
  5407.986     607.0     1.633    -2.036               7.650
  5408.004      33.0     6.588     0.400
  5408.021     607.0     1.574    -2.557               7.650
  5408.025 106.00113     1.108    -3.815               3.456
  5408.029      20.0     4.441    -3.399
  5408.077 106.00113     1.898    -3.405               3.456
  5408.097     607.0     1.633    -3.840               7.650
  5408.097      69.1     4.946    -2.430
  5408.097      70.1     6.660    -1.650
  5408.099      20.0     5.299    -2.859
  5408.124      27.0     2.280    -2.190
  5408.191      24.0     4.451    -3.795
  5408.221 106.00112     1.803    -3.885               3.456
  5408.221 106.00112     1.803    -3.885               3.456
  5408.262 106.00112     1.922    -3.361               3.456
  5408.288      58.1     3.395    -1.250
  5408.339      58.1     3.728    -1.980
  5408.350 106.00113     1.547    -4.604               3.456
  5408.362      58.0     0.803    -0.640
  5408.367 106.00112     1.694    -3.418               3.456
  5408.367 106.00112     0.951    -4.261               3.456
  5408.373      22.0     3.113    -3.253
  5408.385 106.00113     1.547    -4.604               3.456
  5408.388      24.1     8.785    -4.859
  5408.391 106.00112     2.055    -3.962               3.456
  5408.426 106.00112     2.359    -3.557               3.456
  5408.437 106.00112     2.055    -3.962               3.456
  5408.487 106.00112     2.359    -3.571               3.456
  5408.537 106.00112     0.951    -4.228               3.456
  5408.584     607.0     0.591    -3.066               7.650
  5408.603     607.0     0.614    -3.131               7.650
  5408.645 106.00112     1.922    -3.403               3.456
  5408.689 106.00113     3.343    -2.906               3.456
  5408.692      59.1     1.053    -1.630
  5408.762 106.00112     1.694    -3.382               3.456
  5408.803      25.1     6.128    -3.332
  5408.809 106.00112     3.343    -2.906               3.456
  5408.811      26.1     5.956    -2.656
  5408.812      23.0     3.278    -2.796
  5408.822     607.0     0.551    -3.916               7.650
  5408.844 106.00113     1.547    -3.850               3.456
  5408.879 106.00113     1.547    -3.850               3.456
  5408.926      58.1     1.339    -3.240
  5408.940      22.0     0.000    -3.773
  5408.960      24.0     3.850    -3.972
  5408.965      26.1     7.558    -4.365
  5408.970 106.00112     1.922    -3.361               3.456
  5408.993 106.00113     1.430    -3.449               3.456
  5409.081      59.1     0.960    -1.580
  5409.133      26.0     4.371    -1.430
  5409.136      26.0     4.796    -2.188
  5409.157 106.00113     1.376    -3.810               3.456
  5409.169 106.00113     1.430    -3.431               3.456
  5409.178 106.00113     1.876    -3.516               3.456
  5409.203       8.1    26.561    -3.565
  5409.219      69.1     3.312    -0.840
  5409.225 106.00113     1.528    -3.391               3.456
  5409.229      58.1     1.103    -0.340
  5409.261      58.1     2.051    -0.270
  5409.268 106.00112     3.343    -2.894               3.456
  5409.280 106.00113     1.376    -3.789               3.456
  5409.309 106.00113     2.664    -3.377               3.456
  5409.333 106.00113     3.343    -2.894               3.456
  5409.342 106.00113     2.664    -3.363               3.456
  5409.372      58.1     1.404    -1.390
  5409.374 106.00112     1.694    -3.418               3.456
  5409.438 106.00113     1.305    -3.869               3.456
  5409.444 106.00113     2.743    -3.348               3.456
  5409.475      70.1     6.570    -0.930
  5409.476 106.00113     1.528    -3.360               3.456
  5409.506 106.00112     2.055    -4.506               3.456
  5409.532 106.00112     2.055    -4.506               3.456
  5409.547     607.0     0.825    -4.056               7.650
  5409.607      22.0     1.887    -0.743
  5409.626 106.00113     1.876    -4.949               3.456
  5409.667 106.00113     1.666    -3.461               3.456
  5409.672 106.00112     1.694    -3.382               3.456
  5409.681 106.00113     1.876    -3.516               3.456
  5409.695      70.1     6.954    -2.140
  5409.740 106.00113     1.306    -3.869               3.456
  5409.743 106.00113     1.876    -3.457               3.456
  5409.766      14.0     5.616    -2.725
  5409.784      24.0     1.030    -0.720
  5409.836 106.00112     2.055    -3.805               3.456
  5409.851      14.0     5.616    -2.814
  5409.861      26.0     4.593    -4.516
  5409.863 106.00112     2.055    -3.805               3.456
  5409.874 106.00112     3.374    -4.109               3.456
  5409.907 106.00112     1.107    -3.854               3.456
  5409.910      23.0     2.684    -3.999
  5409.939 106.00113     2.743    -3.362               3.456
  5409.939      27.1     9.986    -4.112
  5409.974      28.0     5.497    -3.443
  5410.033      25.0     2.941    -4.056
  5410.037      58.1     1.645    -1.380
  5410.038      23.0     1.945    -4.537
  5410.056 106.00113     2.049    -4.017               3.456
  5410.056 106.00113     2.049    -4.017               3.456
  5410.056      58.1     0.893    -1.680
  5410.104     607.0     0.793    -3.317               7.650
  5410.126 106.00112     3.374    -4.121               3.456
  5410.129      26.0     4.988    -3.203
  5410.129 106.00113     1.876    -4.949               3.456
  5410.158 106.00113     1.666    -3.419               3.456
  5410.182 106.00113     1.877    -3.457               3.456
  5410.185     107.0     3.573    -2.853               3.450
  5410.199 106.00112     0.951    -4.261               3.456
  5410.233      92.0     0.530    -1.740
  5410.234 106.00112     0.951    -4.228               3.456
  5410.243 106.00113     1.306    -3.804               3.456
  5410.249     107.0     3.573    -2.853               3.450
  5410.264 106.00112     1.107    -3.815               3.456
  5410.284 106.00112     1.898    -3.455               3.456
  5410.348     607.0     1.469    -4.228               7.650
  5410.352     607.0     0.840    -2.989               7.650
  5410.358      23.0     2.365    -1.641
  5410.424      58.1     0.704    -2.550
  5410.437 106.00112     1.546    -4.002               3.456
  5410.458     607.0     0.840    -4.234               7.650
  5410.490      26.0     3.640    -3.970
  5410.492 106.00112     1.546    -4.002               3.456
  5410.495 106.00113     1.306    -3.804               3.456
  5410.501 106.00113     1.666    -3.461               3.456
  5410.516     607.0     0.717    -2.787               7.650
  5410.565      73.0     1.203    -2.310
  5410.574      24.1     3.864    -3.609
  5410.579     607.0     0.717    -3.642               7.650
  5410.581      58.1     1.784    -1.850
  5410.585      20.0     5.049    -3.190
  5410.594     607.0     0.641    -2.615               7.650
  5410.637      70.1     7.520    -0.810
  5410.644     607.0     0.641    -3.841               7.650
  5410.651     607.0     1.633    -3.838               7.650
  5410.714      26.0     4.985    -4.501
  5410.744 106.00112     1.898    -3.405               3.456
  5410.753 106.00113     2.285    -3.945               3.456
  5410.753     607.0     0.703    -2.780               7.650
  5410.763     607.0     1.633    -2.028               7.650
  5410.769      90.0     0.789    -1.702
  5410.817 106.00112     1.108    -3.854               3.456
  5410.864      23.1     4.005    -3.307
  5410.876      58.1     1.482    -3.800
  5410.905 106.00113     1.666    -3.419               3.456
  5410.908 106.00113     1.528    -3.391               3.456
  5410.910      26.0     4.470     0.398
  5410.926 106.00112     1.898    -3.455               3.456
  5410.950      22.0     3.161    -3.651
  5410.970     607.0     1.505    -4.652               7.650
  5410.982     607.0     0.582    -3.544               7.650
  5411.001      22.0     2.480    -4.941
  5411.020     607.0     0.582    -3.086               7.650
  5411.025 106.00113     1.528    -3.360               3.456
  5411.039      70.1     6.257    -1.180
  5411.047      42.0     3.078    -2.129
  5411.084      25.1     6.111    -4.088
  5411.087 106.00112     1.108    -3.815               3.456
  5411.110 106.00113     1.857    -3.591               3.456
  5411.148      26.0     4.985    -3.837
  5411.175      22.0     3.154    -2.299
  5411.180      64.0     1.349    -0.709
  5411.214      28.0     4.089    -2.470
  5411.224      41.0     1.369    -1.950
  5411.233 106.00113     2.285    -3.959               3.456
  5411.312 106.00112     1.898    -3.405               3.456
  5411.361     607.0     0.710    -4.440               7.650
  5411.372      26.0     5.020    -2.779
  5411.373      26.1    10.600    -0.050
  5411.389      26.0     3.640    -3.550
  5411.397      62.0     0.388    -0.902
  5411.454     607.0     0.710    -2.748               7.650
  5411.463      26.0     4.103    -4.277
  5411.470      27.0     3.409    -3.995
  5411.491 106.00113     1.857    -3.591               3.456
  5411.525     607.0     0.630    -3.822               7.650
  5411.537      58.0     0.774    -0.670
  5411.541 106.00113     1.857    -4.879               3.456
  5411.544      59.1     0.508    -1.158
  5411.558 106.00113     3.374    -4.121               3.456
  5411.558 106.00113     3.474    -4.095               3.456
  5411.574     607.0     0.630    -2.616               7.650
  5411.593 106.00113     3.374    -4.109               3.456
  5411.627      69.1     4.834    -1.870
  5411.756      22.0     3.351    -3.727
  5411.757 106.00113     1.857    -3.520               3.456
  5411.761      58.0     0.398    -0.938
  5411.775      24.1     8.785    -3.398
  5411.778 106.00113     1.432    -3.431               3.456
  5411.786      27.1    11.360     0.280
  5411.793 106.00113     1.432    -3.449               3.456
  5411.807 106.00112     1.547    -4.604               3.456
  5411.816 106.00113     3.474    -4.105               3.456
  5411.842 106.00112     1.547    -4.604               3.456
  5411.845 106.00113     2.361    -3.557               3.456
  5411.854      63.0     2.150    -0.140
  5411.860      23.0     2.684    -0.892
  5411.868      70.1     7.005    -2.320
  5411.916      60.0     0.293    -0.950
  5411.921 106.00112     1.376    -3.789               3.456
  5411.921 106.00113     1.857    -4.879               3.456
  5411.936      47.1    15.718     0.070
  5411.942 106.00112     1.376    -3.810               3.456
  5411.948 106.00112     2.664    -3.363               3.456
  5411.951      23.0     2.359    -1.058
  5411.959      14.0     5.619    -3.243
  5411.968 106.00112     1.430    -3.449               3.456
  5411.969     607.0     0.665    -3.670               7.650
  5411.970      26.1    10.560    -0.570
  5411.971 106.00112     2.743    -3.348               3.456
  5411.979      26.0     5.067    -3.274
  5411.992 106.00112     2.664    -3.377               3.456
  5412.033 106.00112     1.430    -3.431               3.456
  5412.083 106.00113     1.858    -3.520               3.456
  5412.094      23.0     1.081    -4.379
  5412.144      76.0     2.608    -1.760
  5412.154      22.0     3.128    -3.934
  5412.159 106.00112     1.547    -3.850               3.456
  5412.179      21.1     8.356    -2.848
  5412.179      21.1     8.356    -4.480
  5412.194 106.00112     1.547    -3.850               3.456
  5412.200      23.0     3.883    -4.113
  5412.217     607.0     0.614    -4.149               7.650
  5412.226      24.1     8.751    -3.632
  5412.282 106.00113     2.362    -3.571               3.456
  5412.300     607.0     0.614    -3.123               7.650
  5412.310      69.1     4.914    -2.010
  5412.320      23.1     4.244    -4.199
  5412.349 106.00112     1.528    -3.391               3.456
  5412.440      69.0     2.695    -2.090
  5412.496 106.00112     1.876    -3.516               3.456
  5412.498      24.0     3.435    -3.293
  5412.513      22.0     2.480    -3.457
  5412.519 106.00112     1.528    -3.360               3.456
  5412.531 106.00113     2.050    -4.327               3.456
  5412.531 106.00113     2.050    -4.327               3.456
  5412.546 106.00112     2.743    -3.362               3.456
  5412.558      26.0     4.584    -3.673
  5412.619 106.00112     3.395    -4.116               3.456
  5412.632      64.1     1.251    -1.697
  5412.654 106.00112     1.876    -4.949               3.456
  5412.669      22.0     2.480    -2.728
  5412.683 106.00112     3.395    -4.105               3.456
  5412.743      26.1    10.523    -0.600
  5412.754 106.00112     1.305    -3.869               3.456
  5412.768     607.0     0.793    -3.309               7.650
  5412.777 106.00113     1.841    -3.688               3.456
  5412.786      26.0     4.431    -1.716
  5412.793      58.1     4.331    -3.060
  5412.886      27.0     4.475    -4.072
  5412.919      20.0     4.443    -1.477
  5412.921 106.00112     1.666    -3.461               3.456
  5412.925      26.1     9.905    -4.245
  5412.985     607.0     0.600    -3.038               7.650
  5413.000 106.00112     1.876    -3.516               3.456
  5413.007     607.0     0.558    -3.913               7.650
  5413.023 106.00112     1.876    -3.457               3.456
  5413.050 106.00113     1.841    -3.688               3.456
  5413.051      58.1     1.404    -1.750
  5413.056 106.00112     1.306    -3.869               3.456
  5413.085 106.00113     2.050    -3.897               3.456
  5413.085 106.00113     2.050    -3.897               3.456
  5413.099      14.0     5.616    -2.569
  5413.155 106.00113     1.377    -3.789               3.456
  5413.158 106.00112     1.876    -4.949               3.456
  5413.193      64.0     0.881    -0.674
  5413.202 106.00113     1.841    -4.779               3.456
  5413.220      59.1     0.055    -1.376
  5413.287 106.00113     1.377    -3.810               3.456
  5413.298     607.0     0.840    -2.977               7.650
  5413.360 106.00112     1.666    -3.419               3.456
  5413.368      64.0     0.841    -0.989
  5413.369      23.0     0.275    -4.905
  5413.398      26.1     8.230    -4.760
  5413.463 106.00112     1.877    -3.457               3.456
  5413.475 106.00113     1.841    -4.779               3.456
  5413.475 106.00113     1.540    -4.072               3.456
  5413.475 106.00113     1.540    -4.072               3.456
  5413.481 106.00112     1.306    -3.804               3.456
  5413.481      73.0     0.750    -2.500
  5413.530 106.00112     2.049    -4.017               3.456
  5413.530 106.00112     2.049    -4.017               3.456
  5413.536 106.00113     1.841    -3.598               3.456
  5413.548      22.1     7.866    -3.433
  5413.598     607.0     1.542    -2.386               7.650
  5413.613      56.1     5.983    -2.660
  5413.630 106.00112     2.285    -3.945               3.456
  5413.689      25.0     3.859    -0.589
  5413.703      27.0     4.058    -0.392
  5413.712      58.1     1.406    -1.720
  5413.720      69.0     2.318    -0.900
  5413.730      27.0     3.687    -1.336
  5413.733 106.00112     1.306    -3.804               3.456
  5413.756 106.00112     1.666    -3.461               3.456
  5413.765 106.00113     1.841    -3.598               3.456
  5413.774 106.00113     1.640    -3.512               3.456
  5413.779     607.0     0.962    -3.564               7.650
  5413.863      14.0     7.588    -4.912
  5413.894      25.0     4.320    -4.138
  5413.897      24.0     4.446    -4.169
  5413.923      40.0     0.687    -2.370
  5413.923      23.1     6.784    -3.478
  5413.993      69.1     4.324    -1.750
  5414.035 106.00112     1.528    -3.391               3.456
  5414.043 106.00112     3.345    -2.894               3.456
  5414.070 106.00112     1.528    -3.360               3.456
  5414.089      26.1     3.221    -3.480
  5414.106      58.0     0.548    -0.622
  5414.108 106.00112     1.666    -3.419               3.456
  5414.108 106.00113     3.345    -2.894               3.456
  5414.140 106.00113     1.827    -3.819               3.456
  5414.184 106.00113     3.346    -2.906               3.456
  5414.207      69.1     4.836    -1.480
  5414.214 106.00112     2.285    -3.959               3.456
  5414.228     607.0     0.843    -4.064               7.650
  5414.262      70.1     7.198     0.090
  5414.304 106.00112     3.346    -2.906               3.456
  5414.316 106.00113     1.640    -3.463               3.456
  5414.325 106.00113     1.827    -3.819               3.456
  5414.445 106.00113     1.641    -3.512               3.456
  5414.466 106.00112     1.857    -3.591               3.456
  5414.568      23.1     6.784    -2.410
  5414.574 106.00113     1.827    -4.668               3.456
  5414.596     607.0     0.545    -4.470               7.650
  5414.631      68.1     0.000    -2.451
  5414.639      58.1     1.533    -2.230
  5414.645 106.00112     1.432    -3.431               3.456
  5414.648 106.00112     1.857    -4.879               3.456
  5414.660      42.0     3.223    -1.619
  5414.667      69.1     3.804    -1.550
  5414.668 106.00112     2.361    -3.557               3.456
  5414.745      58.1     0.587    -3.660
  5414.759 106.00113     1.827    -4.668               3.456
  5414.771 106.00112     1.432    -3.449               3.456
  5414.786     607.0     0.665    -4.940               7.650
  5414.800      60.1     0.745    -1.620
  5414.818     607.0     1.013    -4.632               7.650
  5414.847 106.00112     1.857    -3.591               3.456
  5414.852      26.1    10.522    -0.320
  5414.858     607.0     0.717    -2.765               7.650
  5414.862      24.1     6.822    -1.980
  5414.894     607.0     0.652    -2.595               7.650
  5414.900     607.0     0.665    -3.664               7.650
  5414.906      26.0     3.642    -4.555
  5414.917 106.00113     1.641    -3.463               3.456
  5414.918     607.0     0.731    -2.772               7.650
  5414.925      26.1     8.307    -2.198
  5414.946     607.0     0.652    -3.849               7.650
  5414.973     607.0     0.731    -2.748               7.650
  5414.978     607.0     0.591    -3.549               7.650
  5414.983     607.0     0.731    -3.650               7.650
  5415.003      58.1     3.863    -3.500
  5415.018     607.0     0.591    -3.056               7.650
  5415.029 106.00112     1.857    -4.879               3.456
  5415.069     607.0     0.731    -4.450               7.650
  5415.070 106.00113     1.828    -3.698               3.456
  5415.079 106.00112     1.857    -3.520               3.456
  5415.092      26.1     7.845    -4.785
  5415.161 106.00113     1.816    -4.027               3.456
  5415.184      14.0     5.619    -4.548
  5415.193 106.00112     2.362    -3.571               3.456
  5415.199      26.0     4.383     0.642
  5415.217 106.00113     1.828    -3.698               3.456
  5415.249      23.0     2.374     0.280
  5415.251     607.0     1.731    -4.395               7.650
  5415.269 106.00113     1.816    -4.027               3.456
  5415.275 106.00113     2.667    -3.363               3.456
  5415.288      26.1     6.703    -4.255
  5415.303      60.0     0.293    -0.950
  5415.332      24.0     3.422    -3.799
  5415.372      23.0     2.678    -2.750
  5415.404 106.00112     1.858    -3.520               3.456
  5415.433      90.1     1.770    -1.077
  5415.435      69.1     4.660    -1.180
  5415.494     607.0     0.641    -3.831               7.650
  5415.510      26.0     4.966    -3.779
  5415.538      26.0     5.100    -3.260
  5415.544     607.0     0.641    -2.595               7.650
  5415.598 106.00113     2.589    -3.392               3.456
  5415.621 106.00113     2.589    -3.378               3.456
  5415.624      22.0     2.175    -3.201
  5415.633      57.0     0.929    -1.180
  5415.633 106.00113     1.816    -4.520               3.456
  5415.665      23.0     2.578    -2.756
  5415.679      64.0     0.927    -0.628
  5415.686      26.0     5.064    -2.868
  5415.698 106.00113     1.808    -4.506               3.456
  5415.700       4.1    14.725    -1.301
  5415.742 106.00113     1.816    -4.520               3.456
  5415.743      58.1     0.904    -3.180
  5415.750 106.00113     1.808    -4.506               3.456
  5415.753 106.00113     2.667    -3.377               3.456
  5415.778      24.0     4.411    -1.345
  5415.797 106.00112     2.976    -4.404               3.456
  5415.800 106.00112     1.377    -3.789               3.456
  5415.806      26.0     3.642    -5.102
  5415.812 106.00112     2.976    -4.415               3.456
  5415.885      69.1     4.373    -3.300
  5415.894 106.00113     1.817    -4.959               3.456
  5415.941      21.1     7.143    -4.504
  5415.973 106.00113     1.817    -4.959               3.456
  5416.017      22.1     7.832    -4.311
  5416.020      62.1     2.108    -0.533
  5416.053 106.00112     2.050    -4.327               3.456
  5416.053 106.00112     2.050    -4.327               3.456
  5416.076 106.00112     1.377    -3.810               3.456
  5416.114     107.0     3.616    -2.635               3.450
  5416.147      21.0     1.986    -0.935
  5416.164 106.00112     1.841    -3.688               3.456
  5416.195      69.1     4.946    -1.940
  5416.229     607.0     0.962    -3.556               7.650
  5416.276 106.00113     1.808    -4.306               3.456
  5416.281     607.0     0.632    -3.118               7.650
  5416.285      41.0     1.403    -2.070
  5416.328 106.00113     1.808    -4.306               3.456
  5416.339     107.0     3.616    -2.635               3.450
  5416.349      76.0     3.754     0.300
  5416.367 106.00113     1.817    -3.842               3.456
  5416.374      60.1     0.859    -0.980
  5416.378 106.00112     1.841    -4.779               3.456
  5416.414      21.0     1.987    -1.278
  5416.437 106.00112     1.841    -3.688               3.456
  5416.446 106.00113     1.817    -3.842               3.456
  5416.447      24.0     3.888    -4.591
  5416.522 106.00112     2.050    -3.897               3.456
  5416.522 106.00112     2.050    -3.897               3.456
  5416.651 106.00112     1.841    -4.779               3.456
  5416.654      69.1     3.804    -2.200
  5416.678      76.0     0.516    -3.300
  5416.698     607.0     1.542    -3.557               7.650
  5416.769 106.00113     1.541    -4.410               3.456
  5416.769 106.00113     1.541    -4.410               3.456
  5416.800     607.0     1.542    -2.379               7.650
  5416.827 106.00113     1.490    -3.426               3.456
  5416.862      58.1     1.274    -2.280
  5416.868 106.00113     1.809    -4.977               3.456
  5416.895 106.00112     1.841    -3.598               3.456
  5416.898 106.00112     1.540    -4.072               3.456
  5416.898 106.00112     1.540    -4.072               3.456
  5416.898      69.1     2.606    -1.640
  5416.901 106.00113     1.809    -4.977               3.456
  5416.945 106.00113     3.395    -4.116               3.456
  5417.033      26.0     4.415    -1.810
  5417.034      39.0     1.992    -0.900
  5417.051      26.1     8.131    -4.982
  5417.081      26.0     5.446    -3.036
  5417.083 106.00112     1.640    -3.512               3.456
  5417.091      64.1     2.277    -1.100
  5417.094     607.0     1.601    -2.555               7.650
  5417.112      26.0     4.415    -4.402
  5417.112 106.00113     1.490    -3.392               3.456
  5417.113      26.0     4.985    -2.651
  5417.124 106.00112     1.841    -3.598               3.456
  5417.245      22.0     1.430    -3.575
  5417.267      15.0     7.404    -2.000
  5417.364     607.0     0.566    -3.911               7.650
  5417.367 106.00113     1.541    -3.929               3.456
  5417.367 106.00113     1.541    -3.929               3.456
  5417.371      42.0     2.758    -1.481
  5417.390     607.0     1.457    -3.880               7.650
  5417.397      58.1     1.406    -2.710
  5417.429      70.1     5.613    -1.800
  5417.447 106.00113     1.809    -4.097               3.456
  5417.458 106.00113     3.395    -4.105               3.456
  5417.470 106.00113     1.618    -3.573               3.456
  5417.475      69.1     4.355    -1.140
  5417.479 106.00113     1.809    -4.097               3.456
  5417.486      90.0     0.457    -1.973
  5417.514      76.0     4.052    -0.150
  5417.552 106.00112     1.827    -3.819               3.456
  5417.562     607.0     0.609    -3.012               7.650
  5417.564 106.00113     2.281    -3.587               3.456
  5417.571      20.0     4.443    -4.975
  5417.576 106.00112     1.640    -3.463               3.456
  5417.587      69.1     4.459    -3.560
  5417.588 106.00113     2.281    -3.572               3.456
  5417.595      22.0     3.424    -3.080
  5417.619      69.1     4.744    -1.420
  5417.690     607.0     1.657    -2.028               7.650
  5417.715      24.0     4.616    -4.228
  5417.730      26.1     9.905    -3.866
  5417.737 106.00112     1.827    -3.819               3.456
  5417.746      23.1     6.295    -4.108
  5417.755 106.00112     1.641    -3.512               3.456
  5417.800      66.0     1.489    -2.500
  5417.805     607.0     1.657    -3.846               7.650
  5417.817 106.00112     1.827    -4.668               3.456
  5417.823      26.0     4.988    -4.037
  5417.829      58.1     2.373    -1.370
  5417.833      58.1     1.107    -1.460
  5417.887 106.00112     2.667    -3.363               3.456
  5417.999 106.00113     1.618    -3.573               3.456