Mn 5420 +/- 10 with hfs
  5410.033      25.0     2.941    -4.056
  5410.037      58.1     1.645    -1.380
  5410.038      23.0     1.945    -4.537
  5410.056 106.00113     2.049    -4.017               3.456
  5410.056 106.00113     2.049    -4.017               3.456
  5410.056      58.1     0.893    -1.680
  5410.104     607.0     0.793    -3.317               7.650
  5410.126 106.00112     3.374    -4.121               3.456
  5410.129      26.0     4.988    -3.203
  5410.129 106.00113     1.876    -4.949               3.456
  5410.158 106.00113     1.666    -3.419               3.456
  5410.182 106.00113     1.877    -3.457               3.456
  5410.185     107.0     3.573    -2.853               3.450
  5410.199 106.00112     0.951    -4.261               3.456
  5410.233      92.0     0.530    -1.740
  5410.234 106.00112     0.951    -4.228               3.456
  5410.243 106.00113     1.306    -3.804               3.456
  5410.249     107.0     3.573    -2.853               3.450
  5410.264 106.00112     1.107    -3.815               3.456
  5410.284 106.00112     1.898    -3.455               3.456
  5410.348     607.0     1.469    -4.228               7.650
  5410.352     607.0     0.840    -2.989               7.650
  5410.358      23.0     2.365    -1.641
  5410.424      58.1     0.704    -2.550
  5410.437 106.00112     1.546    -4.002               3.456
  5410.458     607.0     0.840    -4.234               7.650
  5410.490      26.0     3.640    -3.970
  5410.492 106.00112     1.546    -4.002               3.456
  5410.495 106.00113     1.306    -3.804               3.456
  5410.501 106.00113     1.666    -3.461               3.456
  5410.516     607.0     0.717    -2.787               7.650
  5410.565      73.0     1.203    -2.310
  5410.574      24.1     3.864    -3.609
  5410.579     607.0     0.717    -3.642               7.650
  5410.581      58.1     1.784    -1.850
  5410.585      20.0     5.049    -3.190
  5410.594     607.0     0.641    -2.615               7.650
  5410.637      70.1     7.520    -0.810
  5410.644     607.0     0.641    -3.841               7.650
  5410.651     607.0     1.633    -3.838               7.650
  5410.714      26.0     4.985    -4.501
  5410.744 106.00112     1.898    -3.405               3.456
  5410.753 106.00113     2.285    -3.945               3.456
  5410.753     607.0     0.703    -2.780               7.650
  5410.763     607.0     1.633    -2.028               7.650
  5410.769      90.0     0.789    -1.702
  5410.817 106.00112     1.108    -3.854               3.456
  5410.864      23.1     4.005    -3.307
  5410.876      58.1     1.482    -3.800
  5410.905 106.00113     1.666    -3.419               3.456
  5410.908 106.00113     1.528    -3.391               3.456
  5410.910      26.0     4.470     0.398
  5410.926 106.00112     1.898    -3.455               3.456
  5410.950      22.0     3.161    -3.651
  5410.970     607.0     1.505    -4.652               7.650
  5410.982     607.0     0.582    -3.544               7.650
  5411.001      22.0     2.480    -4.941
  5411.020     607.0     0.582    -3.086               7.650
  5411.025 106.00113     1.528    -3.360               3.456
  5411.039      70.1     6.257    -1.180
  5411.047      42.0     3.078    -2.129
  5411.084      25.1     6.111    -4.088
  5411.087 106.00112     1.108    -3.815               3.456
  5411.110 106.00113     1.857    -3.591               3.456
  5411.148      26.0     4.985    -3.837
  5411.175      22.0     3.154    -2.299
  5411.180      64.0     1.349    -0.709
  5411.214      28.0     4.089    -2.470
  5411.224      41.0     1.369    -1.950
  5411.233 106.00113     2.285    -3.959               3.456
  5411.312 106.00112     1.898    -3.405               3.456
  5411.361     607.0     0.710    -4.440               7.650
  5411.372      26.0     5.020    -2.779
  5411.373      26.1    10.600    -0.050
  5411.389      26.0     3.640    -3.550
  5411.397      62.0     0.388    -0.902
  5411.454     607.0     0.710    -2.748               7.650
  5411.463      26.0     4.103    -4.277
  5411.470      27.0     3.409    -3.995
  5411.491 106.00113     1.857    -3.591               3.456
  5411.525     607.0     0.630    -3.822               7.650
  5411.537      58.0     0.774    -0.670
  5411.541 106.00113     1.857    -4.879               3.456
  5411.544      59.1     0.508    -1.158
  5411.558 106.00113     3.374    -4.121               3.456
  5411.558 106.00113     3.474    -4.095               3.456
  5411.574     607.0     0.630    -2.616               7.650
  5411.593 106.00113     3.374    -4.109               3.456
  5411.627      69.1     4.834    -1.870
  5411.756      22.0     3.351    -3.727
  5411.757 106.00113     1.857    -3.520               3.456
  5411.761      58.0     0.398    -0.938
  5411.775      24.1     8.785    -3.398
  5411.778 106.00113     1.432    -3.431               3.456
  5411.786      27.1    11.360     0.280
  5411.793 106.00113     1.432    -3.449               3.456
  5411.807 106.00112     1.547    -4.604               3.456
  5411.816 106.00113     3.474    -4.105               3.456
  5411.842 106.00112     1.547    -4.604               3.456
  5411.845 106.00113     2.361    -3.557               3.456
  5411.854      63.0     2.150    -0.140
  5411.860      23.0     2.684    -0.892
  5411.868      70.1     7.005    -2.320
  5411.916      60.0     0.293    -0.950
  5411.921 106.00112     1.376    -3.789               3.456
  5411.921 106.00113     1.857    -4.879               3.456
  5411.936      47.1    15.718     0.070
  5411.942 106.00112     1.376    -3.810               3.456
  5411.948 106.00112     2.664    -3.363               3.456
  5411.951      23.0     2.359    -1.058
  5411.959      14.0     5.619    -3.243
  5411.968 106.00112     1.430    -3.449               3.456
  5411.969     607.0     0.665    -3.670               7.650
  5411.970      26.1    10.560    -0.570
  5411.971 106.00112     2.743    -3.348               3.456
  5411.979      26.0     5.067    -3.274
  5411.992 106.00112     2.664    -3.377               3.456
  5412.033 106.00112     1.430    -3.431               3.456
  5412.083 106.00113     1.858    -3.520               3.456
  5412.094      23.0     1.081    -4.379
  5412.144      76.0     2.608    -1.760
  5412.154      22.0     3.128    -3.934
  5412.159 106.00112     1.547    -3.850               3.456
  5412.179      21.1     8.356    -2.848
  5412.179      21.1     8.356    -4.480
  5412.194 106.00112     1.547    -3.850               3.456
  5412.200      23.0     3.883    -4.113
  5412.217     607.0     0.614    -4.149               7.650
  5412.226      24.1     8.751    -3.632
  5412.282 106.00113     2.362    -3.571               3.456
  5412.300     607.0     0.614    -3.123               7.650
  5412.310      69.1     4.914    -2.010
  5412.320      23.1     4.244    -4.199
  5412.349 106.00112     1.528    -3.391               3.456
  5412.440      69.0     2.695    -2.090
  5412.496 106.00112     1.876    -3.516               3.456
  5412.498      24.0     3.435    -3.293
  5412.513      22.0     2.480    -3.457
  5412.519 106.00112     1.528    -3.360               3.456
  5412.531 106.00113     2.050    -4.327               3.456
  5412.531 106.00113     2.050    -4.327               3.456
  5412.546 106.00112     2.743    -3.362               3.456
  5412.558      26.0     4.584    -3.673
  5412.619 106.00112     3.395    -4.116               3.456
  5412.632      64.1     1.251    -1.697
  5412.654 106.00112     1.876    -4.949               3.456
  5412.669      22.0     2.480    -2.728
  5412.683 106.00112     3.395    -4.105               3.456
  5412.743      26.1    10.523    -0.600
  5412.754 106.00112     1.305    -3.869               3.456
  5412.768     607.0     0.793    -3.309               7.650
  5412.777 106.00113     1.841    -3.688               3.456
  5412.786      26.0     4.431    -1.716
  5412.793      58.1     4.331    -3.060
  5412.886      27.0     4.475    -4.072
  5412.919      20.0     4.443    -1.477
  5412.921 106.00112     1.666    -3.461               3.456
  5412.925      26.1     9.905    -4.245
  5412.985     607.0     0.600    -3.038               7.650
  5413.000 106.00112     1.876    -3.516               3.456
  5413.007     607.0     0.558    -3.913               7.650
  5413.023 106.00112     1.876    -3.457               3.456
  5413.050 106.00113     1.841    -3.688               3.456
  5413.051      58.1     1.404    -1.750
  5413.056 106.00112     1.306    -3.869               3.456
  5413.085 106.00113     2.050    -3.897               3.456
  5413.085 106.00113     2.050    -3.897               3.456
  5413.099      14.0     5.616    -2.569
  5413.155 106.00113     1.377    -3.789               3.456
  5413.158 106.00112     1.876    -4.949               3.456
  5413.193      64.0     0.881    -0.674
  5413.202 106.00113     1.841    -4.779               3.456
  5413.220      59.1     0.055    -1.376
  5413.287 106.00113     1.377    -3.810               3.456
  5413.298     607.0     0.840    -2.977               7.650
  5413.360 106.00112     1.666    -3.419               3.456
  5413.368      64.0     0.841    -0.989
  5413.369      23.0     0.275    -4.905
  5413.398      26.1     8.230    -4.760
  5413.463 106.00112     1.877    -3.457               3.456
  5413.475 106.00113     1.841    -4.779               3.456
  5413.475 106.00113     1.540    -4.072               3.456
  5413.475 106.00113     1.540    -4.072               3.456
  5413.481 106.00112     1.306    -3.804               3.456
  5413.481      73.0     0.750    -2.500
  5413.530 106.00112     2.049    -4.017               3.456
  5413.530 106.00112     2.049    -4.017               3.456
  5413.536 106.00113     1.841    -3.598               3.456
  5413.548      22.1     7.866    -3.433
  5413.598     607.0     1.542    -2.386               7.650
  5413.613      56.1     5.983    -2.660
  5413.630 106.00112     2.285    -3.945               3.456
  5413.689      25.0     3.859    -0.589
  5413.703      27.0     4.058    -0.392
  5413.712      58.1     1.406    -1.720
  5413.720      69.0     2.318    -0.900
  5413.730      27.0     3.687    -1.336
  5413.733 106.00112     1.306    -3.804               3.456
  5413.756 106.00112     1.666    -3.461               3.456
  5413.765 106.00113     1.841    -3.598               3.456
  5413.774 106.00113     1.640    -3.512               3.456
  5413.779     607.0     0.962    -3.564               7.650
  5413.863      14.0     7.588    -4.912
  5413.894      25.0     4.320    -4.138
  5413.897      24.0     4.446    -4.169
  5413.923      40.0     0.687    -2.370
  5413.923      23.1     6.784    -3.478
  5413.993      69.1     4.324    -1.750
  5414.035 106.00112     1.528    -3.391               3.456
  5414.043 106.00112     3.345    -2.894               3.456
  5414.070 106.00112     1.528    -3.360               3.456
  5414.089      26.1     3.221    -3.480
  5414.106      58.0     0.548    -0.622
  5414.108 106.00112     1.666    -3.419               3.456
  5414.108 106.00113     3.345    -2.894               3.456
  5414.140 106.00113     1.827    -3.819               3.456
  5414.184 106.00113     3.346    -2.906               3.456
  5414.207      69.1     4.836    -1.480
  5414.214 106.00112     2.285    -3.959               3.456
  5414.228     607.0     0.843    -4.064               7.650
  5414.262      70.1     7.198     0.090
  5414.304 106.00112     3.346    -2.906               3.456
  5414.316 106.00113     1.640    -3.463               3.456
  5414.325 106.00113     1.827    -3.819               3.456
  5414.445 106.00113     1.641    -3.512               3.456
  5414.466 106.00112     1.857    -3.591               3.456
  5414.568      23.1     6.784    -2.410
  5414.574 106.00113     1.827    -4.668               3.456
  5414.596     607.0     0.545    -4.470               7.650
  5414.631      68.1     0.000    -2.451
  5414.639      58.1     1.533    -2.230
  5414.645 106.00112     1.432    -3.431               3.456
  5414.648 106.00112     1.857    -4.879               3.456
  5414.660      42.0     3.223    -1.619
  5414.667      69.1     3.804    -1.550
  5414.668 106.00112     2.361    -3.557               3.456
  5414.745      58.1     0.587    -3.660
  5414.759 106.00113     1.827    -4.668               3.456
  5414.771 106.00112     1.432    -3.449               3.456
  5414.786     607.0     0.665    -4.940               7.650
  5414.800      60.1     0.745    -1.620
  5414.818     607.0     1.013    -4.632               7.650
  5414.847 106.00112     1.857    -3.591               3.456
  5414.852      26.1    10.522    -0.320
  5414.858     607.0     0.717    -2.765               7.650
  5414.862      24.1     6.822    -1.980
  5414.894     607.0     0.652    -2.595               7.650
  5414.900     607.0     0.665    -3.664               7.650
  5414.906      26.0     3.642    -4.555
  5414.917 106.00113     1.641    -3.463               3.456
  5414.918     607.0     0.731    -2.772               7.650
  5414.925      26.1     8.307    -2.198
  5414.946     607.0     0.652    -3.849               7.650
  5414.973     607.0     0.731    -2.748               7.650
  5414.978     607.0     0.591    -3.549               7.650
  5414.983     607.0     0.731    -3.650               7.650
  5415.003      58.1     3.863    -3.500
  5415.018     607.0     0.591    -3.056               7.650
  5415.029 106.00112     1.857    -4.879               3.456
  5415.069     607.0     0.731    -4.450               7.650
  5415.070 106.00113     1.828    -3.698               3.456
  5415.079 106.00112     1.857    -3.520               3.456
  5415.092      26.1     7.845    -4.785
  5415.161 106.00113     1.816    -4.027               3.456
  5415.184      14.0     5.619    -4.548
  5415.193 106.00112     2.362    -3.571               3.456
  5415.199      26.0     4.383     0.642
  5415.217 106.00113     1.828    -3.698               3.456
  5415.249      23.0     2.374     0.280
  5415.251     607.0     1.731    -4.395               7.650
  5415.269 106.00113     1.816    -4.027               3.456
  5415.275 106.00113     2.667    -3.363               3.456
  5415.288      26.1     6.703    -4.255
  5415.303      60.0     0.293    -0.950
  5415.332      24.0     3.422    -3.799
  5415.372      23.0     2.678    -2.750
  5415.404 106.00112     1.858    -3.520               3.456
  5415.433      90.1     1.770    -1.077
  5415.435      69.1     4.660    -1.180
  5415.494     607.0     0.641    -3.831               7.650
  5415.510      26.0     4.966    -3.779
  5415.538      26.0     5.100    -3.260
  5415.544     607.0     0.641    -2.595               7.650
  5415.598 106.00113     2.589    -3.392               3.456
  5415.621 106.00113     2.589    -3.378               3.456
  5415.624      22.0     2.175    -3.201
  5415.633      57.0     0.929    -1.180
  5415.633 106.00113     1.816    -4.520               3.456
  5415.665      23.0     2.578    -2.756
  5415.679      64.0     0.927    -0.628
  5415.686      26.0     5.064    -2.868
  5415.698 106.00113     1.808    -4.506               3.456
  5415.700       4.1    14.725    -1.301
  5415.742 106.00113     1.816    -4.520               3.456
  5415.743      58.1     0.904    -3.180
  5415.750 106.00113     1.808    -4.506               3.456
  5415.753 106.00113     2.667    -3.377               3.456
  5415.778      24.0     4.411    -1.345
  5415.797 106.00112     2.976    -4.404               3.456
  5415.800 106.00112     1.377    -3.789               3.456
  5415.806      26.0     3.642    -5.102
  5415.812 106.00112     2.976    -4.415               3.456
  5415.885      69.1     4.373    -3.300
  5415.894 106.00113     1.817    -4.959               3.456
  5415.941      21.1     7.143    -4.504
  5415.973 106.00113     1.817    -4.959               3.456
  5416.017      22.1     7.832    -4.311
  5416.020      62.1     2.108    -0.533
  5416.053 106.00112     2.050    -4.327               3.456
  5416.053 106.00112     2.050    -4.327               3.456
  5416.076 106.00112     1.377    -3.810               3.456
  5416.114     107.0     3.616    -2.635               3.450
  5416.147      21.0     1.986    -0.935
  5416.164 106.00112     1.841    -3.688               3.456
  5416.195      69.1     4.946    -1.940
  5416.229     607.0     0.962    -3.556               7.650
  5416.276 106.00113     1.808    -4.306               3.456
  5416.281     607.0     0.632    -3.118               7.650
  5416.285      41.0     1.403    -2.070
  5416.328 106.00113     1.808    -4.306               3.456
  5416.339     107.0     3.616    -2.635               3.450
  5416.349      76.0     3.754     0.300
  5416.367 106.00113     1.817    -3.842               3.456
  5416.374      60.1     0.859    -0.980
  5416.378 106.00112     1.841    -4.779               3.456
  5416.414      21.0     1.987    -1.278
  5416.437 106.00112     1.841    -3.688               3.456
  5416.446 106.00113     1.817    -3.842               3.456
  5416.447      24.0     3.888    -4.591
  5416.522 106.00112     2.050    -3.897               3.456
  5416.522 106.00112     2.050    -3.897               3.456
  5416.651 106.00112     1.841    -4.779               3.456
  5416.654      69.1     3.804    -2.200
  5416.678      76.0     0.516    -3.300
  5416.698     607.0     1.542    -3.557               7.650
  5416.769 106.00113     1.541    -4.410               3.456
  5416.769 106.00113     1.541    -4.410               3.456
  5416.800     607.0     1.542    -2.379               7.650
  5416.827 106.00113     1.490    -3.426               3.456
  5416.862      58.1     1.274    -2.280
  5416.868 106.00113     1.809    -4.977               3.456
  5416.895 106.00112     1.841    -3.598               3.456
  5416.898 106.00112     1.540    -4.072               3.456
  5416.898 106.00112     1.540    -4.072               3.456
  5416.898      69.1     2.606    -1.640
  5416.901 106.00113     1.809    -4.977               3.456
  5416.945 106.00113     3.395    -4.116               3.456
  5417.033      26.0     4.415    -1.810
  5417.034      39.0     1.992    -0.900
  5417.051      26.1     8.131    -4.982
  5417.081      26.0     5.446    -3.036
  5417.083 106.00112     1.640    -3.512               3.456
  5417.091      64.1     2.277    -1.100
  5417.094     607.0     1.601    -2.555               7.650
  5417.112      26.0     4.415    -4.402
  5417.112 106.00113     1.490    -3.392               3.456
  5417.113      26.0     4.985    -2.651
  5417.124 106.00112     1.841    -3.598               3.456
  5417.245      22.0     1.430    -3.575
  5417.267      15.0     7.404    -2.000
  5417.364     607.0     0.566    -3.911               7.650
  5417.367 106.00113     1.541    -3.929               3.456
  5417.367 106.00113     1.541    -3.929               3.456
  5417.371      42.0     2.758    -1.481
  5417.390     607.0     1.457    -3.880               7.650
  5417.397      58.1     1.406    -2.710
  5417.429      70.1     5.613    -1.800
  5417.447 106.00113     1.809    -4.097               3.456
  5417.458 106.00113     3.395    -4.105               3.456
  5417.470 106.00113     1.618    -3.573               3.456
  5417.475      69.1     4.355    -1.140
  5417.479 106.00113     1.809    -4.097               3.456
  5417.486      90.0     0.457    -1.973
  5417.514      76.0     4.052    -0.150
  5417.552 106.00112     1.827    -3.819               3.456
  5417.562     607.0     0.609    -3.012               7.650
  5417.564 106.00113     2.281    -3.587               3.456
  5417.571      20.0     4.443    -4.975
  5417.576 106.00112     1.640    -3.463               3.456
  5417.587      69.1     4.459    -3.560
  5417.588 106.00113     2.281    -3.572               3.456
  5417.595      22.0     3.424    -3.080
  5417.619      69.1     4.744    -1.420
  5417.690     607.0     1.657    -2.028               7.650
  5417.715      24.0     4.616    -4.228
  5417.730      26.1     9.905    -3.866
  5417.737 106.00112     1.827    -3.819               3.456
  5417.746      23.1     6.295    -4.108
  5417.755 106.00112     1.641    -3.512               3.456
  5417.800      66.0     1.489    -2.500
  5417.805     607.0     1.657    -3.846               7.650
  5417.817 106.00112     1.827    -4.668               3.456
  5417.823      26.0     4.988    -4.037
  5417.829      58.1     2.373    -1.370
  5417.833      58.1     1.107    -1.460
  5417.887 106.00112     2.667    -3.363               3.456
  5417.999 106.00113     1.618    -3.573               3.456
  5418.002 106.00112     1.827    -4.668               3.456
  5418.005      23.0     3.299    -2.901
  5418.016      40.1     1.756    -1.600
  5418.037      69.1     4.480    -2.900
  5418.039      14.0     5.619    -4.064
  5418.059      26.1     8.234    -4.176
  5418.078 106.00113     1.618    -3.515               3.456
  5418.078      23.0     2.359    -1.439
  5418.089     607.0     0.864    -2.980               7.650
  5418.106     607.0     1.659    -2.848               7.650
  5418.124      14.0     5.619    -2.444
  5418.178 106.00112     1.641    -3.463               3.456
  5418.197     607.0     0.864    -4.241               7.650
  5418.233      42.0     3.957    -0.782
  5418.259      26.0     4.988    -2.934
  5418.269      22.0     3.407    -1.736
  5418.295 106.00113     1.491    -3.426               3.456
  5418.301 106.00112     3.397    -4.105               3.456
  5418.310 106.00112     2.589    -3.378               3.456
  5418.354      58.1     2.167    -1.700
  5418.360 106.00112     2.589    -3.392               3.456
  5418.442 106.00112     2.667    -3.377               3.456
  5418.457 106.00113     1.491    -3.392               3.456
  5418.457      23.0     1.849    -2.195
  5418.460 106.00112     1.828    -3.698               3.456
  5418.462      69.1     4.854    -2.650
  5418.496      58.1     1.274    -3.890
  5418.541      26.1     7.562    -4.493
  5418.542 106.00113     1.618    -3.515               3.456
  5418.592 106.00112     1.816    -4.027               3.456
  5418.607 106.00112     1.828    -3.698               3.456
  5418.699      58.0     0.206    -0.864
  5418.701 106.00112     1.816    -4.027               3.456
  5418.709 106.00113     2.976    -4.415               3.456
  5418.768      22.1     1.582    -2.002
  5418.856      44.0     1.123    -2.200
  5418.903      23.0     2.359    -3.471
  5418.922      24.0     3.847    -3.055
  5418.931     607.0     0.731    -4.448               7.650
  5418.933 106.00112     1.816    -4.520               3.456
  5419.006 106.00112     3.398    -4.116               3.456
  5419.027     607.0     0.731    -2.738               7.650
  5419.041 106.00112     1.816    -4.520               3.456
  5419.057      24.0     4.490    -2.257
  5419.074      62.0     0.498    -1.618
  5419.081     607.0     0.860    -4.071               7.650
  5419.129 106.00113     2.976    -4.404               3.456
  5419.141 106.00112     1.808    -4.506               3.456
  5419.150      66.0     2.589     0.899
  5419.158      26.0     4.186    -3.938
  5419.158      70.1     7.080    -2.690
  5419.164     607.0     0.731    -2.750               7.650
  5419.175     607.0     0.600    -3.556               7.650
  5419.191      22.0     2.345    -2.800
  5419.194 106.00112     1.808    -4.506               3.456
  5419.200      73.0     0.752    -1.800
  5419.218     607.0     0.600    -3.028               7.650
  5419.341      23.0     3.273    -3.141
  5419.350      25.1     6.812    -4.781
  5419.356      20.0     5.967    -4.510
  5419.362     607.0     0.664    -2.575               7.650
  5419.385      74.0     2.787    -1.350
  5419.391      23.0     1.931    -1.672
  5419.409      24.1     3.714    -4.013
  5419.417     607.0     0.664    -3.857               7.650
  5419.441 106.00112     1.817    -4.959               3.456
  5419.483     607.0     0.745    -2.757               7.650
  5419.520 106.00112     1.817    -4.959               3.456
  5419.551     607.0     0.745    -3.659               7.650
  5419.604      22.0     0.826    -4.617
  5419.626 106.00112     1.808    -4.306               3.456
  5419.651     607.0     0.652    -3.840               7.650
  5419.656     607.0     1.601    -3.907               7.650
  5419.663      69.1     3.764    -1.750
  5419.669      22.0     3.678    -2.529
  5419.679 106.00112     1.808    -4.306               3.456
  5419.703     607.0     0.652    -2.576               7.650
  5419.714 106.00112     3.413    -2.894               3.456
  5419.779 106.00113     3.413    -2.894               3.456
  5419.782 106.00112     1.817    -3.842               3.456
  5419.783     607.0     1.601    -2.549               7.650
  5419.848     607.0     0.632    -4.157               7.650
  5419.856      64.1     1.314    -1.430
  5419.860      70.1     7.393    -2.320
  5419.861 106.00112     1.817    -3.842               3.456
  5419.864      24.1     8.788    -4.016
  5419.890      25.1     6.133    -4.155
  5419.913      69.1     4.368    -2.410
  5419.933     607.0     0.632    -3.111               7.650
  5419.933      58.1     1.582    -2.870
  5420.017 106.00113     1.290    -3.928               3.456
  5420.023     607.0     0.820    -3.309               7.650
  5420.027      22.0     3.305    -2.730
  5420.037 106.00112     1.490    -3.426               3.456
  5420.054      24.0     3.845    -0.975
  5420.125 106.00113     2.197    -3.960               3.456
  5420.126      22.0     0.900    -4.429
  5420.127      22.0     2.506    -3.268
  5420.128 106.00113     2.197    -3.974               3.456
  5420.205 106.00112     3.413    -2.882               3.456
  5420.219 106.00113     1.291    -3.928               3.456
  5420.246 106.00112     1.490    -3.392               3.456
  5420.249 106.00112     1.541    -4.410               3.456
  5420.249 106.00112     1.541    -4.410               3.456
  5420.256      25.0     2.143    -3.016
  5420.261      25.0     2.143    -2.986
  5420.270      25.0     2.143    -2.731
  5420.272      25.0     2.143    -3.764
  5420.281      25.0     2.143    -2.810
  5420.295      25.0     2.143    -2.509
  5420.298      25.0     2.143    -3.685
  5420.311      25.0     2.143    -2.743
  5420.329      25.0     2.143    -2.325
  5420.333      25.0     2.143    -3.810
  5420.340     607.0     1.657    -3.844               7.650
  5420.351      25.0     2.143    -2.769
  5420.355     607.0     1.659    -4.327               7.650
  5420.374      25.0     2.143    -2.167
  5420.379      25.0     2.143    -4.162
  5420.382      58.0     0.589     0.011
  5420.396 106.00112     1.809    -4.977               3.456
  5420.402      25.0     2.143    -2.945
  5420.411      23.0     1.950    -2.364
  5420.428 106.00112     1.809    -4.977               3.456
  5420.429      25.0     2.143    -2.027
  5420.455     607.0     1.657    -2.020               7.650
  5420.458 106.00113     3.413    -2.882               3.456
  5420.467     607.0     1.788    -4.010               7.650
  5420.504     607.0     1.659    -2.843               7.650
  5420.505 106.00112     2.281    -3.572               3.456
  5420.566 106.00112     2.281    -3.587               3.456
  5420.602 106.00113     1.537    -4.013               3.456
  5420.607 106.00113     1.291    -4.984               3.456
  5420.615      70.1     7.370    -1.150
  5420.646      60.0     0.839    -0.420
  5420.655     607.0     1.725    -3.295               7.650
  5420.722 106.00113     1.381    -3.469               3.456
  5420.731 106.00113     1.598    -3.647               3.456
  5420.737      21.1     7.136    -4.045
  5420.745      58.1     1.520    -2.840
  5420.749 106.00112     1.541    -3.929               3.456
  5420.749 106.00112     1.541    -3.929               3.456
  5420.760      24.1     8.618    -4.699
  5420.763      66.0     1.239    -1.135
  5420.772 106.00113     1.291    -4.984               3.456
  5420.790 106.00113     1.538    -3.889               3.456
  5420.792      69.1     4.736    -0.760
  5420.807 106.00113     2.279    -3.249               3.456
  5420.813      24.0     4.618    -2.241
  5420.825 106.00112     1.618    -3.573               3.456
  5420.837 106.00113     2.246    -3.280               3.456
  5420.878      24.0     4.468    -2.977
  5420.881 106.00112     1.809    -4.097               3.456
  5420.905      58.1     1.365    -3.280
  5420.912      69.1     3.884    -1.660
  5420.913 106.00112     1.809    -4.097               3.456
  5420.919 106.00113     1.381    -3.449               3.456
  5420.922      24.1     3.758    -2.558
  5420.925      25.1     6.671    -3.311
  5420.937      22.0     0.826    -3.827
  5420.963 106.00113     2.314    -3.222               3.456
  5420.992 106.00113     1.080    -3.891               3.456
  5421.004 106.00113     2.216    -3.315               3.456
  5421.016 106.00113     1.291    -3.849               3.456
  5421.020     607.0     0.864    -2.968               7.650
  5421.030      20.0     5.390    -4.348
  5421.050      56.1     5.722    -2.100
  5421.063      63.0     2.060    -0.160
  5421.131 106.00113     1.598    -3.647               3.456
  5421.145 106.00113     2.279    -3.222               3.456
  5421.166      69.1     5.104    -2.320
  5421.168      14.0     5.619    -1.995
  5421.176      64.0     0.213    -1.611
  5421.181 106.00113     1.291    -3.849               3.456
  5421.181 106.00113     2.247    -3.250               3.456
  5421.192 106.00113     1.598    -4.951               3.456
  5421.278 106.00113     2.188    -3.355               3.456
  5421.284 106.00113     2.314    -3.198               3.456
  5421.292      58.0     0.850    -0.730
  5421.317      24.0     4.532    -2.895
  5421.322      23.0     3.283    -2.778
  5421.333 106.00113     2.351    -3.197               3.456
  5421.354 106.00112     1.618    -3.573               3.456
  5421.372 106.00113     2.216    -3.280               3.456
  5421.377      58.0     1.525    -0.260
  5421.383      14.0     5.619    -3.513
  5421.392 106.00112     1.618    -3.515               3.456
  5421.397      26.0     3.642    -3.304
  5421.401 106.00113     2.591    -3.378               3.456
  5421.423      22.0     3.691    -1.911
  5421.431 106.00113     1.598    -3.577               3.456
  5421.478      23.0     1.804    -4.786
  5421.507 106.00112     1.491    -3.426               3.456
  5421.510      69.1     4.839    -1.700
  5421.526      58.1     1.355    -3.940
  5421.533 106.00113     1.080    -3.846               3.456
  5421.551      60.1     0.380    -1.219
  5421.563      62.0     0.282    -1.137
  5421.592 106.00112     1.491    -3.392               3.456
  5421.592 106.00113     1.598    -4.951               3.456
  5421.627 106.00113     2.163    -3.400               3.456
  5421.651 106.00113     2.351    -3.176               3.456
  5421.654      23.0     2.565    -1.163
  5421.654      23.0     3.224    -1.661
  5421.669 106.00113     2.189    -3.315               3.456
  5421.670      69.0     2.336    -2.110
  5421.730 106.00113     1.080    -3.891               3.456
  5421.750      26.0     3.252    -4.712
  5421.766      23.0     1.945    -4.148
  5421.775 106.00113     1.598    -3.577               3.456
  5421.822      58.1     3.822    -2.660
  5421.836      90.1     0.868    -1.946
  5421.847      26.0     5.100    -4.139
  5421.850      26.0     4.549    -1.910
  5421.857 106.00112     1.618    -3.515               3.456
  5421.860 106.00113     2.591    -3.392               3.456
  5421.880      40.0     2.160    -0.860
  5421.880      25.0     5.087    -2.505
  5421.895      71.0     0.247    -1.870
  5421.919      25.1     6.128    -2.184
  5421.930      24.0     4.440    -4.122
  5421.942      24.0     3.847    -2.973
  5421.944     607.0     0.574    -3.911               7.650
  5421.954      27.0     4.240    -1.109
  5421.969 106.00113     2.390    -3.175               3.456
  5421.981     607.0     0.689    -3.662               7.650
  5422.019 106.00113     2.140    -3.453               3.456
  5422.027      70.1     5.954    -2.850
  5422.051 106.00113     2.163    -3.356               3.456
  5422.086 106.00113     2.217    -3.315               3.456
  5422.098 106.00113     2.247    -3.280               3.456
  5422.104 106.00113     2.514    -3.408               3.456
  5422.118      58.1     1.456    -1.830
  5422.127 106.00113     2.514    -3.393               3.456
  5422.140      66.0     1.489    -2.040
  5422.150      26.0     4.320    -2.390
  5422.154      58.0     0.821    -1.022
  5422.192 106.00113     2.189    -3.355               3.456
  5422.192 106.00113     1.080    -3.846               3.456
  5422.199     607.0     1.495    -4.234               7.650
  5422.231      58.0     0.589    -1.252
  5422.257 106.00112     2.979    -4.404               3.456
  5422.257 106.00113     2.280    -3.249               3.456
  5422.264      58.0     0.691    -0.888
  5422.280 106.00113     2.390    -3.156               3.456
  5422.286      69.1     4.856    -3.500
  5422.295      58.1     0.709    -2.210
  5422.310      21.0     2.320    -2.088
  5422.310     607.0     0.619    -2.987               7.650
  5422.321 106.00113     2.247    -3.250               3.456
  5422.348 106.00113     2.217    -3.280               3.456
  5422.348      27.0     4.058    -1.524
  5422.380      22.0     3.559    -0.310
  5422.383 106.00113     2.163    -3.400               3.456
  5422.409      58.1     2.213    -2.580
  5422.416      41.0     1.354    -1.640
  5422.416      21.1     4.850    -2.633
  5422.424 106.00113     2.120    -3.515               3.456
  5422.442     607.0     0.561    -4.478               7.650
  5422.460 106.00113     2.140    -4.988               3.456
  5422.460 106.00113     2.280    -3.222               3.456
  5422.463      22.1     1.572    -3.661
  5422.483 106.00113     2.140    -3.402               3.456
  5422.484      22.0     3.154    -2.869
  5422.486 106.00113     2.189    -3.315               3.456
  5422.536     607.0     1.788    -4.006               7.650
  5422.563      23.0     2.583    -2.400
  5422.607 106.00113     2.314    -3.222               3.456
  5422.607     607.0     1.725    -4.875               7.650
  5422.630 106.00113     2.140    -3.453               3.456
  5422.679      26.1     8.259    -3.467
  5422.686      23.0     2.678    -4.391
  5422.707     607.0     0.820    -3.302               7.650
  5422.712      70.1     6.847    -2.390
  5422.716      23.0     2.581    -2.911
  5422.721 106.00113     2.163    -3.356               3.456
  5422.778     607.0     1.725    -3.290               7.650
  5422.783 106.00113     2.314    -3.198               3.456
  5422.816 106.00113     2.101    -3.591               3.456
  5422.818      70.1     6.137    -3.860
  5422.848 106.00113     2.120    -4.929               3.456
  5422.869      74.0     2.787    -1.570
  5422.889 106.00112     2.979    -4.415               3.456
  5422.904 106.00113     2.120    -3.515               3.456
  5422.910 106.00113     2.431    -3.156               3.456
  5422.919     607.0     1.039    -4.638               7.650
  5422.942 106.00112     3.436    -4.109               3.456
  5422.945 106.00113     2.120    -3.455               3.456
  5423.019 106.00113     2.140    -3.402               3.456
  5423.072 106.00113     2.140    -4.988               3.456
  5423.086 106.00113     3.397    -4.105               3.456
  5423.116 106.00112     2.197    -3.960               3.456
  5423.166 106.00113     2.086    -3.689               3.456
  5423.177 106.00113     2.102    -3.591               3.456
  5423.183 106.00113     2.351    -3.197               3.456
  5423.190      24.0     4.533    -2.474
  5423.198      69.1     4.847    -1.680
  5423.219 106.00112     2.197    -3.974               3.456
  5423.219 106.00113     2.431    -3.139               3.456
  5423.222 106.00113     2.101    -4.848               3.456
  5423.260 106.00113     1.382    -3.469               3.456
  5423.277 106.00113     1.382    -3.449               3.456
  5423.322      66.0     0.000    -1.447
  5423.327 106.00113     2.120    -4.929               3.456
  5423.336 106.00113     2.351    -3.176               3.456
  5423.342 106.00113     3.398    -4.116               3.456
  5423.357      92.0     0.714    -1.665
  5423.360 106.00113     2.120    -3.455               3.456
  5423.410 106.00113     2.102    -3.519               3.456
  5423.417      24.0     5.347    -3.419
  5423.419 106.00112     1.290    -3.928               3.456
  5423.419 106.00112     3.436    -4.098               3.456
  5423.425 106.00113     2.086    -3.689               3.456
  5423.428      58.0     0.548    -0.709
  5423.439 106.00113     2.073    -3.822               3.456
  5423.492      58.1     0.875    -2.360
  5423.510 106.00113     2.055    -4.526               3.456
  5423.522 106.00113     0.910    -4.291               3.456
  5423.529      69.1     4.288    -1.020
  5423.533     607.0     0.609    -3.562               7.650
  5423.533 106.00113     1.581    -3.742               3.456
  5423.540     607.0     1.564    -2.376               7.650
  5423.557 106.00113     2.055    -4.526               3.456
  5423.569 106.00113     2.086    -4.754               3.456
  5423.577     607.0     0.609    -3.002               7.650
  5423.583 106.00113     2.102    -4.848               3.456
  5423.598 106.00113     2.063    -4.034               3.456
  5423.613 106.00113     2.073    -3.822               3.456
  5423.622 106.00112     1.291    -3.928               3.456
  5423.632     607.0     0.745    -2.736               7.650
  5423.633 106.00113     2.283    -3.572               3.456
  5423.635      64.1     2.280    -1.050
  5423.639       8.1    26.554    -3.606
  5423.648      23.1     6.334    -3.292
  5423.701 106.00113     2.063    -4.034               3.456
  5423.719 106.00113     2.102    -3.519               3.456
  5423.739      26.0     3.695    -3.102
  5423.816 106.00112     1.381    -3.469               3.456
  5423.822 106.00113     1.581    -3.742               3.456
  5423.828 106.00113     2.086    -4.754               3.456
  5423.830      22.0     3.409    -3.941
  5423.857 106.00113     2.073    -4.649               3.456
  5423.866 106.00113     2.086    -3.597               3.456
  5423.881 106.00113     0.910    -4.257               3.456
  5423.884 106.00113     2.073    -4.980               3.456
  5423.897     607.0     0.991    -3.558               7.650
  5423.907 106.00112     1.381    -3.449               3.456
  5423.922      74.0     2.458    -1.900
  5423.942 106.00112     2.279    -3.249               3.456
  5423.969 106.00113     1.455    -3.465               3.456
  5423.975      72.0     2.784    -0.710
  5423.975     607.0     0.664    -3.849               7.650
  5423.983     607.0     0.677    -2.557               7.650
  5423.984 106.00113     1.581    -4.861               3.456
  5424.008      90.0     1.291    -1.208
  5424.022 106.00113     2.073    -4.980               3.456
  5424.028 106.00113     2.390    -3.175               3.456
  5424.030     607.0     0.664    -2.557               7.650
  5424.031 106.00113     2.073    -4.649               3.456
  5424.031 106.00112     2.246    -3.280               3.456
  5424.031 106.00112     2.314    -3.222               3.456
  5424.040     607.0     0.677    -3.865               7.650
  5424.048 106.00113     2.283    -3.587               3.456
  5424.051      45.0     3.649     0.600
  5424.051 106.00113     2.063    -4.493               3.456
  5424.051      47.1    15.717     0.210
  5424.060      23.0     2.359    -0.330
  5424.066 106.00113     2.055    -4.273               3.456
  5424.068      26.0     4.320     0.390
  5424.081 106.00113     2.086    -3.597               3.456
  5424.095 106.00112     2.591    -3.378               3.456
  5424.113 106.00113     2.055    -4.273               3.456
  5424.128 106.00112     1.598    -3.647               3.456
  5424.129     607.0     0.878    -4.079               7.650
  5424.142      26.0     4.076    -2.456
  5424.154 106.00113     2.063    -4.493               3.456
  5424.160 106.00113     2.390    -3.156               3.456
  5424.167     607.0     0.651    -3.107               7.650
  5424.181 106.00112     1.291    -4.984               3.456
  5424.201 106.00113     2.474    -3.139               3.456
  5424.207      69.1     3.618    -2.400
  5424.213 106.00112     2.279    -3.222               3.456
  5424.242     607.0     0.760    -2.743               7.650
  5424.251 106.00113     2.063    -4.940               3.456
  5424.254 106.00112     2.216    -3.315               3.456
  5424.266      23.1     6.784    -4.175
  5424.269      58.1     3.599    -3.270
  5424.272 106.00113     1.581    -4.861               3.456
  5424.275      66.0     2.172     0.060
  5424.281      23.0     1.893    -1.830
  5424.284 106.00112     2.314    -3.198               3.456
  5424.290 106.00113     1.456    -3.427               3.456
  5424.293 106.00112     1.080    -3.891               3.456
  5424.299 106.00113     2.073    -3.699               3.456
  5424.312     607.0     0.760    -3.667               7.650
  5424.316 106.00112     1.598    -4.951               3.456
  5424.316 106.00112     2.247    -3.250               3.456
  5424.325 106.00113     2.063    -4.940               3.456
  5424.334 106.00112     2.351    -3.197               3.456
  5424.346 106.00112     1.291    -3.849               3.456
  5424.346 106.00112     1.291    -4.984               3.456
  5424.354 106.00113     1.581    -3.654               3.456
  5424.361      39.0     1.919    -0.220
  5424.399      69.1     3.766    -3.560
  5424.437 106.00113     2.073    -3.699               3.456
  5424.481      26.0     4.966    -3.197
  5424.486      58.1     2.764    -1.100
  5424.510 106.00112     1.291    -3.849               3.456
  5424.516 106.00113     2.474    -4.032               3.456
  5424.528 106.00112     1.598    -3.647               3.456
  5424.531      28.0     4.167    -1.279
  5424.554      56.0     1.521     0.000
  5424.555 106.00113     2.055    -4.958               3.456
  5424.556     607.0     1.535    -4.657               7.650
  5424.564      20.0     5.299    -3.675
  5424.566 106.00112     2.216    -3.280               3.456
  5424.572      28.1     6.473    -1.988
  5424.575 106.00112     2.351    -3.176               3.456
  5424.578 106.00112     2.188    -3.355               3.456
  5424.581 106.00113     2.055    -4.958               3.456
  5424.596 106.00113     1.581    -3.654               3.456
  5424.607      58.1     0.792    -1.970
  5424.628 106.00112     2.591    -3.392               3.456
  5424.634      70.1     5.613    -0.840
  5424.642      28.0     1.951    -2.770
  5424.669 106.00113     3.436    -4.109               3.456
  5424.705 106.00113     2.063    -3.843               3.456
  5424.711      45.0     1.484    -2.050
  5424.717 106.00112     1.598    -4.951               3.456
  5424.725 106.00112     1.080    -3.846               3.456
  5424.749     607.0     0.689    -4.946               7.650
  5424.778 106.00113     2.063    -3.843               3.456
  5424.790 106.00112     1.598    -3.577               3.456
  5424.826      23.1     4.244    -3.970
  5424.833      24.0     4.855    -3.500
  5424.866     607.0     0.689    -3.656               7.650
  5424.869      70.1     5.724    -3.020
  5424.887      21.0     5.559    -3.192
  5424.893 106.00112     2.390    -3.175               3.456
  5424.896 106.00112     2.514    -3.393               3.456
  5424.920 106.00112     2.189    -3.315               3.456
  5424.934 106.00112     3.415    -2.882               3.456
  5424.937      26.0     4.966    -4.673
  5424.945      69.1     4.847    -0.800
  5424.946 106.00112     2.514    -3.408               3.456
  5424.947      24.0     3.850    -3.494
  5424.976 106.00112     2.163    -3.400               3.456
  5425.032 106.00112     1.080    -3.891               3.456
  5425.069      20.0     5.300    -3.262
  5425.114 106.00113     2.055    -4.102               3.456
  5425.123 106.00113     0.911    -4.291               3.456
  5425.126 106.00112     2.390    -3.156               3.456
  5425.135 106.00112     1.598    -3.577               3.456
  5425.140 106.00113     2.055    -4.102               3.456
  5425.149       6.0     8.771    -2.830
  5425.182 106.00113     2.432    -3.156               3.456
  5425.188 106.00113     3.415    -2.882               3.456
  5425.196 106.00113     1.314    -3.840               3.456
  5425.205 106.00112     3.416    -2.894               3.456
  5425.209     607.0     0.752    -2.738               7.650
  5425.229 106.00113     1.456    -3.465               3.456
  5425.257      26.1     3.199    -3.390
  5425.270 106.00113     3.416    -2.894               3.456
  5425.294 106.00112     2.247    -3.280               3.456
  5425.294 106.00113     2.432    -3.139               3.456
  5425.298      69.1     4.338    -2.930
  5425.307     607.0     0.752    -4.457               7.650
  5425.335 106.00113     1.314    -3.810               3.456
  5425.338 106.00112     2.217    -3.315               3.456
  5425.352 106.00112     2.163    -3.356               3.456
  5425.352 106.00113     0.911    -4.257               3.456
  5425.385 106.00112     1.080    -3.846               3.456
  5425.394 106.00112     2.280    -3.249               3.456
  5425.403      20.0     5.321    -3.544
  5425.408 106.00112     2.140    -3.453               3.456
  5425.438 106.00113     1.456    -3.427               3.456
  5425.444 106.00113     3.436    -4.098               3.456
  5425.450      45.0     3.649     0.100
  5425.458 106.00112     2.247    -3.250               3.456
  5425.482      24.1     3.871    -4.616
  5425.494 106.00112     2.189    -3.355               3.456
  5425.529 106.00112     2.280    -3.222               3.456
  5425.532      24.0     4.402    -3.373
  5425.543      20.0     5.390    -3.055
  5425.544 106.00112     2.140    -4.988               3.456
  5425.544 106.00112     2.217    -3.280               3.456
  5425.567      21.0     2.001    -0.799
  5425.591       6.0     8.771    -2.760
  5425.597 106.00113     2.979    -4.404               3.456
  5425.603      69.1     4.030    -1.880
  5425.623      27.0     4.072    -0.182
  5425.647      27.0     2.718    -3.459
  5425.676 106.00112     2.314    -3.222               3.456
  5425.678      90.1     1.188    -1.721
  5425.732 106.00112     2.163    -3.400               3.456
  5425.738 106.00112     2.189    -3.315               3.456
  5425.756 106.00112     2.431    -3.156               3.456
  5425.785 106.00112     2.314    -3.198               3.456
  5425.794 106.00113     2.979    -4.415               3.456
  5425.798      58.1     0.910    -2.310
  5425.832 106.00112     2.140    -3.402               3.456
  5425.838 106.00113     1.566    -3.872               3.456
  5425.850 106.00112     2.120    -3.515               3.456
  5425.900 106.00113     2.519    -4.032               3.456
  5425.983 106.00112     2.431    -3.139               3.456
  5426.006 106.00112     2.120    -4.929               3.456
  5426.021 106.00112     2.140    -3.453               3.456
  5426.024 106.00112     2.163    -3.356               3.456
  5426.033 106.00113     1.567    -3.872               3.456
  5426.075     607.0     0.887    -2.971               7.650
  5426.095      23.1     3.758    -2.390
  5426.112      69.1     4.854    -0.580
  5426.156 106.00112     2.140    -4.988               3.456
  5426.158      26.1     9.962    -4.409
  5426.165      23.0     2.581    -3.335
  5426.165 106.00112     3.319    -4.126               3.456
  5426.180      25.0     2.941    -3.305
  5426.186 106.00112     2.351    -3.197               3.456
  5426.186     607.0     0.887    -4.247               7.650
  5426.212 106.00112     3.319    -4.115               3.456
  5426.218 106.00113     2.519    -4.086               3.456
  5426.248      22.0     0.021    -2.944
  5426.262 106.00112     2.351    -3.176               3.456
  5426.268 106.00112     1.382    -3.449               3.456
  5426.274 106.00112     2.101    -3.591               3.456
  5426.295 106.00113     1.566    -4.753               3.456
  5426.330 106.00112     2.120    -3.515               3.456
  5426.336 106.00112     2.120    -3.455               3.456
  5426.348     607.0     0.991    -3.549               7.650
  5426.357 106.00112     1.382    -3.469               3.456
  5426.368 106.00112     2.140    -3.402               3.456
  5426.373      58.0     0.028    -1.409
  5426.380      40.0     2.081    -1.060
  5426.421      70.1     6.719    -2.680
  5426.451 106.00112     2.101    -4.848               3.456
  5426.486 106.00112     2.120    -4.929               3.456
  5426.489 106.00113     1.567    -4.753               3.456
  5426.500      69.0     2.338    -1.750
  5426.535     607.0     1.564    -3.564               7.650
  5426.550      22.0     3.724    -2.322
  5426.557 106.00112     2.283    -3.572               3.456
  5426.600      58.0     0.396    -1.045
  5426.636 106.00112     2.102    -3.591               3.456
  5426.639     607.0     1.564    -2.370               7.650
  5426.651 106.00112     2.086    -3.689               3.456
  5426.666 106.00112     0.910    -4.291               3.456
  5426.676     607.0     0.582    -3.913               7.650
  5426.688     607.0     0.752    -4.455               7.650
  5426.692 106.00113     2.475    -3.139               3.456
  5426.695      66.1     2.544    -0.160
  5426.716      27.0     4.475    -1.878
  5426.720      22.0     3.392    -2.019
  5426.734      27.0     1.956    -3.597
  5426.740      25.0     4.660    -4.227
  5426.751 106.00112     2.120    -3.455               3.456
  5426.786     607.0     0.752    -2.728               7.650
  5426.787 106.00113     2.475    -4.032               3.456
  5426.798      26.0     3.415    -5.108
  5426.813 106.00112     2.102    -4.848               3.456
  5426.817      58.1     3.708    -2.040
  5426.837 106.00112     2.102    -3.519               3.456
  5426.843 106.00113     1.567    -3.753               3.456
  5426.843      58.1     1.676    -1.990
  5426.863 106.00112     2.086    -4.754               3.456
  5426.875      70.1     6.165     0.030
  5426.876      42.0     2.076    -2.056
  5426.878 106.00112     0.910    -4.257               3.456
  5426.886      69.1     4.288    -1.720
  5426.905      24.1     4.156    -4.524
  5426.910 106.00112     2.086    -3.689               3.456
  5426.930      63.0     1.944    -0.100
  5426.949 106.00112     2.073    -3.822               3.456
  5426.952 106.00112     1.537    -4.013               3.456
  5426.955 106.00112     2.390    -3.175               3.456
  5426.963 106.00112     1.581    -3.742               3.456
  5426.966 106.00112     2.474    -3.139               3.456
  5426.999 106.00113     1.567    -3.753               3.456
  5427.008 106.00112     2.390    -3.156               3.456
  5427.022      21.0     3.101    -1.699
  5427.046 106.00112     2.055    -4.526               3.456
  5427.058 106.00112     2.283    -3.587               3.456
  5427.090 106.00113     2.200    -3.960               3.456
  5427.093 106.00112     2.055    -4.526               3.456
  5427.123 106.00112     2.086    -4.754               3.456
  5427.123 106.00112     2.073    -3.822               3.456
  5427.123 106.00112     2.063    -4.034               3.456
  5427.140       6.0     8.771    -2.750
  5427.146 106.00112     2.102    -3.519               3.456
  5427.164      23.0     2.365    -1.022
  5427.173 106.00112     1.538    -3.889               3.456
  5427.187 106.00112     1.581    -4.861               3.456
  5427.190      27.0     4.175    -2.078
  5427.193 106.00112     2.474    -4.032               3.456
  5427.208 106.00112     2.073    -4.649               3.456
  5427.222     607.0     0.630    -2.963               7.650
  5427.224      26.1     7.473    -4.867
  5427.226 106.00112     2.063    -4.034               3.456
  5427.243      59.0     1.083     0.016
  5427.245      26.0     3.274    -4.221
  5427.249      25.0     4.273    -3.826
  5427.249      25.0     4.273    -3.228
  5427.252 106.00112     1.581    -3.742               3.456
  5427.255 106.00112     1.455    -3.465               3.456
  5427.265      58.0     0.467    -0.790
  5427.281      22.0     3.161    -3.492
  5427.302      42.0     3.782    -1.392
  5427.326 106.00112     2.086    -3.597               3.456
  5427.343     607.0     1.478    -3.886               7.650
  5427.376 106.00112     3.438    -4.098               3.456
  5427.382 106.00112     2.073    -4.649               3.456
  5427.408      27.0     4.259    -1.369
  5427.455 106.00112     2.063    -4.493               3.456
  5427.470      22.0     3.399    -1.853
  5427.476 106.00112     1.581    -4.861               3.456
  5427.508 106.00112     1.456    -3.427               3.456
  5427.517 106.00112     2.055    -4.273               3.456
  5427.526 106.00112     2.073    -4.980               3.456
  5427.533      42.0     2.934    -1.616
  5427.541 106.00112     2.086    -3.597               3.456
  5427.559 106.00112     2.063    -4.493               3.456
  5427.559 106.00113     2.200    -3.974               3.456
  5427.564 106.00112     2.055    -4.273               3.456
  5427.565      58.1     1.412    -1.430
  5427.585      23.0     3.315    -2.840
  5427.591      44.0     3.542     0.150
  5427.600 106.00113     1.555    -4.076               3.456
  5427.641 106.00112     3.438    -4.109               3.456
  5427.662     607.0     0.651    -4.165               7.650
  5427.665 106.00112     2.073    -4.980               3.456
  5427.700      27.0     4.064    -2.525
  5427.701     607.0     1.681    -2.020               7.650
  5427.706      25.1     6.128    -3.469
  5427.715 106.00113     1.555    -4.076               3.456
  5427.738 106.00113     2.517    -3.393               3.456
  5427.747      70.1     5.910    -3.390
  5427.749     607.0     0.651    -3.099               7.650
  5427.756 106.00112     1.581    -3.654               3.456
  5427.785 106.00112     2.073    -3.699               3.456
  5427.820     607.0     1.681    -3.852               7.650
  5427.826      26.1     6.724    -1.581
  5427.883 106.00112     2.063    -4.940               3.456
  5427.888       6.0     8.771    -2.520
  5427.924 106.00112     2.073    -3.699               3.456
  5427.956 106.00112     2.063    -4.940               3.456
  5427.975      24.0     3.850    -2.195
  5427.979      24.0     3.551    -3.508
  5427.998 106.00112     1.581    -3.654               3.456
  5428.001      27.0     4.064    -2.016
  5428.030 106.00112     2.432    -3.156               3.456
  5428.060 106.00113     2.566    -4.086               3.456
  5428.060 106.00112     2.432    -3.139               3.456
  5428.085     607.0     0.619    -3.570               7.650
  5428.093      15.0     7.404    -1.800
  5428.098 106.00113     1.555    -4.604               3.456
  5428.132     607.0     0.619    -2.977               7.650
  5428.136 106.00112     1.314    -3.810               3.456
  5428.139 106.00112     1.314    -3.840               3.456
  5428.169 106.00112     2.055    -4.958               3.456
  5428.175 106.00113     2.517    -3.408               3.456
  5428.195 106.00112     2.055    -4.958               3.456
  5428.213 106.00113     1.555    -4.604               3.456
  5428.216 106.00112     2.063    -3.843               3.456
  5428.259      58.0     1.163    -0.350
  5428.269 106.00112     0.911    -4.291               3.456
  5428.289 106.00112     2.063    -3.843               3.456
  5428.310     607.0     0.760    -2.723               7.650
  5428.330      15.0     7.404    -2.200
  5428.351 106.00112     0.911    -4.257               3.456
  5428.384 106.00113     2.566    -4.075               3.456
  5428.415      22.0     3.709    -1.779
  5428.416      40.0     2.115    -0.810
  5428.456      58.1     3.687    -2.570
  5428.486     607.0     0.677    -3.858               7.650
  5428.516 106.00112     1.456    -3.465               3.456
  5428.543     607.0     0.677    -2.539               7.650
  5428.578      25.0     5.338    -3.148
  5428.578 106.00112     2.519    -4.032               3.456
  5428.608 106.00113     2.520    -4.032               3.456
  5428.640 106.00112     2.055    -4.102               3.456
  5428.658 106.00112     1.456    -3.427               3.456
  5428.667 106.00112     2.055    -4.102               3.456
  5428.667      16.1    13.584    -0.177
  5428.673 106.00113     1.546    -4.541               3.456
  5428.686      26.1     8.431    -4.334
  5428.687 106.00113     2.520    -4.086               3.456
  5428.695      26.0     4.186    -2.299
  5428.702      24.0     5.486    -3.486
  5428.729 106.00113     1.546    -4.541               3.456
  5428.737      70.1     6.847    -3.250
  5428.758 106.00113     2.441    -3.425               3.456
  5428.766      58.1     1.042    -2.530
  5428.779 106.00113     2.441    -3.409               3.456
  5428.790      56.1     5.983    -2.470
  5428.800     607.0     0.690    -2.539               7.650
  5428.802 106.00112     2.519    -4.086               3.456
  5428.822      58.1     1.676    -3.670
  5428.823      58.1     3.736    -3.120
  5428.845      28.0     3.833    -2.111
  5428.858      22.1     7.866    -3.918
  5428.859     607.0     0.690    -3.874               7.650
  5428.870      23.0     3.286    -3.404
  5428.891      58.1     1.813    -0.860
  5428.906 106.00113     1.555    -3.895               3.456
  5428.941 106.00113     1.315    -3.810               3.456
  5428.943     607.0     0.887    -2.960               7.650
  5428.953      69.1     4.956    -2.260
  5428.991 106.00113     1.555    -3.895               3.456
  5429.041 106.00113     1.315    -3.840               3.456
  5429.083      25.0     3.844    -3.280
  5429.138      22.0     2.345    -0.331
  5429.138      22.0     3.709    -3.149
  5429.141     607.0     1.628    -2.547               7.650
  5429.166     607.0     0.776    -2.729               7.650
  5429.176      24.0     4.416    -2.100
  5429.238     607.0     0.776    -3.675               7.650
  5429.274      23.1     2.050    -4.829
  5429.274 106.00113     1.546    -4.387               3.456
  5429.281      60.0     1.202    -0.060
  5429.298 106.00112     1.566    -3.872               3.456
  5429.320      20.0     5.390    -3.921
  5429.329     607.0     0.897    -4.086               7.650
  5429.330 106.00113     1.546    -4.387               3.456
  5429.371 106.00113     3.438    -4.109               3.456
  5429.404 106.00113     3.438    -4.098               3.456
  5429.416      24.1     6.822    -2.988
  5429.419 106.00113     2.204    -3.604               3.456
  5429.419      21.0     1.985    -0.798
  5429.422      58.0     0.295    -1.280
  5429.439 106.00113     2.204    -3.588               3.456
  5429.457      69.1     4.723    -0.850
  5429.460 106.00112     2.475    -3.139               3.456
  5429.463      23.0     2.582    -1.033
  5429.466 106.00112     2.475    -4.032               3.456
  5429.492 106.00112     1.567    -3.872               3.456
  5429.505      26.0     4.188    -1.016
  5429.569 106.00112     1.566    -4.753               3.456
  5429.697      26.0     0.957    -1.879
  5429.737      69.1     4.988    -3.950
  5429.764 106.00112     1.567    -4.753               3.456
  5429.814      58.1     1.930    -2.830
  5429.832      57.0     0.897    -1.030
  5429.832      24.0     5.487    -3.573
  5429.837      70.1     7.693    -1.000
  5429.842      26.0     4.473    -1.137
  5429.893      24.0     3.551    -3.888
  5429.951      58.1     3.371    -3.590
  5429.987      26.1    10.596     0.430
  5429.997 106.00113     1.278    -4.002               3.456