Mn4502pm10
  4492.000      69.0     2.338    -1.290
  4492.003      21.1     7.866    -4.273
  4492.027 106.00112     1.019    -4.417               3.456
  4492.053 106.00113     1.666    -2.172               3.456
  4492.058      42.0     2.646    -2.076
  4492.068      27.0     3.133    -2.163
  4492.084     607.0     1.218    -1.513               7.650
  4492.142 106.00113     1.666    -3.563               3.456
  4492.150 106.00112     3.174    -4.050               3.456
  4492.150 106.00112     2.232    -1.280               3.456
  4492.151      58.1     1.103    -2.860
  4492.157     607.0     0.421    -4.900               7.650
  4492.174 106.00112     3.174    -1.003               3.456
  4492.175     107.0     3.009    -4.842               3.450
  4492.188     607.0     1.205    -3.577               7.650
  4492.210 106.00113     2.743    -1.419               3.456
  4492.217 106.00112     2.232    -3.994               3.456
  4492.229 106.00113     2.743    -1.431               3.456
  4492.230     607.0     0.279    -4.780               7.650
  4492.234      90.1     1.546    -1.320
  4492.239      21.0     2.303    -2.950
  4492.245     607.0     0.279    -4.981               7.650
  4492.246      24.0     4.616    -2.173
  4492.253 106.00112     2.232    -3.994               3.456
  4492.270      69.0     2.164    -1.690
  4492.279 106.00113     1.916    -3.816               3.456
  4492.296      23.0     1.064    -2.637
  4492.305      24.0     3.375    -0.392
  4492.309 106.00112     3.174    -1.013               3.456
  4492.314      74.0     2.121    -1.090
  4492.315      28.0     3.543    -2.884
  4492.319 106.00112     2.232    -1.263               3.456
  4492.345      70.1     7.370    -2.120
  4492.354      58.1     0.701    -2.300
  4492.415      22.1     4.950    -4.829
  4492.416      39.0     1.408    -1.200
  4492.419      59.1     0.422    -1.154
  4492.447      26.0     4.371    -2.386
  4492.459      45.0     1.143    -2.090
  4492.461 106.00112     1.666    -2.222               3.456
  4492.467 106.00113     1.455    -4.583               3.456
  4492.479 106.00113     1.198    -4.467               3.456
  4492.482     107.0     3.009    -4.816               3.450
  4492.492      24.0     3.551    -3.253
  4492.522      23.0     1.868    -2.508
  4492.532      22.0     2.103    -1.205
  4492.554 106.00112     1.666    -3.563               3.456
  4492.602 106.00112     1.598    -4.359               3.456
  4492.610 106.00113     1.333    -4.522               3.456
  4492.632 106.00113     2.232    -3.994               3.456
  4492.649 106.00113     2.941    -4.930               3.456
  4492.653      27.0     4.021    -3.457
  4492.673 106.00113     3.198    -4.930               3.456
  4492.675 106.00112     2.941    -2.158               3.456
  4492.678      26.0     3.984    -1.780
  4492.703     607.0     0.328    -4.673               7.650
  4492.719     607.0     1.218    -1.522               7.650
  4492.768 106.00112     1.666    -2.172               3.456
  4492.771      58.1     1.339    -1.680
  4492.772 106.00112     1.916    -1.572               3.456
  4492.776      23.1     6.295    -3.507
  4492.801     607.0     0.260    -4.897               7.650
  4492.812      58.1     0.869    -1.910
  4492.818 106.00113     2.688    -1.151               3.456
  4492.828 106.00112     1.916    -3.816               3.456
  4492.830 106.00112     2.941    -2.170               3.456
  4492.861      23.0     1.800    -1.965
  4492.867 106.00113     1.917    -3.891               3.456
  4492.877 106.00112     1.598    -4.359               3.456
  4492.891 106.00112     1.916    -3.891               3.456
  4492.901      22.0     1.873    -4.713
  4492.905      59.0     0.353    -0.193
  4492.947      58.1     0.910    -1.850
  4492.947 106.00112     1.916    -1.570               3.456
  4492.959 106.00112     2.941    -4.930               3.456
  4492.964      41.1     2.609    -0.720
  4493.012      23.1     5.840    -2.515
  4493.023      27.0     4.049    -2.556
  4493.036 106.00112     1.666    -2.222               3.456
  4493.055      59.1     0.372    -1.650
  4493.082      69.1     4.081    -2.870
  4493.095 106.00113     3.285    -1.784               3.456
  4493.099      57.0     0.131    -1.440
  4493.129 106.00112     1.666    -3.563               3.456
  4493.135 106.00113     0.709    -2.833               3.456
  4493.151 106.00112     1.198    -4.467               3.456
  4493.167 106.00113     0.693    -2.942               3.456
  4493.184     607.0     0.284    -4.731               7.650
  4493.201     607.0     0.284    -4.976               7.650
  4493.225      58.1     1.014    -1.220
  4493.236 106.00113     2.684    -2.509               3.456
  4493.247      20.0     6.018    -2.964
  4493.272 106.00112     2.883    -2.479               3.456
  4493.276      22.0     2.427    -4.683
  4493.279 106.00113     2.688    -1.162               3.456
  4493.283 106.00112     1.666    -2.172               3.456
  4493.292     107.0     2.963    -4.888               3.450
  4493.309 106.00113     1.848    -1.541               3.456
  4493.314      69.1     4.340    -1.900
  4493.331 106.00113     1.456    -4.583               3.456
  4493.334      90.0     0.000    -1.353
  4493.334      24.1     8.490    -4.492
  4493.337 106.00113     1.917    -1.572               3.456
  4493.371      26.0     3.573    -3.170
  4493.378 106.00112     1.455    -4.583               3.456
  4493.380      23.0     1.800    -1.969
  4493.382 106.00112     1.333    -4.522               3.456
  4493.390 106.00113     1.917    -1.570               3.456
  4493.394 106.00113     3.285    -1.774               3.456
  4493.400      60.1     0.559    -1.030
  4493.402 106.00113     2.684    -2.498               3.456
  4493.406 106.00113     1.848    -1.560               3.456
  4493.411      24.0     4.204    -2.039
  4493.446 106.00112     2.588    -2.508               3.456
  4493.452      58.1     1.404    -1.570
  4493.452 106.00113     0.709    -2.771               3.456
  4493.459     607.0     1.108    -3.927               7.650
  4493.470 106.00113     1.703    -1.802               3.456
  4493.491 106.00113     2.197    -1.323               3.456
  4493.513      22.1     1.080    -3.020
  4493.529      26.1     7.920    -1.562
  4493.531 106.00112     2.588    -2.519               3.456
  4493.532      21.1     7.858    -2.529
  4493.554      58.1     0.960    -2.070
  4493.584 106.00113     2.197    -1.337               3.456
  4493.608 106.00113     1.703    -1.786               3.456
  4493.620 106.00113     0.709    -3.995               3.456
  4493.628 106.00113     0.693    -2.869               3.456
  4493.637      69.1     4.480    -2.880
  4493.638      56.0     1.676    -0.520
  4493.666 106.00112     3.175    -2.452               3.456
  4493.672 106.00113     0.773    -4.351               3.456
  4493.677      58.1     0.893    -1.740
  4493.686     107.0     2.963    -4.869               3.450
  4493.714      24.0     5.280    -0.361
  4493.731 106.00112     2.884    -2.489               3.456
  4493.743 106.00112     3.174    -2.461               3.456
  4493.769 106.00113     0.693    -3.930               3.456
  4493.805     607.0     0.263    -4.802               7.650
  4493.820      58.1     1.339    -2.300
  4493.840 106.00113     3.076    -2.470               3.456
  4493.862 106.00113     1.917    -3.816               3.456
  4493.902      26.0     3.884    -3.263
  4493.937      24.0     3.878    -2.655
  4493.945 106.00113     2.234    -3.994               3.456
  4493.953      70.1     5.073    -1.230
  4493.956      74.0     2.387    -0.620
  4493.96       26.0     4.500    -1.500
  4493.978      26.0     4.652    -4.395
  4493.980      25.0     4.354    -4.175
  4494.010      23.0     2.115    -2.427
  4494.020     607.0     1.295    -4.105               7.650
  4494.024 106.00112     2.688    -1.151               3.456
  4494.028 106.00113     1.703    -3.789               3.456
  4494.036 106.00112     2.982    -2.470               3.456
  4494.050 106.00113     3.076    -2.461               3.456
  4494.052      26.0     3.984    -1.700
  4494.070     107.0     2.963    -4.841               3.450
  4494.084 106.00112     2.786    -2.489               3.456
  4494.094      42.0     3.739    -0.888
  4494.117 106.00113     0.680    -3.084               3.456
  4494.119 106.00113     0.728    -2.746               3.456
  4494.165      22.0     2.427    -3.019
  4494.169 106.00113     1.334    -4.522               3.456
  4494.177      11.0     2.102    -2.000
  4494.217      58.1     0.792    -0.470
  4494.222      26.0     2.728    -5.026
  4494.236      22.0     3.104    -2.876
  4494.242 106.00112     1.456    -4.583               3.456
  4494.244 106.00113     3.174    -4.050               3.456
  4494.254 106.00112     0.773    -4.351               3.456
  4494.259     607.0     0.289    -4.687               7.650
  4494.277     607.0     0.289    -4.973               7.650
  4494.303 106.00112     2.688    -3.946               3.456
  4494.327 106.00113     0.729    -2.693               3.456
  4494.329 106.00112     3.285    -1.784               3.456
  4494.335 106.00113     1.848    -3.874               3.456
  4494.355 106.00112     1.917    -3.891               3.456
  4494.355 106.00112     1.917    -1.572               3.456
  4494.376      24.0     4.618    -1.826
  4494.381      24.0     3.375    -3.572
  4494.412 106.00112     1.917    -3.816               3.456
  4494.412 106.00112     1.917    -1.570               3.456
  4494.418      40.1     2.409    -0.480
  4494.442 106.00113     3.376    -4.930               3.456
  4494.462 106.00112     2.688    -1.162               3.456
  4494.462 106.00112     1.848    -1.541               3.456
  4494.465      26.0     2.949    -3.139
  4494.475      25.1     7.382    -3.685
  4494.489 106.00112     3.285    -4.930               3.456
  4494.493 106.00112     2.982    -2.480               3.456
  4494.497      74.0     2.387    -0.570
  4494.507 106.00112     3.285    -4.930               3.456
  4494.510     607.0     1.069    -3.622               7.650
  4494.516      42.0     3.700    -1.120
  4494.519 106.00112     1.848    -1.560               3.456
  4494.523 106.00113     0.729    -4.040               3.456
  4494.529      41.0     0.740    -1.800
  4494.543      58.1     3.863    -3.890
  4494.543 106.00112     2.786    -2.499               3.456
  4494.549 106.00112     3.648    -2.309               3.456
  4494.563      26.0     2.196    -1.136
  4494.577 106.00112     1.848    -3.874               3.456
  4494.591     607.0     1.335    -3.837               7.650
  4494.596 106.00112     1.703    -1.802               3.456
  4494.604 106.00112     2.197    -3.889               3.456
  4494.652 106.00112     1.703    -3.789               3.456
  4494.666 106.00112     3.285    -1.774               3.456
  4494.693 106.00112     3.467    -2.049               3.456
  4494.697 106.00112     3.376    -4.930               3.456
  4494.699      57.0     0.331    -1.250
  4494.705 106.00112     2.197    -1.323               3.456
  4494.723      27.0     4.049    -3.623
  4494.750      27.0     3.530    -0.817
  4494.761 106.00112     2.197    -1.337               3.456
  4494.771 106.00112     1.703    -1.786               3.456
  4494.778 106.00112     3.467    -2.058               3.456
  4494.778      58.1     0.459    -2.760
  4494.786 106.00113     3.198    -1.795               3.456
  4494.794 106.00113     0.680    -2.997               3.456
  4494.801      26.0     3.984    -4.400
  4494.814      58.1     1.348    -0.830
  4494.826     107.0     2.920    -4.918               3.450
  4494.829      23.0     1.183    -3.630
  4494.855      64.1     0.425    -2.140
  4494.875 106.00113     2.197    -3.889               3.456
  4494.899 106.00112     3.376    -2.031               3.456
  4494.909 106.00113     0.680    -3.873               3.456
  4494.926     607.0     0.266    -4.720               7.650
  4494.934      40.0     1.858    -0.740
  4494.937      58.1     1.206    -2.690
  4494.941 106.00112     1.334    -4.522               3.456
  4494.943 106.00112     3.648    -2.301               3.456
  4494.968      20.0     6.046    -0.784
  4494.992 106.00113     2.684    -3.971               3.456
  4494.992 106.00113     3.672    -4.202               3.456
  4495.012 106.00113     2.234    -1.263               3.456
  4495.020 106.00112     3.376    -2.040               3.456
  4495.022     607.0     1.198    -1.522               7.650
  4495.032      24.0     2.967    -3.011
  4495.075     607.0     1.198    -1.532               7.650
  4495.079 106.00113     2.234    -1.280               3.456
  4495.091 106.00112     3.198    -1.795               3.456
  4495.118      20.0     6.046    -4.772
  4495.118      69.1     4.081    -2.340
  4495.119 106.00113     3.198    -1.784               3.456
  4495.120      62.1     0.333    -2.120
  4495.159     607.0     0.328    -4.660               7.650
  4495.182      20.0     6.046    -4.554
  4495.203      26.1     7.804    -4.215
  4495.213      23.0     2.379    -3.633
  4495.246 106.00112     3.198    -4.930               3.456
  4495.257 106.00112     3.198    -4.930               3.456
  4495.277 106.00113     3.467    -2.049               3.456
  4495.286      24.0     4.106    -0.370
  4495.288     107.0     2.920    -4.898               3.450
  4495.297      74.0     1.868    -1.340
  4495.301      22.0     2.250    -3.293
  4495.307 106.00113     3.467    -2.058               3.456
  4495.315 106.00113     1.704    -1.802               3.456
  4495.321 106.00113     1.704    -1.786               3.456
  4495.341      58.1     1.930    -1.580
  4495.348 106.00113     2.688    -3.946               3.456
  4495.356      77.0     4.100    -0.350
  4495.375      26.0     3.929    -3.192
  4495.384      58.1     0.621    -0.750
  4495.390 106.00113     3.090    -4.014               3.456
  4495.391      26.0     2.885    -3.511
  4495.412 106.00112     3.198    -1.784               3.456
  4495.428      26.0     3.882    -2.600
  4495.449      40.1     1.208    -1.830
  4495.455      22.1     1.180    -3.580
  4495.455      23.0     2.581    -2.062
  4495.459     607.0     0.295    -4.646               7.650
  4495.477     607.0     1.380    -4.916               7.650
  4495.478     607.0     0.295    -4.972               7.650
  4495.500      22.0     2.160    -1.702
  4495.505 106.00112     0.709    -2.833               3.456
  4495.515 106.00112     2.234    -3.994               3.456
  4495.516      26.1     4.732    -4.684
  4495.519 106.00112     3.672    -4.202               3.456
  4495.530      58.1     0.320    -2.620
  4495.533      69.1     4.481    -2.720
  4495.540      24.0     3.878    -2.130
  4495.554 106.00112     0.693    -2.942               3.456
  4495.567      26.0     3.602    -2.250
  4495.573      58.1     0.960    -2.100
  4495.582 106.00112     2.234    -1.263               3.456
  4495.596      58.1     3.395    -3.450
  4495.616 106.00113     3.285    -4.930               3.456
  4495.633     607.0     1.295    -4.098               7.650
  4495.661 106.00112     2.234    -1.280               3.456
  4495.728 106.00112     2.234    -3.994               3.456
  4495.749     607.0     1.177    -4.443               7.650
  4495.754     107.0     2.920    -4.869               3.450
  4495.760      24.0     5.277    -0.464
  4495.800      22.0     3.186    -3.442
  4495.841 106.00113     0.670    -3.295               3.456
  4495.873 106.00113     1.704    -3.789               3.456
  4495.953      26.0     3.654    -1.850
  4495.976 106.00112     0.709    -3.995               3.456
  4495.988 106.00112     0.709    -2.771               3.456
  4496.031      77.0     4.238    -0.480
  4496.036     607.0     0.421    -4.886               7.650
  4496.047 106.00113     1.082    -4.424               3.456
  4496.058      23.0     1.950    -0.140
  4496.140 106.00112     0.693    -3.930               3.456
  4496.144 106.00113     2.234    -3.994               3.456
  4496.145      22.0     1.749    -0.180
  4496.150 106.00112     0.693    -2.869               3.456
  4496.174      20.0     2.933    -2.717
  4496.195      21.0     4.694    -2.433
  4496.195      21.0     4.694    -3.667
  4496.202      22.0     3.178    -3.956
  4496.214      58.1     1.090    -0.560
  4496.221 106.00113     0.751    -2.675               3.456
  4496.234      22.0     0.021    -2.630
  4496.256      58.1     1.042    -0.800
  4496.267      26.0     2.588    -4.084
  4496.282      69.1     4.003    -3.300
  4496.296 106.00113     3.289    -4.930               3.456
  4496.298     107.0     2.879    -4.950               3.450
  4496.301      69.1     4.660    -2.640
  4496.302 106.00112     2.688    -2.498               3.456
  4496.316      90.1     2.469    -0.410
  4496.346 106.00113     0.751    -2.628               3.456
  4496.355      20.0     5.299    -2.998
  4496.391      68.0     0.954    -0.144
  4496.426      75.0     2.450    -1.310
  4496.433      14.0     5.082    -2.500
  4496.441 106.00112     1.704    -1.802               3.456
  4496.458      59.1     0.055    -0.398
  4496.476 106.00112     0.728    -2.746               3.456
  4496.480     607.0     1.335    -3.828               7.650
  4496.481     607.0     0.270    -4.648               7.650
  4496.486 106.00112     1.704    -1.786               3.456
  4496.492      73.0     0.249    -2.470
  4496.498 106.00112     1.704    -3.789               3.456
  4496.514 106.00112     2.684    -1.030               3.456
  4496.517      25.0     4.794    -2.432
  4496.522 106.00112     0.680    -3.084               3.456
  4496.534      26.0     4.607    -3.534
  4496.550      58.1     1.855    -1.210
  4496.555 106.00113     2.684    -1.030               3.456
  4496.565 106.00112     3.080    -2.461               3.456
  4496.569 106.00113     0.751    -4.091               3.456
  4496.626      25.0     4.640    -0.880
  4496.627 106.00112     2.684    -3.971               3.456
  4496.634 106.00113     2.588    -2.519               3.456
  4496.637      69.1     3.295    -1.560
  4496.640 106.00112     2.684    -3.971               3.456
  4496.680 106.00112     3.090    -4.014               3.456
  4496.686 106.00112     1.082    -4.424               3.456
  4496.702      20.0     5.300    -2.529
  4496.725 106.00113     2.781    -1.139               3.456
  4496.749      27.0     2.280    -3.810
  4496.753 106.00112     2.684    -1.018               3.456
  4496.759 106.00112     2.688    -2.509               3.456
  4496.771 106.00113     0.775    -4.351               3.456
  4496.772      22.0     2.092    -1.808
  4496.781     607.0     0.302    -4.609               7.650
  4496.791 106.00113     2.588    -2.508               3.456
  4496.802     607.0     0.302    -4.973               7.650
  4496.803 106.00112     3.090    -0.859               3.456
  4496.814 106.00113     2.781    -1.150               3.456
  4496.826      25.0     4.660    -2.325
  4496.834 106.00112     3.090    -0.869               3.456
  4496.834     107.0     2.879    -4.930               3.450
  4496.836 106.00113     2.684    -1.018               3.456
  4496.842      23.0     1.853    -0.610
  4496.852      24.0     0.941    -1.150
  4496.868 106.00112     0.729    -4.040               3.456
  4496.868     607.0     1.380    -4.910               7.650
  4496.882 106.00112     0.729    -2.693               3.456
  4496.891      21.0     2.303    -4.295
  4496.902     607.0     0.263    -4.889               7.650
  4496.911      27.0     3.971    -2.186
  4496.921 106.00113     0.670    -3.182               3.456
  4496.932     607.0     0.260    -4.950               7.650
  4496.957 106.00112     3.090    -4.014               3.456
  4496.962      40.1     0.713    -0.890
  4496.971 106.00113     0.662    -3.659               3.456
  4497.008 106.00113     0.670    -3.813               3.456
  4497.011     607.0     0.266    -4.833               7.650
  4497.014 106.00112     3.080    -2.470               3.456
  4497.039      22.0     3.285    -3.703
  4497.056      24.0     5.282    -1.223
  4497.070      69.0     2.102    -1.980
  4497.111      58.1     0.175    -3.130
  4497.128      64.0     0.124    -1.258
  4497.178     607.0     1.069    -4.565               7.650
  4497.196     607.0     0.441    -4.890               7.650
  4497.231     607.0     1.069    -3.614               7.650
  4497.236 106.00113     3.198    -4.930               3.456
  4497.245      41.0     1.094    -1.850
  4497.256      60.1     0.471    -1.380
  4497.263 106.00113     3.376    -2.040               3.456
  4497.281     607.0     0.270    -4.782               7.650
  4497.286      58.1     0.704    -3.790
  4497.286      24.0     3.839    -3.584
  4497.289 106.00113     3.376    -2.031               3.456
  4497.297 106.00112     0.680    -3.873               3.456
  4497.305 106.00112     0.680    -2.997               3.456
  4497.318      69.1     3.934    -1.620
  4497.354 106.00112     0.775    -4.351               3.456
  4497.366      60.0     0.000    -0.932
  4497.382      23.0     2.684    -0.293
  4497.387     107.0     2.879    -4.898               3.450
  4497.394 106.00113     2.883    -2.479               3.456
  4497.397      27.1     7.857    -3.736
  4497.431      27.1     3.406    -2.539
  4497.463      25.1     5.991    -2.991
  4497.484     607.0     1.178    -1.532               7.650
  4497.520      23.0     1.893    -3.623
  4497.526      26.1     7.517    -4.811
  4497.533      24.0     3.087    -2.941
  4497.546      58.1     1.107    -1.680
  4497.549     607.0     1.177    -4.438               7.650
  4497.557     607.0     1.178    -1.542               7.650
  4497.582      26.0     4.608    -2.118
  4497.586 106.00113     2.884    -2.489               3.456
  4497.589     107.0     2.840    -4.985               3.450
  4497.609 106.00112     3.137    -4.693               3.456
  4497.658      11.0     2.104    -1.574
  4497.675 106.00113     3.476    -2.870               3.456
  4497.686     607.0     0.274    -4.736               7.650
  4497.690     607.0     0.346    -4.660               7.650
  4497.694 106.00113     3.090    -0.869               3.456
  4497.706      23.0     2.684    -1.164
  4497.721      22.0     2.117    -1.000
  4497.746 106.00113     3.090    -0.859               3.456
  4497.807 106.00113     3.574    -4.202               3.456
  4497.811      58.1     1.404    -2.080
  4497.846      58.1     0.957    -0.320
  4497.858 106.00113     3.574    -4.211               3.456
  4497.861      58.1     2.840    -3.400
  4497.864 106.00112     2.781    -3.946               3.456
  4497.910      60.1     0.559    -1.020
  4497.915      90.0     1.717    -0.508
  4497.940 106.00113     2.786    -2.489               3.456
  4497.941      25.1     5.397    -2.590
  4497.955 106.00112     2.781    -1.139               3.456
  4498.008      58.1     1.251    -1.780
  4498.010     607.0     0.274    -4.584               7.650
  4498.021 106.00112     2.781    -1.150               3.456
  4498.036 106.00113     3.201    -4.930               3.456
  4498.082      20.0     4.769    -1.667
  4498.098      26.0     4.593    -3.862
  4498.111      23.0     1.853    -2.735
  4498.115      24.0     3.422    -3.812
  4498.118     607.0     1.230    -3.577               7.650
  4498.139 106.00113     3.476    -2.879               3.456
  4498.141 106.00113     2.786    -2.499               3.456
  4498.143      44.0     1.131    -1.110
  4498.200 106.00112     2.492    -2.518               3.456
  4498.203     107.0     2.840    -4.964               3.450
  4498.212      23.0     2.122    -2.340
  4498.224     607.0     0.309    -4.574               7.650
  4498.229     607.0     0.279    -4.693               7.650
  4498.246     607.0     0.309    -4.976               7.650
  4498.265      23.0     2.708    -4.361
  4498.268 106.00112     0.670    -3.295               3.456
  4498.276 106.00113     2.200    -1.323               3.456
  4498.286      64.1     0.427    -1.080
  4498.287 106.00112     2.492    -2.529               3.456
  4498.300      58.1     2.931    -3.050
  4498.336      23.1     6.334    -2.314
  4498.398 106.00113     2.684    -3.971               3.456
  4498.426 106.00113     3.174    -2.461               3.456
  4498.434 106.00113     3.648    -2.309               3.456
  4498.434 106.00113     2.982    -2.470               3.456
  4498.453      74.0     2.353    -1.010
  4498.484      20.0     6.021    -2.542
  4498.536      26.0     3.884    -3.000
  4498.568 106.00112     0.751    -2.675               3.456
  4498.594      26.0     2.865    -4.300
  4498.617 106.00113     2.982    -2.480               3.456
  4498.645 106.00113     3.175    -2.452               3.456
  4498.661 106.00113     1.914    -1.540               3.456
  4498.678      78.0     3.739     0.170
  4498.689 106.00113     2.200    -1.337               3.456
  4498.710 106.00112     3.198    -1.225               3.456
  4498.717      26.1     7.845    -4.829
  4498.723      24.0     2.915    -0.920
  4498.780 106.00113     1.914    -1.521               3.456
  4498.812      26.0     4.294    -3.335
  4498.819 106.00113     3.289    -1.774               3.456
  4498.848      71.0     0.000    -2.630
  4498.854     107.0     2.840    -4.930               3.450
  4498.860      25.1     6.005    -2.434
  4498.863      28.0     3.606    -2.414
  4498.866 106.00112     3.198    -4.095               3.456
  4498.902      25.0     2.941    -0.343
  4498.904 106.00112     0.751    -4.091               3.456
  4498.918     607.0     0.284    -4.653               7.650
  4498.920      58.1     1.319    -2.350
  4498.921      23.1     5.864    -4.637
  4498.922 106.00112     0.751    -2.628               3.456
  4498.925      78.0     2.302    -3.120
  4498.940      90.0     0.690    -0.862
  4498.953 106.00113     0.838    -2.410               3.456
  4498.963      24.0     3.079    -2.188
  4498.995 106.00113     3.289    -1.784               3.456
  4498.995 106.00113     2.781    -3.946               3.456
  4499.025 106.00113     1.084    -4.424               3.456
  4499.040      69.0     2.414    -1.580
  4499.042 106.00112     3.198    -1.215               3.456
  4499.044 106.00113     3.648    -2.301               3.456
  4499.044      26.1     9.130    -3.615
  4499.070      66.0     1.056    -2.220
  4499.072 106.00113     0.839    -2.361               3.456
  4499.078 106.00113     1.961    -3.979               3.456
  4499.086     607.0     1.131    -3.924               7.650
  4499.088      22.0     3.199    -3.428
  4499.088 106.00113     1.694    -2.161               3.456
  4499.101      62.0     0.185    -1.114
  4499.109      25.1     6.658    -4.477
  4499.122      24.0     4.207    -3.896
  4499.136      26.0     4.549    -1.000
  4499.203      24.0     4.532    -3.975
  4499.222      27.1     3.139    -4.284
  4499.227      26.0     4.593    -3.641
  4499.228      69.1     4.480    -3.110
  4499.246      24.0     4.208    -3.970
  4499.250     607.0     0.279    -4.527               7.650
  4499.253      27.0     2.630    -4.105
  4499.275      24.0     3.980    -2.294
  4499.281      26.0     4.593    -3.469
  4499.283 106.00113     3.198    -4.095               3.456
  4499.284      26.1     7.790    -2.461
  4499.315 106.00113     1.254    -4.475               3.456
  4499.331 106.00113     1.694    -2.121               3.456
  4499.372      26.0     4.593    -2.652
  4499.380      69.1     2.947    -2.270
  4499.410 106.00113     1.694    -3.606               3.456
  4499.416 106.00112     0.670    -3.813               3.456
  4499.418 106.00113     3.137    -4.693               3.456
  4499.422 106.00112     0.662    -3.659               3.456
  4499.424 106.00112     0.670    -3.182               3.456
  4499.426      70.1     8.193    -1.830
  4499.431      42.0     2.291    -1.730
  4499.474     607.0     0.441    -4.876               7.650
  4499.475 106.00113     1.961    -1.570               3.456
  4499.475      62.1     0.248    -0.870
  4499.493 106.00112     2.200    -1.323               3.456
  4499.507      58.1     0.709    -1.510
  4499.524      20.0     6.022    -3.602
  4499.551      58.1     1.320    -2.350
  4499.557      27.0     4.025    -3.530
  4499.566 106.00112     3.476    -2.870               3.456
  4499.566 106.00113     0.777    -2.614               3.456
  4499.576 106.00113     0.838    -4.571               3.456
  4499.582      70.1     7.370    -1.780
  4499.583      20.0     6.022    -3.065
  4499.604      70.1     5.671    -2.600
  4499.611     607.0     1.452    -4.366               7.650
  4499.613 106.00113     0.777    -2.573               3.456
  4499.641 106.00113     1.961    -1.574               3.456
  4499.651 106.00113     1.914    -3.874               3.456
  4499.654      72.0     0.815    -1.770
  4499.665 106.00112     1.084    -4.424               3.456
  4499.688      26.1     7.693    -1.676
  4499.692 106.00112     3.574    -4.211               3.456
  4499.692 106.00112     3.574    -4.202               3.456
  4499.712 106.00112     2.200    -3.889               3.456
  4499.747      23.0     1.804    -1.767
  4499.747     607.0     0.289    -4.616               7.650
  4499.753      58.1     1.194    -1.150
  4499.773 106.00113     0.843    -4.351               3.456
  4499.779 106.00112     2.592    -2.508               3.456
  4499.785 106.00113     1.694    -2.161               3.456
  4499.800     607.0     0.316    -4.541               7.650
  4499.802      41.0     1.500    -0.850
  4499.804      21.1     7.858    -3.252
  4499.817 106.00112     1.914    -1.540               3.456
  4499.823     607.0     0.316    -4.980               7.650
  4499.833 106.00113     2.687    -3.971               3.456
  4499.870 106.00112     2.200    -1.337               3.456
  4499.870 106.00113     0.777    -4.148               3.456
  4499.876 106.00113     3.179    -1.003               3.456
  4499.880 106.00112     1.914    -3.874               3.456
  4499.902 106.00113     2.688    -2.498               3.456
  4499.917 106.00112     3.289    -4.930               3.456
  4499.925      26.0     4.593    -2.804
  4499.927     607.0     1.230    -3.569               7.650
  4499.939     607.0     1.159    -1.542               7.650
  4499.961 106.00113     1.694    -2.121               3.456
  4499.973 106.00112     3.476    -2.879               3.456
  4499.979 106.00112     1.914    -1.521               3.456
  4499.983      90.0     0.966    -0.786
  4499.983 106.00113     2.200    -3.889               3.456
  4500.005     607.0     1.159    -1.552               7.650
  4500.024 106.00112     1.254    -4.475               3.456
  4500.030      21.1     7.866    -2.932
  4500.038 106.00113     1.961    -3.840               3.456
  4500.043      23.1     6.686    -2.775
  4500.051 106.00113     0.664    -3.517               3.456
  4500.053 106.00113     3.090    -4.014               3.456
  4500.060     107.0     2.803    -4.964               3.450
  4500.095 106.00112     3.289    -1.774               3.456
  4500.100     607.0     0.346    -4.648               7.650
  4500.107 106.00113     1.694    -3.606               3.456
  4500.109 106.00113     2.688    -2.509               3.456
  4500.113 106.00113     0.664    -3.804               3.456
  4500.134      26.1     9.694    -4.343
  4500.148 106.00112     3.273    -2.443               3.456
  4500.163      24.0     3.422    -4.345
  4500.183     607.0     1.020    -4.893               7.650
  4500.207      57.0     0.952    -0.280
  4500.223 106.00112     3.273    -2.453               3.456
  4500.233 106.00112     2.592    -2.519               3.456
  4500.233 106.00112     3.289    -1.784               3.456
  4500.267      23.0     1.804    -2.969
  4500.274      20.0     4.763    -1.520
  4500.277      24.0     3.079    -0.350
  4500.284      26.1     7.869    -4.569
  4500.288 106.00113     3.179    -1.013               3.456
  4500.289      70.1     5.856    -2.130
  4500.322 106.00112     1.694    -2.161               3.456
  4500.339      58.1     1.206    -0.970
  4500.340      25.0     5.112    -1.853
  4500.353      22.1     1.084    -3.340
  4500.383 106.00112     0.843    -4.351               3.456
  4500.400      60.1     1.121    -1.580
  4500.405 106.00112     1.694    -3.606               3.456
  4500.411 106.00112     3.289    -4.930               3.456
  4500.438      27.0     4.058    -3.493
  4500.459      26.1     7.697    -4.512
  4500.466      24.0     3.079    -4.010
  4500.488 106.00113     3.201    -1.784               3.456
  4500.492      58.1     1.613    -0.890
  4500.493      24.0     4.533    -2.456
  4500.500 106.00112     1.961    -1.570               3.456
  4500.519      70.1     6.076    -1.850
  4500.543      25.1     5.993    -2.066
  4500.543      27.1     3.408    -2.832
  4500.553      27.0     3.713    -1.157
  4500.555 106.00112     1.961    -3.840               3.456
  4500.587      58.1     0.808    -2.410
  4500.596      22.0     3.108    -1.721
  4500.598 106.00112     1.694    -2.121               3.456
  4500.614 106.00112     1.961    -3.979               3.456
  4500.616 106.00112     3.201    -4.930               3.456
  4500.617     607.0     1.086    -3.609               7.650
  4500.620 106.00113     3.202    -1.795               3.456
  4500.635      26.0     4.559    -2.532
  4500.638      64.1     1.251    -1.590
  4500.662      24.0     5.274    -0.594
  4500.669 106.00112     1.961    -1.574               3.456
  4500.698      24.0     5.280    -2.287
  4500.705 106.00113     1.962    -3.979               3.456
  4500.709     607.0     0.284    -4.476               7.650
  4500.716     607.0     0.295    -4.582               7.650
  4500.751      68.1     1.816    -0.274
  4500.753      24.0     3.839    -4.155
  4500.778      23.0     1.873    -2.985
  4500.782 106.00112     3.201    -1.784               3.456
  4500.804      49.1    14.120    -1.050
  4500.812      58.1     1.406    -1.320
  4500.865      23.0     2.115    -1.646
  4500.889 106.00112     3.179    -1.003               3.456
  4500.926 106.00112     3.202    -1.795               3.456
  4500.948      24.1     6.803    -4.948
  4500.962      23.1     7.912    -3.781
  4500.993      24.0     4.613    -2.310
  4500.995      27.1     7.894    -4.699
  4501.019 106.00112     1.694    -2.161               3.456
  4501.057      20.0     5.832    -4.798
  4501.062 106.00112     3.179    -2.452               3.456
  4501.080      24.0     3.556    -0.335
  4501.091      26.1     7.806    -2.363
  4501.092 106.00112     3.202    -4.930               3.456
  4501.095      58.0     0.000    -0.994
  4501.102 106.00112     1.694    -3.606               3.456
  4501.103      24.0     2.915    -1.092
  4501.147 106.00112     3.179    -4.050               3.456
  4501.163 106.00113     2.492    -2.529               3.456
  4501.182      69.1     3.936    -2.880
  4501.223     607.0     1.131    -3.918               7.650
  4501.228 106.00112     1.694    -2.121               3.456
  4501.232 106.00113     1.962    -1.570               3.456
  4501.238      23.0     1.860    -1.892
  4501.245     607.0     1.452    -4.358               7.650
  4501.252 106.00113     2.741    -1.523               3.456
  4501.254 106.00113     3.080    -2.461               3.456
  4501.260      25.1     5.991    -4.193
  4501.268 106.00113     1.962    -1.574               3.456
  4501.270      22.1     1.116    -0.767
  4501.279      42.0     2.276    -1.622
  4501.307 106.00112     3.179    -1.013               3.456
  4501.309 106.00113     2.492    -2.518               3.456
  4501.368 106.00113     2.741    -1.509               3.456
  4501.368      26.1     6.217    -4.827
  4501.372      62.1     0.333    -1.710
  4501.388 106.00113     2.401    -2.931               3.456
  4501.404 106.00113     3.198    -1.225               3.456
  4501.416      23.0     2.130    -2.429
  4501.418 106.00113     3.080    -2.470               3.456
  4501.485 106.00112     2.687    -3.971               3.456
  4501.487      27.1     8.993    -3.861
  4501.494     607.0     0.324    -4.511               7.650
  4501.500      60.1     0.745    -1.450
  4501.510 106.00112     3.179    -2.461               3.456
  4501.519     607.0     0.324    -4.984               7.650
  4501.524 106.00113     3.289    -4.930               3.456
  4501.534 106.00112     2.401    -2.931               3.456
  4501.568 106.00113     3.094    -4.014               3.456
  4501.599 106.00112     2.687    -1.018               3.456
  4501.617      26.0     4.652    -3.564
  4501.623 106.00113     2.401    -2.915               3.456
  4501.637      27.0     4.064    -3.254
  4501.644      24.0     3.556    -1.207
  4501.662 106.00112     0.838    -2.410               3.456
  4501.668      28.0     3.699    -2.326
  4501.682 106.00113     2.687    -1.018               3.456
  4501.700      58.1     1.206    -1.220
  4501.706 106.00112     2.401    -2.915               3.456
  4501.706 106.00112     0.838    -4.571               3.456
  4501.739 106.00112     2.687    -1.030               3.456
  4501.749 106.00113     1.255    -4.475               3.456
  4501.769     607.0     0.258    -4.910               7.650
  4501.772      24.0     2.915    -1.040
  4501.779 106.00113     2.687    -1.030               3.456
  4501.795 106.00113     1.962    -3.840               3.456
  4501.810      60.1     0.205    -0.690
  4501.821     607.0     0.302    -4.550               7.650
  4501.823      20.0     5.832    -3.695
  4501.823      59.1     0.422    -1.265
  4501.829      58.1     2.040    -0.970
  4501.838 106.00112     0.839    -2.361               3.456
  4501.852 106.00112     2.687    -3.971               3.456
  4501.854      22.0     2.487    -3.305
  4501.899 106.00112     3.652    -2.301               3.456
  4501.905 106.00112     0.777    -2.614               3.456
  4501.919 106.00113     3.198    -1.215               3.456
  4501.937 106.00112     3.652    -2.309               3.456
  4501.948      69.1     3.580    -3.140
  4501.951     607.0     0.260    -4.810               7.650
  4501.952      24.1     6.484    -4.119
  4501.964      23.0     1.376    -0.780
  4502.000      58.1     1.482    -2.150
  4502.035      27.1     8.536    -3.042
  4502.087 106.00113     1.916    -1.521               3.456
  4502.112 106.00113     2.300    -3.994               3.456
  4502.120      20.0     5.882    -3.711
  4502.150      23.1     5.468    -3.528
  4502.157      26.1     7.727    -4.204
  4502.164 106.00112     3.140    -4.693               3.456
  4502.189      58.1     0.897    -2.920
  4502.197 106.00112     0.777    -4.148               3.456
  4502.197 106.00113     1.916    -1.540               3.456
  4502.200      25.0     2.920    -0.912
  4502.201      24.0     2.987    -2.869
  4502.207      25.0     2.920    -1.830
  4502.210      25.0     2.920    -1.052
  4502.212      25.0     2.920    -3.047
  4502.215      25.0     2.920    -1.654
  4502.215 106.00112     0.777    -2.573               3.456
  4502.217      25.0     2.920    -1.210
  4502.219      25.0     2.920    -2.695
  4502.221      25.0     2.920    -1.628
  4502.223      25.0     2.920    -1.394
  4502.224      25.0     2.920    -2.570
  4502.226      25.0     2.920    -1.695
  4502.227      25.0     2.920    -1.616
  4502.228      25.0     2.920    -2.650
  4502.229      25.0     2.920    -1.871
  4502.230      25.0     2.920    -1.901
  4502.241 106.00112     1.962    -3.979               3.456
  4502.258 106.00112     1.962    -1.570               3.456
  4502.294 106.00113     1.753    -1.783               3.456
  4502.296 106.00112     1.962    -1.574               3.456
  4502.312 106.00112     1.962    -3.840               3.456
  4502.346     607.0     0.289    -4.428               7.650
  4502.365     607.0     1.140    -1.552               7.650
  4502.385     607.0     0.263    -4.726               7.650
  4502.411     607.0     0.461    -4.879               7.650
  4502.420      60.0     0.456    -0.280
  4502.422 106.00113     1.618    -4.364               3.456
  4502.424 106.00113     1.753    -1.771               3.456
  4502.434      69.1     2.185    -2.560
  4502.451     607.0     1.140    -1.562               7.650
  4502.458 106.00112     1.255    -4.475               3.456
  4502.520     607.0     1.362    -3.830               7.650
  4502.546 106.00112     0.664    -3.804               3.456
  4502.550 106.00112     0.664    -3.517               3.456
  4502.574      58.1     1.254    -1.250
  4502.591      26.0     3.573    -2.480
  4502.669 106.00113     2.282    -1.308               3.456
  4502.716 106.00113     2.741    -4.090               3.456
  4502.765 106.00113     2.282    -1.322               3.456
  4502.772      26.0     4.415    -4.113
  4502.787 106.00113     1.618    -4.364               3.456
  4502.814     607.0     0.364    -4.648               7.650
  4502.841      69.1     3.592    -3.010
  4502.877      23.0     2.505    -2.721
  4502.894 106.00113     1.753    -3.801               3.456
  4502.964     607.0     0.274    -4.943               7.650
  4502.965     607.0     1.086    -4.573               7.650
  4502.975      26.1     7.703    -3.666
  4502.986 106.00112     3.094    -0.859               3.456
  4503.006      69.1     3.860    -2.500
  4503.020     607.0     1.086    -3.601               7.650
  4503.031      26.1     7.695    -4.242
  4503.034      41.0     0.657    -0.980
  4503.052      24.0     4.697    -1.120
  4503.057 106.00113     2.300    -1.263               3.456
  4503.065      24.1     5.662    -3.858
  4503.066      58.1     1.775    -1.460
  4503.069      23.1     6.258    -3.994
  4503.071 106.00113     1.381    -4.528               3.456
  4503.076     607.0     0.309    -4.519               7.650
  4503.077 106.00113     3.202    -4.930               3.456
  4503.099     607.0     0.270    -4.588               7.650
  4503.118 106.00113     0.845    -4.351               3.456
  4503.124      23.1     1.555    -4.568
  4503.134 106.00113     2.592    -2.508               3.456
  4503.140 106.00112     3.094    -4.014               3.456
  4503.166     607.0     0.266    -4.652               7.650
  4503.170      23.0     2.379    -4.468
  4503.189 106.00113     1.916    -3.874               3.456
  4503.201      25.1     5.991    -2.164
  4503.231      66.1     0.928    -1.488
  4503.245 106.00113     2.300    -1.247               3.456
  4503.249 106.00113     3.179    -4.050               3.456
  4503.272 106.00113     1.149    -4.424               3.456
  4503.286 106.00112     3.094    -4.014               3.456
  4503.288 106.00112     1.916    -1.521               3.456
  4503.319     607.0     0.333    -4.483               7.650
  4503.345 106.00113     2.592    -2.519               3.456
  4503.346     607.0     0.333    -4.990               7.650
  4503.355 106.00112     1.916    -1.540               3.456
  4503.370      66.0     1.142    -1.170
  4503.371      62.0     0.036    -0.648
  4503.376      26.1     9.412    -4.532
  4503.406 106.00113     2.786    -1.139               3.456
  4503.414      41.0     1.630    -1.230
  4503.418 106.00112     1.916    -3.874               3.456
  4503.440 106.00112     3.094    -0.869               3.456
  4503.453      70.1     5.921    -1.520
  4503.456      69.1     4.254    -3.230
  4503.460     607.0     1.326    -4.098               7.650
  4503.462 106.00112     1.753    -1.783               3.456
  4503.519 106.00112     1.753    -3.801               3.456
  4503.531 106.00112     2.741    -1.523               3.456
  4503.556      24.1     5.662    -3.098
  4503.566 106.00112     1.618    -4.364               3.456
  4503.585      26.0     4.559    -4.143
  4503.587      69.1     4.571    -2.320
  4503.625 106.00112     2.741    -4.090               3.456
  4503.627 106.00113     2.687    -3.971               3.456
  4503.629 106.00112     2.300    -1.263               3.456
  4503.633 106.00112     1.753    -1.771               3.456
  4503.698 106.00112     2.300    -3.994               3.456
  4503.720      22.1     4.969    -4.184
  4503.728 106.00112     0.845    -4.351               3.456
  4503.736 106.00112     2.300    -3.994               3.456
  4503.757 106.00112     2.741    -1.509               3.456
  4503.757      22.0     2.134    -0.804
  4503.773 106.00113     1.490    -4.590               3.456
  4503.773      45.0     1.833    -1.570
  4503.791      64.0     0.124    -1.329
  4503.797      25.0     4.666    -0.739
  4503.805 106.00112     2.300    -1.247               3.456
  4503.824 106.00112     2.282    -4.014               3.456
  4503.872 106.00113     2.786    -1.150               3.456
  4503.874      25.0     4.640    -0.450
  4503.880 106.00112     1.381    -4.528               3.456
  4503.910      26.0     3.573    -4.347
  4503.927 106.00112     2.282    -1.308               3.456
  4503.931 106.00112     1.618    -4.364               3.456
  4503.931 106.00113     3.094    -0.859               3.456
  4503.932      24.0     5.271    -0.755
  4503.941      21.1     8.399    -3.200
  4503.943 106.00112     1.149    -4.424               3.456
  4503.955 106.00112     2.397    -2.529               3.456
  4503.962 106.00113     3.569    -4.123               3.456
  4503.978 106.00113     3.140    -4.693               3.456
  4503.984 106.00112     2.282    -1.322               3.456
  4504.012      27.1     5.122    -4.674
  4504.043 106.00112     2.397    -2.540               3.456
  4504.051      24.0     5.282    -2.768
  4504.051     607.0     0.295    -4.385               7.650
  4504.090      58.1     0.956    -2.620
  4504.101      14.0     7.125    -2.555
  4504.122      69.1     2.606    -2.130
  4504.138 106.00113     2.282    -4.014               3.456
  4504.140      74.0     3.051    -0.487
  4504.191 106.00113     2.300    -3.994               3.456
  4504.210      26.0     3.960    -3.185
  4504.223 106.00113     2.514    -4.693               3.456
  4504.226      69.1     4.531    -2.430
  4504.244 106.00112     3.201    -4.095               3.456
  4504.280 106.00113     0.805    -2.525               3.456
  4504.300 106.00113     0.805    -2.561               3.456
  4504.302 106.00113     3.094    -0.869               3.456
  4504.317 106.00113     1.755    -1.771               3.456
  4504.320      70.1     5.747    -1.990
  4504.328      70.1     7.251    -2.620
  4504.329 106.00113     1.755    -1.783               3.456
  4504.343      26.1     6.219    -3.250
  4504.345      25.1     5.993    -3.117
  4504.367     607.0     1.362    -3.821               7.650
  4504.378 106.00112     2.496    -2.518               3.456
  4504.387      69.1     4.235    -1.580
  4504.420 106.00112     3.201    -1.215               3.456
  4504.467      23.0     2.115    -4.182
  4504.468     607.0     0.316    -4.491               7.650
  4504.471      42.0     3.164    -2.000
  4504.526 106.00113     2.403    -2.915               3.456
  4504.530 106.00113     2.403    -2.931               3.456
  4504.552      24.1     3.104    -4.524
  4504.554 106.00112     3.202    -1.225               3.456
  4504.570 106.00113     0.805    -4.193               3.456
  4504.592      22.0     2.677    -4.307
  4504.609 106.00112     2.403    -2.915               3.456
  4504.636     607.0     0.461    -4.866               7.650
  4504.639 106.00112     2.786    -1.139               3.456
  4504.643      27.0     4.259    -3.372
  4504.662 106.00113     3.201    -4.095               3.456
  4504.676 106.00112     2.403    -2.931               3.456
  4504.723 106.00112     1.490    -4.590               3.456
  4504.745      23.0     2.578    -4.063
  4504.748      22.0     3.215    -2.922
  4504.757     607.0     1.122    -1.562               7.650
  4504.777      24.0     3.857    -2.834
  4504.788 106.00113     1.491    -4.590               3.456
  4504.822 106.00113     1.382    -4.528               3.456
  4504.828      70.1     5.581    -2.480
  4504.828 106.00112     2.496    -2.529               3.456
  4504.831      26.0     3.266    -2.400
  4504.836     607.0     1.122    -1.573               7.650
  4504.840      74.0     1.508    -1.140
  4504.901      42.0     3.223    -1.844
  4504.926 106.00112     2.786    -3.946               3.456
  4504.930 106.00113     1.755    -3.801               3.456
  4504.986 106.00113     3.137    -4.215               3.456
  4505.037      62.1     0.248    -1.420
  4505.041     607.0     1.326    -4.092               7.650
  4505.042      69.1     4.373    -2.420
  4505.070      27.0     3.775    -2.984
  4505.084 106.00112     2.786    -1.150               3.456
  4505.085     607.0     0.279    -4.881               7.650
  4505.116 106.00112     3.569    -3.946               3.456
  4505.176     607.0     0.364    -4.636               7.650
  4505.177 106.00112     3.569    -0.725               3.456
  4505.202     607.0     1.206    -4.436               7.650
  4505.216 106.00113     3.273    -2.453               3.456
  4505.217      90.0     1.091    -0.769
  4505.221      71.1     3.830    -1.660
  4505.222      24.1     5.662    -4.687
  4505.234 106.00112     3.569    -0.734               3.456
  4505.276     607.0     0.341    -4.456               7.650
  4505.295 106.00112     3.569    -4.123               3.456
  4505.304     607.0     0.341    -4.996               7.650
  4505.330      24.0     3.104    -1.229
  4505.432     607.0     0.274    -4.530               7.650
  4505.445 106.00113     3.273    -2.443               3.456
  4505.486      58.1     0.709    -2.270
  4505.488      22.0     3.111     0.248
  4505.493      24.0     3.887    -2.108
  4505.498 106.00112     1.755    -1.783               3.456
  4505.506      58.1     1.666    -2.270
  4505.527 106.00112     1.755    -1.771               3.456
  4505.533      69.1     4.435    -3.050
  4505.534      69.1     3.312    -0.690
  4505.547 106.00113     2.302    -3.994               3.456
  4505.555 106.00112     1.755    -3.801               3.456
  4505.583 106.00113     2.743    -1.509               3.456
  4505.598 106.00113     2.818    -4.090               3.456
  4505.614 106.00113     0.915    -4.351               3.456
  4505.632 106.00112     1.382    -4.528               3.456
  4505.688      26.0     4.283    -4.006
  4505.710      22.0     2.103    -1.644
  4505.738 106.00112     1.491    -4.590               3.456
  4505.750      60.1     0.000    -2.190
  4505.786      26.0     4.256    -4.391
  4505.828      24.0     4.440    -4.398
  4505.835 106.00113     3.652    -2.309               3.456
  4505.837 106.00113     2.743    -1.523               3.456
  4505.858 106.00112     3.137    -1.375               3.456
  4505.868 106.00112     2.818    -1.420               3.456
  4505.869      58.1     1.528    -1.130
  4505.880      23.0     1.893    -4.319
  4505.913      58.1     0.977    -2.250
  4505.920      56.0     1.567    -0.020
  4505.939      23.1     6.339    -4.026
  4505.943      24.0     5.277    -3.397
  4505.944      39.0     1.374     0.120
  4505.945      42.0     2.646    -1.104
  4505.957 106.00113     0.662    -3.361               3.456
  4505.972      20.0     5.884    -3.938
  4505.995     607.0     0.324    -4.464               7.650
  4506.000 106.00113     0.662    -3.659               3.456
  4506.006 106.00112     2.818    -4.090               3.456
  4506.012 106.00113     3.652    -2.301               3.456
  4506.024 106.00112     3.137    -4.215               3.456
  4506.036      42.0     2.476    -1.369
  4506.044     607.0     1.255    -3.569               7.650
  4506.053      24.1     6.484    -2.167
  4506.057 106.00113     3.179    -2.452               3.456
  4506.061 106.00113     2.786    -3.946               3.456
  4506.073      23.0     1.800    -1.450
  4506.077      24.0     3.888    -1.074
  4506.106     607.0     0.302    -4.345               7.650
  4506.120 106.00112     2.818    -1.408               3.456
  4506.135      58.1     1.613    -1.810
  4506.170 106.00112     3.137    -1.365               3.456
  4506.187 106.00112     2.514    -4.693               3.456
  4506.209 106.00113     3.179    -2.461               3.456
  4506.218      64.0     0.066    -0.365
  4506.232     607.0     1.415    -4.910               7.650
  4506.235      27.1     3.009    -4.740
  4506.252 106.00112     0.915    -4.351               3.456
  4506.256     607.0     1.036    -4.901               7.650
  4506.277      24.0     3.092    -2.332
  4506.301      28.0     3.542    -2.356
  4506.337      64.1     0.499    -1.030
  4506.353      58.1     0.327    -1.940
  4506.364      69.1     2.951    -2.010
  4506.413      58.0     0.000    -0.394
  4506.467      24.1     8.316    -3.399
  4506.473      90.0     0.930    -1.288
  4506.477      25.1     5.548    -4.697
  4506.489 106.00113     1.151    -4.424               3.456
  4506.511      58.1     1.296    -2.730
  4506.548      24.0     3.104    -3.775
  4506.567     607.0     0.284    -4.430               7.650
  4506.569      21.1     7.858    -3.700
  4506.573      23.0     2.122    -1.581
  4506.578      60.1     0.064    -1.040
  4506.579      22.0     2.427    -3.383
  4506.624     607.0     1.104    -3.596               7.650
  4506.631 106.00112     0.805    -2.561               3.456
  4506.660      24.1     6.487    -4.029
  4506.664     607.0     0.279    -4.478               7.650
  4506.665      42.0     3.302    -0.662
  4506.668 106.00113     3.094    -4.014               3.456
  4506.682 106.00113     2.302    -1.247               3.456
  4506.686      21.0     1.943    -4.546
  4506.698 106.00113     2.397    -2.540               3.456
  4506.743      22.1     1.131    -3.490
  4506.747 106.00113     3.137    -1.375               3.456
  4506.755      25.0     4.194    -4.055
  4506.759 106.00113     2.302    -1.263               3.456
  4506.838      24.0     4.186    -0.050
  4506.839 106.00113     2.397    -2.529               3.456
  4506.889 106.00112     0.805    -4.193               3.456
  4506.910 106.00112     0.805    -2.525               3.456
  4506.923      69.1     4.660    -2.050
  4506.941      64.1     0.425    -1.900
  4506.966      70.1     4.597    -3.020
  4506.968     607.0     1.206    -4.431               7.650
  4507.022      75.0     3.577     0.350
  4507.024 106.00113     2.818    -1.420               3.456
  4507.038      26.0     4.638    -2.439
  4507.040      23.0     1.873    -2.038
  4507.083      24.1     4.042    -3.824
  4507.101     607.0     1.155    -3.915               7.650
  4507.102      26.1     7.773    -1.760
  4507.111      26.0     4.371    -3.797
  4507.113      40.0     0.543    -0.430
  4507.119      23.0     1.800    -2.757
  4507.121     607.0     1.104    -1.573               7.650
  4507.130      69.0     1.933    -1.850
  4507.152 106.00113     3.137    -1.365               3.456
  4507.162 106.00112     1.151    -4.424               3.456
  4507.174 106.00112     2.302    -3.994               3.456
  4507.180 106.00113     3.278    -0.994               3.456
  4507.190     607.0     1.104    -1.584               7.650
  4507.196      23.0     1.931    -4.404
  4507.204      24.1     3.105    -4.185
  4507.215      26.0     3.111    -3.744
  4507.243 106.00112     2.302    -1.247               3.456
  4507.253 106.00113     3.569    -0.734               3.456
  4507.255 106.00113     3.202    -1.225               3.456
  4507.274      23.0     2.578    -3.229
  4507.298      23.0     1.860    -2.819
  4507.304 106.00113     2.743    -4.090               3.456
  4507.304 106.00113     3.201    -1.215               3.456
  4507.312 106.00113     3.278    -1.003               3.456
  4507.322 106.00113     1.724    -2.111               3.456
  4507.325     607.0     0.284    -4.826               7.650
  4507.332 106.00112     2.302    -1.263               3.456
  4507.337 106.00113     3.569    -0.725               3.456
  4507.359     607.0     0.351    -4.430               7.650
  4507.390      62.1     0.544    -2.370
  4507.393 106.00113     2.818    -1.408               3.456
  4507.402 106.00112     2.302    -3.994               3.456
  4507.408      29.0     5.575    -0.340
  4507.448      26.0     4.415    -2.575
  4507.470      69.1     4.030    -2.950
  4507.495 106.00113     2.496    -2.518               3.456
  4507.515      69.1     4.324    -3.440
  4507.540 106.00113     1.724    -2.077               3.456
  4507.593      22.0     2.249    -3.102
  4507.610      69.1     3.484    -2.850
  4507.639 106.00113     2.285    -1.308               3.456
  4507.659     607.0     1.415    -4.905               7.650
  4507.662     607.0     0.333    -4.439               7.650
  4507.668 106.00113     1.724    -3.653               3.456
  4507.690 106.00113     1.984    -1.520               3.456
  4507.694     607.0     0.482    -4.869               7.650
  4507.710      24.0     3.857    -3.914
  4507.713 106.00113     2.496    -2.529               3.456
  4507.754      58.1     0.328    -3.010
  4507.767 106.00112     3.278    -2.443               3.456
  4507.810 106.00113     1.984    -1.503               3.456
  4507.822      21.1     7.866    -2.216
  4507.836     607.0     1.255    -3.561               7.650
  4507.874      58.1     1.581    -2.640
  4507.893 106.00113     2.009    -1.574               3.456
  4507.895 106.00113     2.302    -3.994               3.456
  4507.915      20.0     5.885    -4.132
  4507.927      24.0     3.889    -0.619
  4507.962      24.0     4.535    -3.184
  4507.977 106.00112     2.743    -1.509               3.456
  4508.003      75.0     3.577    -0.030
  4508.022     607.0     0.289    -4.386               7.650
  4508.054 106.00113     2.009    -2.701               3.456
  4508.068 106.00113     2.285    -1.322               3.456
  4508.070      24.0     4.532    -2.850
  4508.079      58.1     0.621    -1.740
  4508.085     607.0     0.382    -4.636               7.650
  4508.097      28.0     3.543    -2.967
  4508.121 106.00112     2.743    -1.523               3.456
  4508.136      58.1     0.969    -3.220
  4508.152 106.00113     1.725    -2.111               3.456
  4508.174 106.00112     3.278    -4.050               3.456
  4508.190 106.00112     3.278    -0.994               3.456
  4508.193     607.0     0.309    -4.308               7.650
  4508.198      42.0     2.918    -1.822
  4508.209 106.00112     3.278    -2.453               3.456
  4508.214      26.1     7.929    -2.616
  4508.215 106.00112     2.743    -4.090               3.456
  4508.240      28.0     3.542    -2.995
  4508.247      26.1     7.706    -4.236
  4508.268      22.0     2.175    -0.921
  4508.283      69.1     3.379    -1.580
  4508.288      26.1     2.856    -2.349
  4508.290      27.1     7.849    -4.272
  4508.294 106.00113     1.725    -2.077               3.456
  4508.298      17.0     8.987    -2.250
  4508.328 106.00112     3.278    -1.003               3.456
  4508.347 106.00113     2.879    -1.128               3.456
  4508.349      58.1     2.548    -0.870
  4508.357 106.00113     1.314    -4.483               3.456
  4508.408      41.0     1.610    -0.950
  4508.412 106.00113     2.517    -4.693               3.456
  4508.434 106.00113     2.879    -1.139               3.456
  4508.455      26.1     7.988    -4.725
  4508.459 106.00112     0.662    -3.361               3.456
  4508.461 106.00112     0.662    -3.659               3.456
  4508.497 106.00113     1.725    -3.653               3.456
  4508.497 106.00113     2.009    -3.921               3.456
  4508.524      74.1     3.243    -0.840
  4508.532      20.0     6.054    -1.502
  4508.593 106.00112     1.724    -2.111               3.456
  4508.670      27.0     3.812    -2.237
  4508.670 106.00112     1.724    -3.653               3.456
  4508.685      26.0     4.283    -2.179
  4508.687      24.0     5.274    -2.472
  4508.692      69.1     4.563    -2.760
  4508.721      58.1     0.435    -1.790
  4508.747 106.00113     1.984    -3.971               3.456
  4508.759      24.0     4.618    -2.619
  4508.782      70.1     5.771    -1.780
  4508.845 106.00112     1.724    -2.077               3.456
  4508.894 106.00112     1.984    -1.520               3.456
  4508.896      21.1     7.877    -2.828
  4508.900 106.00112     2.285    -1.308               3.456
  4508.924 106.00112     2.009    -1.574               3.456
  4508.945      27.0     4.058    -2.718
  4508.959 106.00112     1.984    -3.971               3.456
  4508.979 106.00112     2.009    -3.921               3.456
  4509.012      27.0     2.700    -4.007
  4509.048 106.00113     0.664    -3.440               3.456
  4509.058 106.00112     1.984    -1.503               3.456
  4509.061      28.0     4.419    -2.604
  4509.075 106.00112     3.372    -2.435               3.456
  4509.087      64.1     1.251    -1.130
  4509.087      23.1     5.850    -2.611
  4509.089 106.00112     2.009    -2.701               3.456
  4509.091 106.00113     0.664    -3.032               3.456
  4509.101 106.00112     1.314    -4.483               3.456
  4509.105      20.0     6.054    -4.694
  4509.117      58.1     0.879    -1.130
  4509.130 106.00112     2.285    -4.014               3.456
  4509.144     607.0     1.155    -3.909               7.650
  4509.150 106.00112     3.372    -2.444               3.456
  4509.161      58.1     0.902    -3.170
  4509.170      58.1     1.348    -0.300
  4509.179      58.1     1.140    -1.020
  4509.193     607.0     1.485    -4.359               7.650
  4509.207 106.00113     0.918    -4.351               3.456
  4509.217      25.1     5.380    -3.598
  4509.219      26.0     4.985    -2.243
  4509.255      58.1     0.957    -0.960
  4509.267      26.0     3.047    -3.731
  4509.272      28.1     6.764    -2.185
  4509.280      23.0     1.942    -1.169
  4509.290 106.00112     2.285    -1.322               3.456
  4509.302      26.0     3.695    -2.915
  4509.327 106.00113     0.670    -2.973               3.456
  4509.327      69.1     3.934    -2.710
  4509.347      24.1     5.330    -4.365
  4509.369      29.0     5.245    -0.744
  4509.398      42.0     3.187    -2.159
  4509.398 106.00113     0.670    -3.659               3.456
  4509.423 106.00112     1.725    -2.111               3.456
  4509.439     607.0     1.086    -1.584               7.650
  4509.445 106.00113     2.285    -4.014               3.456
  4509.458      58.1     1.365    -2.550
  4509.466     607.0     0.341    -4.415               7.650
  4509.474      26.1     7.880    -4.546
  4509.500 106.00112     1.725    -3.653               3.456
  4509.512 106.00112     2.879    -3.946               3.456
  4509.520     607.0     1.086    -1.595               7.650
  4509.557 106.00113     3.140    -4.215               3.456
  4509.572     607.0     0.360    -4.407               7.650
  4509.593      58.1     1.342    -1.840
  4509.600 106.00112     1.725    -2.077               3.456
  4509.602 106.00112     2.879    -1.128               3.456
  4509.613     607.0     0.295    -4.346               7.650
  4509.622      23.0     2.581    -2.844
  4509.624      56.1     6.011    -1.650
  4509.671 106.00112     2.879    -1.139               3.456
  4509.679     607.0     0.289    -4.775               7.650
  4509.689      27.0     4.064    -3.316
  4509.713      58.1     3.521    -3.960
  4509.714      58.1     0.808    -1.690
  4509.735      26.0     4.220    -1.423
  4509.770      69.1     4.387    -2.220
  4509.781 106.00113     3.276    -2.413               3.456
  4509.801      23.1     6.042    -2.304
  4509.829 106.00113     2.010    -1.574               3.456
  4509.846 106.00112     0.918    -4.351               3.456
  4509.848 106.00113     2.010    -2.701               3.456
  4509.870      20.0     4.769    -2.755
  4509.884      69.1     4.174    -1.500
  4509.910     607.0     0.482    -4.856               7.650
  4509.913 106.00113     2.821    -4.090               3.456
  4509.922      69.1     3.422    -1.540
  4509.930      26.0     2.728    -4.628
  4509.930     607.0     0.274    -4.941               7.650
  4509.935      22.0     2.662    -4.041
  4509.935      22.0     2.506    -3.107
  4509.978 106.00112     2.401    -2.529               3.456
  4510.008      24.0     4.533    -2.430
  4510.015 106.00113     3.276    -2.403               3.456
  4510.082      58.1     1.582    -0.910
  4510.092      44.0     1.002    -1.690
  4510.153      59.1     0.422    -0.298
  4510.159      58.1     1.520    -1.720
  4510.167      58.1     3.706    -3.980
  4510.168      58.1     0.969    -2.620
  4510.314      27.0     4.064    -3.568
  4510.317      92.1     0.000    -2.240
  4510.322      25.0     5.112    -2.553
  4510.322 106.00112     2.821    -4.090               3.456
  4510.360 106.00113     1.219    -4.424               3.456
  4510.379 106.00112     2.517    -4.693               3.456
  4510.391 106.00113     0.670    -3.588               3.456
  4510.405      25.1     5.993    -3.929
  4510.410      20.0     5.796    -3.534
  4510.413      26.0     4.580    -4.926
  4510.413     607.0     0.316    -4.274               7.650
  4510.419     607.0     0.382    -4.625               7.650
  4510.421      69.1     3.349    -2.350
  4510.421 106.00113     3.278    -4.050               3.456
  4510.424 106.00112     2.401    -2.540               3.456
  4510.434 106.00113     2.010    -3.921               3.456
  4510.436 106.00112     2.821    -1.408               3.456
  4510.462 106.00113     0.670    -2.774               3.456
  4510.469      58.1     0.809    -1.640
  4510.491 106.00113     0.662    -3.361               3.456
  4510.513      26.1     6.223    -3.047
  4510.516      28.0     3.539    -4.595
  4510.519 106.00113     0.837    -2.484               3.456
  4510.526      90.1     1.311    -0.713
  4510.574 106.00112     2.821    -1.420               3.456
  4510.577     607.0     1.390    -3.823               7.650
  4510.597 106.00112     3.140    -4.215               3.456
  4510.599 106.00113     0.837    -2.516               3.456
  4510.605 106.00112     2.303    -2.539               3.456
  4510.635 106.00113     3.569    -3.946               3.456
  4510.650      69.1     3.797    -1.270
  4510.658      27.0     4.058    -2.676
  4510.692 106.00112     2.303    -2.551               3.456
  4510.733      18.0    11.828    -2.444
  4510.741 106.00113     2.879    -3.946               3.456
  4510.743 106.00112     3.140    -1.365               3.456
  4510.763      58.1     0.587    -1.140
  4510.820      26.0     3.602    -3.020
  4510.839 106.00113     0.837    -4.219               3.456
  4510.840      26.1     6.209    -3.938
  4510.853     607.0     1.485    -4.352               7.650
  4510.861 106.00112     2.010    -1.574               3.456
  4510.883 106.00112     2.010    -2.701               3.456
  4510.896 106.00112     3.140    -1.375               3.456
  4510.903      24.0     5.280    -3.524
  4510.908 106.00113     2.768    -4.095               3.456
  4510.908      58.1     1.244    -1.660
  4510.916 106.00112     2.010    -3.921               3.456
  4510.919      58.1     1.107    -0.960
  4510.920      58.1     0.893    -2.560
  4510.967      24.1     8.308    -2.070
  4510.971      73.0     0.697    -1.170
  4511.012 106.00113     1.315    -4.483               3.456
  4511.037      69.1     3.824    -1.960
  4511.042      41.0     2.167    -0.190
  4511.047      26.0     3.943    -1.795
  4511.059      27.0     3.732    -2.938
  4511.065 106.00112     1.219    -4.424               3.456
  4511.118      24.0     3.168    -2.366
  4511.172      58.1     1.327    -2.160
  4511.193      44.0     1.692    -1.260
  4511.201      21.1     7.866    -1.694
  4511.203 106.00113     0.990    -4.351               3.456
  4511.307      49.0     0.274    -0.213
  4511.313 106.00113     1.986    -1.503               3.456
  4511.317      62.0     0.498    -0.011
  4511.337     607.0     0.302    -4.309               7.650
  4511.380      21.0     1.851    -1.872
  4511.390      22.0     3.294    -4.076
  4511.407      26.0     4.638    -2.851
  4511.412     607.0     0.351    -4.393               7.650
  4511.429      23.0     2.130    -1.520
  4511.437 106.00113     1.986    -1.520               3.456
  4511.456      73.0     0.697    -1.730
  4511.500      23.0     1.051    -3.619
  4511.521 106.00113     1.806    -1.768               3.456
  4511.598 106.00112     0.664    -3.440               3.456
  4511.600 106.00112     0.664    -3.032               3.456
  4511.641      58.1     1.212    -0.870
  4511.643 106.00113     1.806    -1.759               3.456
  4511.699      70.1     7.321    -1.660
  4511.709     607.0     0.279    -4.998               7.650
  4511.712 106.00113     2.821    -1.408               3.456
  4511.724     607.0     0.279    -4.877               7.650
  4511.726 106.00113     3.140    -1.365               3.456
  4511.728     607.0     1.069    -1.595               7.650
  4511.732 106.00113     2.821    -1.420               3.456
  4511.734      58.1     2.548    -0.940
  4511.744      69.1     3.648    -3.500
  4511.747      58.1     1.582    -2.160
  4511.757 106.00112     1.315    -4.483               3.456
  4511.775      24.1     6.484    -1.375
  4511.781      20.0     4.780    -2.876
  4511.787 106.00113     3.140    -1.375               3.456
  4511.802      24.0     3.087    -1.858
  4511.804     607.0     1.069    -1.606               7.650
  4511.819      26.1     9.962    -4.916
  4511.830      62.1     0.185    -0.820
  4511.834 106.00113     2.976    -4.090               3.456
  4511.836 106.00112     0.670    -2.973               3.456
  4511.840 106.00112     0.670    -3.659               3.456
  4511.844      22.0     2.250    -0.796
  4511.869 106.00112     0.990    -4.351               3.456
  4511.891      24.0     3.087    -0.343
  4511.925     607.0     0.371    -4.384               7.650
  4511.926 106.00112     3.276    -2.413               3.456
  4512.052 106.00113     0.680    -2.756               3.456
  4512.056      26.1     7.684    -2.203
  4512.058      28.1     8.758    -2.833
  4512.119      41.0     1.157    -1.790
  4512.134      42.0     1.382    -1.828
  4512.156      23.0     2.581    -4.079
  4512.156 106.00113     0.680    -3.737               3.456
  4512.161     607.0     0.295    -4.729               7.650
  4512.162 106.00113     1.806    -3.882               3.456
  4512.166      24.0     3.168    -2.040
  4512.189      25.1     5.548    -4.811
  4512.242      42.0     3.168    -1.404
  4512.244 106.00112     3.276    -2.403               3.456
  4512.268      20.0     2.526    -1.900
  4512.313     607.0     0.324    -4.242               7.650
  4512.315 106.00113     3.574    -4.123               3.456
  4512.328      26.1     7.708    -2.370
  4512.335      24.1     8.351    -3.257
  4512.381     607.0     1.018    -1.892               7.650
  4512.389      26.0     4.559    -1.828
  4512.398      26.1     7.773    -4.356
  4512.449     607.0     1.390    -3.814               7.650
  4512.462      58.1     1.355    -1.060
  4512.468     607.0     1.018    -1.901               7.650
  4512.482 106.00112     2.768    -1.018               3.456
  4512.483      90.1     1.435    -1.436
  4512.496 106.00113     1.986    -3.971               3.456
  4512.563 106.00112     1.986    -1.503               3.456
  4512.565 106.00113     2.768    -1.018               3.456
  4512.569 106.00113     2.368    -1.294               3.456
  4512.604 106.00112     2.768    -3.971               3.456
  4512.614 106.00112     2.768    -4.095               3.456
  4512.643 106.00112     1.986    -1.520               3.456
  4512.655      25.0     4.666    -4.220
  4512.663 106.00113     2.368    -1.307               3.456
  4512.704 106.00113     0.680    -3.700               3.456
  4512.708 106.00112     1.986    -3.971               3.456
  4512.718      23.1     3.796    -0.879
  4512.733      22.0     0.836    -0.480
  4512.734 106.00112     1.806    -1.768               3.456
  4512.736 106.00112     2.768    -1.006               3.456
  4512.789 106.00112     1.806    -3.882               3.456
  4512.808 106.00113     0.680    -2.620               3.456
  4512.844     607.0     1.122    -3.584               7.650
  4512.857      27.1     3.086    -4.186
  4512.865 106.00113     2.768    -1.006               3.456
  4512.869 106.00113     2.401    -2.529               3.456
  4512.895      74.0     2.246    -0.520
  4512.899 106.00112     1.806    -1.759               3.456
  4512.924 106.00112     0.837    -2.516               3.456
  4512.977 106.00112     0.670    -3.588               3.456
  4512.981 106.00112     0.670    -2.774               3.456
  4512.986      28.0     3.706    -1.470
  4512.997 106.00112     0.662    -3.361               3.456
  4512.999      23.0     1.804    -2.141