Mn 5255, 5260 +/- 10 with hfs  
  5245.061     607.0     0.289    -3.671               7.650
  5245.085     607.0     0.289    -3.965               7.650
  5245.110      26.0     4.294    -5.128
  5245.192      22.0     3.702    -0.928
  5245.193 106.00112     2.591    -3.042               3.456
  5245.202     607.0     0.328    -3.524               7.650
  5245.246      22.0     3.319    -4.074
  5245.269     607.0     0.247    -3.913               7.650
  5245.276      58.0     0.159    -1.144
  5245.311 106.00113     1.539    -3.628               3.456
  5245.317 106.00113     1.539    -3.639               3.456
  5245.368      24.0     4.447    -2.482
  5245.420      66.0     1.673    -2.110
  5245.454      26.1    10.455    -0.540
  5245.486     607.0     1.295    -4.817               7.650
  5245.505      42.0     2.595    -1.266
  5245.592      28.1     4.029    -4.490
  5245.598      25.0     4.194    -3.470
  5245.598      25.0     4.194    -4.041
  5245.601      28.0     4.089    -2.409
  5245.609      23.1     3.803    -2.902
  5245.610     607.0     0.441    -3.741               7.650
  5245.614      23.0     2.578    -3.606
  5245.620     607.0     1.295    -3.370               7.650
  5245.621      58.1     1.959    -2.310
  5245.622      23.0     2.916    -3.661
  5245.626      26.0     4.313    -0.697
  5245.635     607.0     1.620    -3.296               7.650
  5245.661 106.00113     3.415    -2.882               3.456
  5245.671      26.1     9.130    -3.667
  5245.697     607.0     0.441    -4.878               7.650
  5245.715      26.0     5.086    -1.606
  5245.721     607.0     1.198    -2.708               7.650
  5245.731      26.0     3.415    -3.334
  5245.765     607.0     0.263    -3.786               7.650
  5245.777     607.0     0.263    -4.320               7.650
  5245.789     607.0     1.620    -4.866               7.650
  5245.812 106.00113     3.416    -2.894               3.456
  5245.913      58.0     0.591     0.419
  5245.993      26.0     3.252    -4.413
  5246.000     607.0     1.151    -3.382               7.650
  5246.027      24.0     3.850    -3.229
  5246.050     607.0     1.151    -2.689               7.650
  5246.088      26.0     4.913    -2.289
  5246.115      24.1     4.410    -4.806
  5246.125     607.0     1.452    -3.033               7.650
  5246.128      22.0     2.506    -0.895
  5246.161      26.0     3.943    -4.514
  5246.200      22.0     3.458    -3.571
  5246.206      22.0     2.292    -4.651
  5246.316 106.00112     3.206    -3.176               3.456
  5246.353      22.0     0.813    -2.799
  5246.385      70.1     5.450    -1.680
  5246.404 106.00112     3.415    -2.882               3.456
  5246.413     607.0     0.295    -3.630               7.650
  5246.439     607.0     0.295    -3.965               7.650
  5246.445 106.00113     2.452    -3.356               3.456
  5246.487 106.00112     3.708    -4.326               3.456
  5246.496      22.0     2.408    -2.201
  5246.531 106.00112     3.207    -3.188               3.456
  5246.532     607.0     0.258    -4.407               7.650
  5246.539 106.00113     1.376    -4.041               3.456
  5246.550      22.0     0.836    -2.695
  5246.562     607.0     1.691    -4.688               7.650
  5246.572 106.00113     2.452    -3.337               3.456
  5246.579      26.1     8.568    -3.632
  5246.602 106.00112     3.708    -4.317               3.456
  5246.616     607.0     1.164    -2.679               7.650
  5246.643      22.0     2.408    -1.237
  5246.645     607.0     1.293    -2.483               7.650
  5246.657 106.00112     3.416    -2.894               3.456
  5246.690 106.00112     1.539    -3.628               3.456
  5246.695      70.1     4.964    -3.680
  5246.708     607.0     0.381    -4.381               7.650
  5246.723 106.00113     1.376    -4.022               3.456
  5246.726      23.0     2.583    -4.640
  5246.744      69.1     2.784    -2.390
  5246.768      24.1     3.714    -2.560
  5246.817 106.00113     3.280    -3.812               3.456
  5246.819      64.0     0.938    -0.703
  5246.883 106.00112     1.539    -3.639               3.456
  5246.947      23.0     2.253    -1.683
  5246.978      22.0     3.716    -3.956
  5247.007      21.0     1.428    -4.656
  5247.020      69.1     4.301    -2.870
  5247.050      26.0     0.087    -4.946
  5247.128      72.1     3.485     0.130
  5247.150 106.00113     2.514    -3.056               3.456
  5247.155     607.0     0.266    -3.704               7.650
  5247.170     607.0     0.266    -4.288               7.650
  5247.208      21.0     5.263    -2.940
  5247.208      21.0     5.263    -1.831
  5247.213      69.1     3.766    -3.080
  5247.266 106.00113     2.514    -3.042               3.456
  5247.288      22.0     2.103    -0.640
  5247.327      69.1     3.580    -1.240
  5247.353      92.1     0.670    -2.352
  5247.360 106.00113     3.280    -3.822               3.456
  5247.360      23.0     2.616    -1.801
  5247.360      26.0     4.593    -4.545
  5247.395 106.00112     2.452    -3.337               3.456
  5247.450      58.1     1.194    -2.790
  5247.451 106.00112     2.452    -3.356               3.456
  5247.536      23.0     2.895    -3.977
  5247.565      24.0     0.961    -1.640
  5247.576      27.1    11.517    -0.130
  5247.655      90.1     0.000    -1.846
  5247.690     607.0     1.620    -3.289               7.650
  5247.749      92.1     0.569    -2.054
  5247.756      25.0     5.384    -2.010
  5247.800      70.1     7.005    -3.480
  5247.830      22.0     3.718    -1.079
  5247.856      25.0     4.794    -3.174
  5247.911      27.0     1.785    -2.070
  5247.915     607.0     0.302    -3.593               7.650
  5247.916 106.00112     1.376    -4.022               3.456
  5247.944 106.00112     1.376    -4.041               3.456
  5247.944     607.0     0.302    -3.967               7.650
  5247.955      26.1    10.531     0.550
  5247.982      24.0     4.778    -3.043
  5247.988 106.00112     2.514    -3.042               3.456
  5248.019     607.0     1.420    -2.589               7.650
  5248.040 106.00112     2.514    -3.056               3.456
  5248.044      58.1     3.630    -2.380
  5248.075     607.0     1.452    -3.027               7.650
  5248.124     607.0     1.420    -3.872               7.650
  5248.153      70.1     6.847    -2.310
  5248.178     607.0     1.418    -3.877               7.650
  5248.247 106.00113     3.207    -3.188               3.456
  5248.316 106.00113     3.206    -3.176               3.456
  5248.372      28.0     3.941    -2.426
  5248.373 106.00112     3.280    -3.812               3.456
  5248.383      22.0     1.879    -1.818
  5248.440     607.0     1.217    -3.674               7.650
  5248.484      21.1     8.253    -3.916
  5248.498     607.0     1.217    -2.273               7.650
  5248.529      26.0     5.100    -3.281
  5248.537     607.0     1.309    -2.489               7.650
  5248.538     607.0     0.260    -4.274               7.650
  5248.553      23.0     1.931    -2.353
  5248.564 106.00113     2.398    -3.373               3.456
  5248.583      23.0     2.583    -3.397
  5248.607     607.0     1.309    -3.477               7.650
  5248.643      58.1     1.327    -2.500
  5248.649      23.0     3.071    -2.907
  5248.670     607.0     0.270    -3.632               7.650
  5248.682      25.0     4.794    -1.122
  5248.686     607.0     0.328    -3.512               7.650
  5248.687     607.0     0.270    -4.265               7.650
  5248.790      60.1     1.121    -1.360
  5248.812      24.1     8.143    -4.255
  5248.867      75.0     2.700    -1.750
  5248.871     607.0     1.198    -3.801               7.650
  5248.873     607.0     0.392    -4.390               7.650
  5248.955 106.00113     2.398    -3.354               3.456
  5248.956     607.0     1.198    -2.701               7.650
  5248.993      70.1     6.456    -1.660
  5249.027 106.00112     3.280    -3.822               3.456
  5249.032      28.0     3.941    -2.613
  5249.073      23.0     2.365    -2.067
  5249.091      58.1     0.587    -3.660
  5249.105      26.0     4.473    -1.610
  5249.107      28.1     9.909    -4.244
  5249.120      63.0     1.944    -0.600
  5249.137 106.00113     2.206    -3.235               3.456
  5249.141      24.0     4.449    -2.015
  5249.159 106.00112     3.274    -3.176               3.456
  5249.161      58.0     0.206    -1.097
  5249.184      23.0     1.711    -4.520
  5249.221     607.0     0.247    -4.784               7.650
  5249.242      23.1     3.973    -2.767
  5249.279      22.0     0.818    -4.941
  5249.286     607.0     0.247    -3.904               7.650
  5249.297      26.1     7.773    -3.073
  5249.315      26.0     4.608    -4.427
  5249.332     607.0     1.118    -3.718               7.650
  5249.340      26.1    10.413    -0.590
  5249.364      27.1    11.289     0.130
  5249.374      26.0     4.991    -4.303
  5249.383     607.0     1.122    -4.122               7.650
  5249.385      26.0     5.064    -3.041
  5249.399      25.0     4.194    -2.876
  5249.411      20.0     4.763    -0.920
  5249.415 106.00113     2.207    -3.250               3.456
  5249.437      24.1     3.758    -2.752
  5249.453      26.0     4.985    -3.667
  5249.475     607.0     1.255    -2.948               7.650
  5249.569      24.0     4.855    -2.772
  5249.575 106.00112     3.274    -3.165               3.456
  5249.576      60.1     0.976     0.200
  5249.583     607.0     0.309    -3.558               7.650
  5249.600 106.00113     3.183    -3.833               3.456
  5249.605      58.0     0.411    -0.630
  5249.613     607.0     0.309    -3.970               7.650
  5249.623      26.0     3.960    -5.042
  5249.641 106.00113     3.183    -3.822               3.456
  5249.666 106.00113     2.031    -3.653               3.456
  5249.682      26.0     4.733    -2.628
  5249.743 106.00112     2.398    -3.373               3.456
  5249.765 106.00113     2.031    -3.639               3.456
  5249.804      70.1     5.581    -1.060
  5249.842      59.0     0.550    -0.391
  5249.920      58.1     1.575    -1.360
  5249.923     607.0     0.441    -3.727               7.650
  5249.931     607.0     1.231    -2.273               7.650
  5249.961 106.00112     2.398    -3.354               3.456
  5249.989      14.0     7.516    -3.469
  5249.991     607.0     1.231    -3.688               7.650
  5250.000      27.0     4.175     0.320
  5250.002     607.0     0.266    -3.817               7.650
  5250.014     607.0     0.263    -3.873               7.650
  5250.015      22.0     3.351    -2.665
  5250.110 106.00112     2.206    -3.235               3.456
  5250.143      69.1     4.329    -0.820
  5250.182     607.0     0.260    -3.935               7.650
  5250.187     607.0     0.270    -3.767               7.650
  5250.205      26.0     5.012    -3.378
  5250.209      26.0     0.121    -4.938
  5250.331      42.0     2.597    -2.230
  5250.358     607.0     0.274    -3.569               7.650
  5250.369 106.00113     1.377    -4.022               3.456
  5250.377     607.0     0.274    -4.248               7.650
  5250.424 106.00113     1.377    -4.041               3.456
  5250.503      70.1     7.166    -1.640
  5250.524      29.0     5.523    -0.852
  5250.537     607.0     0.274    -3.720               7.650
  5250.542     607.0     0.258    -4.003               7.650
  5250.565 106.00112     2.207    -3.250               3.456
  5250.646      26.0     2.198    -2.311
  5250.660     607.0     1.420    -2.578               7.650
  5250.678     607.0     0.263    -4.166               7.650
  5250.692      69.1     3.934    -3.150
  5250.739 106.00112     2.031    -3.639               3.456
  5250.804      60.1     0.745    -0.720
  5250.815      24.0     5.288    -2.354
  5250.832 106.00112     2.031    -3.653               3.456
  5250.846      23.0     2.638    -3.389
  5250.921      22.0     0.826    -2.363
  5250.945     607.0     1.574    -4.260               7.650
  5251.035     607.0     0.279    -3.677               7.650
  5251.053      23.0     2.247    -1.874
  5251.055      58.0     0.984    -0.064
  5251.091     607.0     0.256    -4.079               7.650
  5251.134      42.0     2.598    -2.415
  5251.143      22.0     3.718    -0.680
  5251.161 106.00113     3.274    -3.176               3.456
  5251.169      22.0     3.334    -2.571
  5251.194 106.00113     1.961    -3.448               3.456
  5251.194     607.0     0.404    -4.398               7.650
  5251.201      64.0     1.054     0.103
  5251.225      26.1    10.519     0.420
  5251.245     607.0     0.346    -3.511               7.650
  5251.248      70.1     7.411    -2.040
  5251.306     607.0     1.164    -3.390               7.650
  5251.307      23.0     2.365    -2.275
  5251.309 106.00112     3.183    -3.822               3.456
  5251.354      24.1     6.869    -2.663
  5251.357     607.0     1.164    -2.670               7.650
  5251.376 106.00112     3.183    -3.833               3.456
  5251.379     607.0     0.316    -3.526               7.650
  5251.392      25.0     5.405    -1.422
  5251.411     607.0     0.316    -3.974               7.650
  5251.415     607.0     0.262    -3.897               7.650
  5251.432      26.1     7.489    -3.019
  5251.478      22.0     0.818    -2.541
  5251.563 106.00112     1.377    -4.022               3.456
  5251.577 106.00113     1.961    -3.434               3.456
  5251.591      41.0     0.000    -1.580
  5251.608      26.0     5.064    -3.165
  5251.666      24.0     4.455    -2.520
  5251.685      44.0     1.589    -1.950
  5251.695      26.0     4.913    -2.796
  5251.701      59.1     0.630    -1.366
  5251.707 106.00113     2.399    -3.373               3.456
  5251.728     607.0     0.284    -3.637               7.650
  5251.806     607.0     0.255    -4.165               7.650
  5251.818      27.1    11.471    -0.500
  5251.823      25.1     7.053    -1.833
  5251.831 106.00112     1.377    -4.041               3.456
  5251.845 106.00113     2.399    -3.354               3.456
  5251.853      24.0     4.618    -3.353
  5251.872 106.00113     3.274    -3.165               3.456
  5251.875      23.0     3.239    -4.561
  5251.880     607.0     1.535    -2.856               7.650
  5251.913      69.1     4.778    -2.870
  5251.914      62.0     0.388    -0.040
  5251.967      26.0     3.573    -3.999
  5251.980     607.0     1.255    -4.255               7.650
  5252.012     607.0     1.535    -4.312               7.650
  5252.019      22.1     2.590    -1.960
  5252.028      58.0     0.621    -0.688
  5252.092     607.0     1.255    -2.943               7.650
  5252.099      22.0     0.048    -2.386
  5252.101     607.0     1.309    -2.471               7.650
  5252.112      58.1     0.635    -1.880
  5252.156      64.1     1.372    -1.380
  5252.162     607.0     0.279    -3.511               7.650
  5252.183     607.0     0.279    -4.236               7.650
  5252.217      22.0     3.323    -2.571
  5252.221     607.0     1.176    -2.660               7.650
  5252.314 106.00113     1.703    -3.496               3.456
  5252.375      58.1     1.500    -1.930
  5252.377      22.0     2.333    -1.544
  5252.380      23.0     2.916    -3.440
  5252.506      26.1     9.100    -2.520
  5252.511     607.0     1.390    -2.599               7.650
  5252.513     607.0     0.461    -3.731               7.650
  5252.521 106.00113     1.703    -3.478               3.456
  5252.521 106.00113     2.517    -3.042               3.456
  5252.542      70.1     6.063    -3.870
  5252.584      27.1    11.280     0.010
  5252.599     607.0     0.289    -3.601               7.650
  5252.602     607.0     0.461    -4.885               7.650
  5252.612      24.1     8.785    -3.955
  5252.634     607.0     1.390    -4.539               7.650
  5252.661      58.1     1.155    -0.640
  5252.679     607.0     0.254    -4.261               7.650
  5252.736 106.00113     3.471    -2.823               3.456
  5252.744      23.0     2.247    -2.813
  5252.756      58.1     1.319    -3.170
  5252.764 106.00112     3.711    -4.317               3.456
  5252.764      62.1     0.998    -1.379
  5252.817      58.1     1.327    -1.120
  5252.835 106.00113     2.517    -3.056               3.456
  5252.852 106.00112     2.399    -3.354               3.456
  5252.888 106.00112     2.399    -3.373               3.456
  5252.921 106.00112     1.961    -3.448               3.456
  5252.933      24.0     2.987    -3.266
  5252.954      21.0     5.265    -1.931
  5252.962     607.0     0.266    -4.075               7.650
  5253.021      26.0     2.279    -4.070
  5253.026      41.0     1.395    -1.500
  5253.036      58.1     2.129    -2.050
  5253.153 106.00112     1.961    -3.434               3.456
  5253.197      23.0     2.242    -1.836
  5253.213 106.00113     3.471    -2.811               3.456
  5253.225 106.00113     3.708    -4.326               3.456
  5253.225      21.0     2.608    -2.986
  5253.239      26.0     3.635    -3.583
  5253.244 106.00112     2.517    -3.042               3.456
  5253.302      27.1    11.471    -0.150
  5253.316      26.0     4.320    -4.121
  5253.333      22.0     3.698    -1.131
  5253.335     607.0     0.324    -3.495               7.650
  5253.346      23.0     3.933    -2.839
  5253.370     607.0     0.324    -3.979               7.650
  5253.393      23.0     2.332    -3.343
  5253.413      58.0     0.294    -1.012
  5253.448 106.00112     3.711    -4.326               3.456
  5253.448      57.0     0.131    -0.820
  5253.462      26.0     3.281    -1.573
  5253.465      70.1     5.724    -3.780
  5253.546      24.0     3.847    -2.796
  5253.570      23.0     2.256    -2.695
  5253.572      69.1     4.254    -3.170
  5253.586 106.00113     1.962    -3.448               3.456
  5253.638     607.0     0.295    -3.566               7.650
  5253.648      26.1    10.451    -0.130
  5253.668      22.0     2.239    -1.368
  5253.676     607.0     0.416    -4.406               7.650
  5253.694     607.0     1.380    -4.070               7.650
  5253.697 106.00113     1.289    -2.995               3.456
  5253.697       6.0     8.771    -4.070
  5253.727 106.00112     2.517    -3.056               3.456
  5253.735      28.0     4.419    -1.793
  5253.787     607.0     1.231    -3.683               7.650
  5253.793 106.00113     1.962    -3.434               3.456
  5253.796      24.0     4.207    -3.684
  5253.807      23.0     3.074    -2.671
  5253.813      62.0     1.414    -0.294
  5253.818     607.0     0.253    -4.362               7.650
  5253.837 106.00113     3.708    -4.317               3.456
  5253.842      26.0     4.985    -4.608
  5253.846      27.0     4.175    -1.318
  5253.847     607.0     1.231    -2.258               7.650
  5253.893 106.00113     1.289    -2.935               3.456
  5253.915      41.0     1.094    -1.340
  5253.923      23.0     3.113    -1.640
  5254.020     607.0     1.218    -2.697               7.650
  5254.033      22.0     2.250    -1.786
  5254.036      21.1     8.255    -3.694
  5254.083 106.00112     1.703    -3.496               3.456
  5254.096     607.0     1.437    -3.884               7.650
  5254.105 106.00112     3.276    -3.165               3.456
  5254.127 106.00112     1.703    -3.478               3.456
  5254.140      24.0     4.389    -1.948
  5254.145     607.0     0.284    -3.460               7.650
  5254.165     607.0     1.535    -2.848               7.650
  5254.168     607.0     0.284    -4.228               7.650
  5254.175     607.0     1.326    -2.476               7.650
  5254.185      70.1     6.189    -1.550
  5254.247     607.0     1.326    -3.485               7.650
  5254.304 106.00113     1.289    -4.921               3.456
  5254.329 106.00112     3.276    -3.176               3.456
  5254.362      27.0     4.395    -2.101
  5254.401      26.1    10.500    -0.460
  5254.472     607.0     1.155    -4.580               7.650
  5254.497      22.0     2.334    -1.560
  5254.564 106.00113     2.346    -3.379               3.456
  5254.591      70.1     7.370    -1.090
  5254.647      27.0     3.971    -1.249
  5254.651     607.0     1.390    -4.538               7.650
  5254.679     607.0     0.346    -3.499               7.650
  5254.746      64.0     0.791    -0.733
  5254.766      26.0     4.966    -4.915
  5254.773     607.0     1.390    -2.592               7.650
  5254.784     607.0     0.255    -4.360               7.650
  5254.789     607.0     0.255    -4.180               7.650
  5254.822      58.0     0.719    -0.130
  5254.834     607.0     0.254    -4.412               7.650
  5254.834 106.00113     1.704    -3.496               3.456
  5254.837     607.0     0.254    -4.435               7.650
  5254.853     607.0     0.302    -3.534               7.650
  5254.857      27.0     4.209    -1.181
  5254.862 106.00113     1.704    -3.478               3.456
  5254.895      58.1     2.915    -1.330
  5254.898      27.0     4.916    -3.413
  5254.904      24.0     3.410    -0.551
  5254.923     607.0     0.256    -4.313               7.650
  5254.929      26.1     3.230    -3.336
  5254.930     607.0     0.256    -4.018               7.650
  5254.945 106.00113     2.346    -3.371               3.456
  5254.955      26.0     0.110    -4.764
  5254.958     607.0     1.129    -3.725               7.650
  5254.977      26.0     4.294    -3.336
  5254.981      23.0     2.616    -3.286
  5255.114      24.0     3.464    -0.386
  5255.175      58.1     3.328    -2.770
  5255.185 106.00113     3.136    -3.291               3.456
  5255.191      58.1     3.886    -2.350
  5255.204      58.1     4.192    -2.210
  5255.216     607.0     0.258    -4.276               7.650
  5255.225     607.0     0.258    -3.895               7.650
  5255.228      58.1     1.107    -3.360
  5255.248      70.1     7.321    -2.680
  5255.268      27.1    11.471    -0.030
  5255.275      25.0     3.133    -3.963
  5255.280      25.0     3.133    -2.641
  5255.281     607.0     0.262    -4.792               7.650
  5255.283      25.0     3.133    -3.804
  5255.284      25.0     3.133    -1.842
  5255.290      25.0     3.133    -2.447
  5255.293      25.0     3.133    -3.884
  5255.295      25.0     3.133    -1.748
  5255.301      25.0     3.133    -2.395
  5255.306      25.0     3.133    -4.206
  5255.308      25.0     3.133    -1.653
  5255.315 106.00112     1.962    -3.448               3.456
  5255.316      25.0     3.133    -2.439
  5255.324      25.0     3.133    -1.561
  5255.332      25.0     3.133    -2.632
  5255.342      25.0     3.133    -1.473
  5255.348     607.0     0.262    -3.889               7.650
  5255.362      25.0     3.133    -1.390
  5255.370 106.00112     1.962    -3.434               3.456
  5255.399     607.0     0.270    -3.997               7.650
  5255.401      74.0     2.787    -0.720
  5255.451     607.0     0.333    -3.467               7.650
  5255.487     607.0     0.333    -3.985               7.650
  5255.493     607.0     0.461    -3.717               7.650
  5255.500      69.0     2.355    -1.580
  5255.500      69.1     4.481    -1.500
  5255.500 106.00112     3.471    -2.823               3.456
  5255.502      60.1     0.205    -0.670
  5255.511 106.00113     3.136    -3.277               3.456
  5255.570     607.0     1.246    -2.258               7.650
  5255.579      58.1     3.750    -1.820
  5255.601      58.1     0.977    -2.850
  5255.604      69.1     3.010    -2.400
  5255.633     607.0     1.246    -3.696               7.650
  5255.663      26.0     4.220    -1.685
  5255.671      70.1     5.868    -0.970
  5255.701     607.0     0.260    -4.247               7.650
  5255.711     607.0     0.260    -3.795               7.650
  5255.717     607.0     1.380    -4.065               7.650
  5255.736      26.0     4.283    -1.580
  5255.806      22.0     2.117    -0.610
  5255.808      64.0     0.812    -0.496
  5255.823      76.0     2.369    -1.440
  5255.826 106.00113     2.034    -3.639               3.456
  5255.883      20.0     5.181    -3.733
  5255.912 106.00112     2.346    -3.379               3.456
  5255.933      68.1     1.615    -0.722
  5255.945      23.1     2.601    -3.607
  5255.945     607.0     1.749    -4.001               7.650
  5255.961      69.1     3.936    -2.780
  5255.982      58.0     1.157     0.010
  5255.995 106.00112     3.471    -2.811               3.456
  5256.018      58.1     2.017    -0.970
  5256.033      64.1     1.727    -1.260
  5256.078      69.1     4.096    -2.540
  5256.125 106.00113     2.034    -3.653               3.456
  5256.127 106.00112     2.346    -3.371               3.456
  5256.133 106.00113     2.441    -3.071               3.456
  5256.145      26.0     4.988    -3.182
  5256.191      23.0     2.269    -1.603
  5256.215     607.0     0.309    -3.504               7.650
  5256.241     607.0     0.289    -3.413               7.650
  5256.246 106.00113     2.441    -3.056               3.456
  5256.266     607.0     0.289    -4.223               7.650
  5256.285     607.0     1.559    -3.733               7.650
  5256.314     607.0     0.428    -4.415               7.650
  5256.335 106.00113     3.276    -3.176               3.456
  5256.366     607.0     0.263    -4.226               7.650
  5256.379     607.0     0.263    -3.710               7.650
  5256.406 106.00113     3.276    -3.165               3.456
  5256.470 106.00112     1.704    -3.478               3.456
  5256.470      68.1     2.212    -1.030
  5256.551     607.0     1.444    -2.581               7.650
  5256.605 106.00112     1.704    -3.496               3.456
  5256.616      27.1    11.401    -0.400
  5256.649      58.1     4.097    -3.800
  5256.658     607.0     1.444    -3.878               7.650
  5256.680      24.1     4.415    -3.977
  5256.692      22.0     0.813    -4.086
  5256.788     607.0     1.176    -3.398               7.650
  5256.802 106.00112     2.034    -3.639               3.456
  5256.821      23.0     2.616    -0.343
  5256.841     607.0     1.176    -2.651               7.650
  5256.893      23.0     3.815    -4.220
  5256.899      38.0     2.271     0.230
  5256.917      58.1     1.639    -1.820
  5256.921     607.0     0.255    -4.535               7.650
  5256.938      26.1     2.891    -4.182
  5256.992      26.0     5.086    -2.320
  5257.028      23.0     3.079    -2.550
  5257.045      92.1     0.703    -1.289
  5257.062 106.00113     1.537    -4.034               3.456
  5257.073      24.0     3.435    -3.492
  5257.081      44.0     3.786     0.230
  5257.119      26.1    10.500     0.160
  5257.139 106.00112     2.441    -3.056               3.456
  5257.192 106.00112     2.441    -3.071               3.456
  5257.214     607.0     0.266    -4.210               7.650
  5257.229     607.0     0.266    -3.637               7.650
  5257.294 106.00112     2.034    -3.653               3.456
  5257.385      69.1     4.847    -1.580
  5257.482     607.0     0.364    -3.499               7.650
  5257.487      70.1     4.264    -0.670
  5257.493 106.00113     2.347    -3.379               3.456
  5257.497      14.0     4.930    -4.550
  5257.501      23.1     2.276    -3.436
  5257.581      22.0     2.487    -1.287
  5257.583      26.0     3.984    -3.987
  5257.609      27.0     3.971    -0.933
  5257.639 106.00113     2.347    -3.371               3.456
  5257.640      26.1     8.145    -3.737
  5257.655      26.0     3.573    -2.883
  5257.710     607.0     1.326    -2.460               7.650
  5257.713     607.0     0.341    -3.440               7.650
  5257.730     607.0     1.326    -4.822               7.650
  5257.736     607.0     0.278    -3.883               7.650
  5257.752     607.0     0.341    -3.992               7.650
  5257.758     607.0     0.316    -3.476               7.650
  5257.791     607.0     1.749    -3.995               7.650
  5257.850     607.0     0.256    -4.329               7.650
  5257.857     607.0     0.256    -4.662               7.650
  5257.859      15.0     6.985    -3.000
  5257.868     607.0     1.326    -3.364               7.650
  5257.874      22.0     2.297    -3.867
  5257.875      15.0     6.954    -3.000
  5257.885     607.0     1.140    -4.129               7.650
  5257.893      26.1    10.455    -0.530
  5257.920      62.1     0.333    -2.800
  5257.923      69.1     4.265    -2.680
  5257.960 106.00112     3.627    -4.335               3.456
  5257.965      58.1     1.748    -2.240
  5257.970     607.0     0.274    -3.928               7.650
  5258.024     607.0     1.559    -3.728               7.650
  5258.026      26.1     7.604    -3.219
  5258.046     607.0     1.189    -2.642               7.650
  5258.057 106.00113     2.129    -3.265               3.456
  5258.063 106.00112     3.627    -4.326               3.456
  5258.065      23.0     3.087    -2.671
  5258.073     607.0     1.655    -3.291               7.650
  5258.118      23.0     1.800    -2.012
  5258.168 106.00113     2.129    -3.250               3.456
  5258.228 106.00113     3.187    -3.822               3.456
  5258.229     607.0     1.655    -4.870               7.650
  5258.235     607.0     0.270    -4.199               7.650
  5258.252     607.0     0.270    -3.572               7.650
  5258.267 106.00112     3.136    -3.291               3.456
  5258.298      26.0     3.929    -4.196
  5258.320      23.0     3.099    -1.563
  5258.325      27.0     1.883    -4.573
  5258.359      66.1     2.471    -0.726
  5258.360      90.0     0.479    -1.758
  5258.383      21.0     2.509     0.470
  5258.445     607.0     1.485    -3.027               7.650
  5258.447 106.00113     3.474    -2.811               3.456
  5258.456      58.1     0.701    -1.470
  5258.471      39.0     1.890    -2.140
  5258.492     607.0     0.482    -3.721               7.650
  5258.511     607.0     0.295    -3.369               7.650
  5258.538     607.0     0.295    -4.221               7.650
  5258.583     607.0     0.482    -4.892               7.650
  5258.618 106.00112     3.136    -3.277               3.456
  5258.649 106.00112     3.343    -3.165               3.456
  5258.671      22.0     3.108    -1.464
  5258.690      23.0     3.827    -4.127
  5258.724 106.00113     3.474    -2.823               3.456
  5258.724      23.0     2.895    -4.686
  5258.773 106.00113     3.187    -3.833               3.456
  5258.823 106.00112     2.347    -3.371               3.456
  5258.843 106.00112     2.347    -3.379               3.456
  5258.879      26.1     9.130    -2.564
  5258.895      26.0     4.985    -4.961
  5258.934      26.0     4.956    -2.418
  5259.022      27.1    11.396    -0.200
  5259.032      42.0     2.598    -0.820
  5259.045     607.0     0.258    -4.216               7.650
  5259.054     607.0     0.258    -4.452               7.650
  5259.060      22.0     3.323    -3.873
  5259.094      26.0     4.371    -0.841
  5259.094 106.00112     3.343    -3.154               3.456
  5259.116     607.0     0.441    -4.423               7.650
  5259.126      24.0     4.855    -3.847
  5259.183     607.0     1.444    -2.570               7.650
  5259.197      69.1     4.461    -1.130
  5259.209      24.0     3.850    -2.987
  5259.262      22.0     1.749    -4.071
  5259.321 106.00112     2.129    -3.250               3.456
  5259.330      23.0     3.080    -3.743
  5259.334      58.1     1.339    -2.400
  5259.334     607.0     1.246    -3.691               7.650
  5259.338      74.0     3.408     0.080
  5259.361      26.0     4.446    -4.568
  5259.379      57.1     0.173    -1.950
  5259.379 106.00112     2.129    -3.265               3.456
  5259.396      26.1     9.576    -3.020
  5259.397     607.0     1.246    -2.244               7.650
  5259.439     607.0     0.274    -4.192               7.650
  5259.442      27.1    11.396     0.140
  5259.443 106.00112     1.289    -2.995               3.456
  5259.457     607.0     0.274    -3.514               7.650
  5259.466      28.0     3.740    -1.502
  5259.477     607.0     0.324    -3.449               7.650
  5259.482 106.00112     1.289    -4.921               3.456
  5259.550      22.0     3.708    -1.081
  5259.551      69.1     4.914    -1.440
  5259.573      69.1     4.266    -1.370
  5259.651      58.1     1.206    -2.960
  5259.655      26.1     8.266    -4.369
  5259.678      21.1     8.399    -3.776
  5259.680      58.1     1.092    -1.990
  5259.689 106.00112     1.289    -2.935               3.456
  5259.721      58.1     1.107    -2.040
  5259.728      59.1     0.633    -0.038
  5259.746     607.0     1.601    -4.265               7.650
  5259.822      25.1     6.495    -4.094
  5259.828 106.00113     1.483    -3.651               3.456
  5259.877      66.0     2.386     0.669
  5259.902 106.00112     3.187    -3.822               3.456
  5259.920      58.0     0.294    -0.844
  5259.921      58.1     1.274    -1.860
  5259.973      22.0     2.738    -0.180
  5260.005      69.1     4.480    -1.610
  5260.016 106.00113     3.711    -4.317               3.456
  5260.035 106.00113     1.483    -3.637               3.456
  5260.038 106.00113     3.138    -3.277               3.456
  5260.066     607.0     1.655    -3.284               7.650
  5260.071     607.0     1.344    -2.464               7.650
  5260.086     607.0     1.281    -2.940               7.650
  5260.106     607.0     1.457    -3.890               7.650
  5260.125     607.0     0.351    -3.415               7.650
  5260.141      42.0     3.825    -0.726
  5260.146     607.0     1.344    -3.493               7.650
  5260.165     607.0     0.351    -3.999               7.650
  5260.204 106.00113     3.711    -4.326               3.456
  5260.226      23.0     3.315    -3.828
  5260.254      26.1    10.419     1.090
  5260.284 106.00113     3.138    -3.291               3.456
  5260.360     607.0     1.485    -3.021               7.650
  5260.387      20.0     2.521    -1.719
  5260.399     607.0     0.260    -4.141               7.650
  5260.410     607.0     0.260    -4.299               7.650
  5260.422      24.0     4.239    -3.309
  5260.430      72.1     2.153    -1.540
  5260.500      21.1     8.255    -4.371
  5260.531      20.0     5.299    -3.968
  5260.536      24.0     4.613    -2.967
  5260.555 106.00112     3.187    -3.833               3.456
  5260.560      22.0     3.702    -1.752
  5260.681     607.0     0.279    -3.866               7.650
  5260.692      58.1     3.217    -1.410
  5260.736      25.0     3.135    -3.782
  5260.740      25.0     3.135    -3.138
  5260.742      25.0     3.135    -3.585
  5260.743      20.0     5.390    -4.678
  5260.744      23.0     3.089    -3.368
  5260.744     607.0     1.140    -3.731               7.650
  5260.747      25.0     3.135    -3.084
  5260.749      25.0     3.135    -3.529
  5260.751      25.0     3.135    -3.782
  5260.756      25.0     3.135    -2.978
  5260.759      25.0     3.135    -3.570
  5260.762      25.0     3.135    -3.585
  5260.767      25.0     3.135    -2.854
  5260.771      25.0     3.135    -3.760
  5260.774      25.0     3.135    -3.529
  5260.781      25.0     3.135    -2.726
  5260.789      25.0     3.135    -3.570
  5260.797      25.0     3.135    -2.601
  5260.798     607.0     0.279    -4.188               7.650
  5260.807      25.0     3.135    -3.760
  5260.812      64.0     1.963    -0.163
  5260.819     607.0     0.279    -3.462               7.650
  5260.844     607.0     0.364    -3.487               7.650
  5260.884      26.0     3.943    -4.354
  5260.901     607.0     0.302    -3.330               7.650
  5260.923      69.1     3.247    -0.890
  5260.929     607.0     0.302    -4.221               7.650
  5260.933      22.0     3.709    -1.479
  5260.940      23.0     2.286    -1.032
  5260.954 106.00113     3.343    -3.165               3.456
  5260.960      74.1     2.857    -1.010
  5260.988      24.0     4.449    -2.614
  5261.006      20.0     5.300    -3.444
  5261.026 106.00113     2.297    -3.385               3.456
  5261.094      58.1     1.966    -2.400
  5261.132      42.0     2.499    -1.227
  5261.191      58.1     1.206    -2.070
  5261.220 106.00112     1.537    -4.034               3.456
  5261.234 106.00112     3.474    -2.811               3.456
  5261.237      21.0     3.057    -1.500
  5261.303      26.0     5.064    -2.830
  5261.333 106.00113     2.444    -3.056               3.456
  5261.352     607.0     0.333    -3.424               7.650
  5261.360      70.1     6.950    -3.700
  5261.380      24.0     3.435    -4.538
  5261.403 106.00113     2.297    -3.377               3.456
  5261.403     607.0     1.261    -2.243               7.650
  5261.411      25.0     3.135    -3.495
  5261.429      58.1     0.529    -3.130
  5261.467     607.0     1.261    -3.704               7.650
  5261.477      27.1     8.423    -4.152
  5261.491      26.0     2.949    -4.315
  5261.494 106.00112     3.474    -2.823               3.456
  5261.504     607.0     0.278    -4.800               7.650
  5261.532      42.0     3.863    -0.484
  5261.537      70.1     7.166    -2.700
  5261.569 106.00113     1.432    -2.554               3.456
  5261.572     607.0     0.278    -3.875               7.650
  5261.580 106.00112     1.483    -3.651               3.456
  5261.585      24.1     5.871    -3.774
  5261.610 106.00112     1.483    -3.637               3.456
  5261.611     607.0     0.482    -3.708               7.650
  5261.623      22.0     3.334    -3.469
  5261.627 106.00113     1.432    -3.838               3.456
  5261.627 106.00113     2.444    -3.071               3.456
  5261.632      58.1     0.721    -1.810
  5261.670      26.0     4.415    -5.089
  5261.693      58.0     0.398    -0.259
  5261.704      20.0     2.521    -0.579
  5261.704 106.00113     3.343    -3.154               3.456
  5261.729      21.0     2.338    -3.345
  5261.751      58.1     0.969    -3.670
  5261.751      24.0     3.698    -0.320
  5261.920     607.0     0.263    -4.089               7.650
  5261.927      24.0     3.551    -2.724
  5261.933     607.0     0.263    -4.180               7.650
  5262.003      70.1     7.980    -0.360
  5262.037     607.0     0.258    -4.862               7.650
  5262.060      15.0     7.176    -1.570
  5262.074     607.0     0.455    -4.432               7.650
  5262.076      26.0     4.283    -3.160
  5262.106      65.1     0.373    -1.302
  5262.137      22.1     1.582    -2.250
  5262.228 106.00112     2.444    -3.056               3.456
  5262.241      20.0     2.521    -0.471
  5262.246      26.0     5.100    -1.492
  5262.275      25.0     5.384    -2.300
  5262.292 106.00113     3.090    -3.844               3.456
  5262.294     607.0     0.284    -4.187               7.650
  5262.313      26.1    10.545    -0.370
  5262.317     607.0     0.284    -3.414               7.650
  5262.325 106.00113     3.090    -3.833               3.456
  5262.352      58.1     0.559    -2.690
  5262.363      69.1     3.744    -2.070
  5262.419 106.00113     1.916    -3.462               3.456
  5262.422 106.00113     1.432    -4.938               3.456
  5262.434      20.0     5.321    -3.878
  5262.450      27.0     4.149    -0.658
  5262.463      22.0     3.724    -3.308
  5262.471      20.0     4.769    -1.033
  5262.479      24.0     4.440    -2.341
  5262.535 106.00112     2.297    -3.385               3.456
  5262.549     607.0     1.189    -3.407               7.650
  5262.564     607.0     1.281    -4.260               7.650
  5262.565      24.0     4.490    -3.514
  5262.605     607.0     1.189    -2.633               7.650
  5262.610      26.0     4.320    -2.410
  5262.641      23.0     2.247    -2.289
  5262.646     607.0     1.566    -2.849               7.650
  5262.679     607.0     1.281    -2.935               7.650
  5262.687     607.0     0.360    -3.391               7.650
  5262.688 106.00112     2.444    -3.071               3.456
  5262.729     607.0     0.360    -4.007               7.650
  5262.740 106.00113     1.484    -3.651               3.456
  5262.751 106.00113     1.484    -3.637               3.456
  5262.754 106.00112     2.297    -3.377               3.456
  5262.781     607.0     1.566    -4.317               7.650
  5262.807 106.00113     1.916    -3.446               3.456
  5262.812      58.1     1.339    -1.730
  5262.824      28.0     3.740    -2.930
  5262.854      69.1     4.288    -3.590
  5262.875      24.0     4.455    -1.951
  5262.881      26.0     3.251    -2.790
  5262.886      58.1     1.924    -1.680
  5262.938      58.1     1.296    -1.570
  5262.962      26.0     4.956    -4.164
  5263.150 106.00112     3.138    -3.277               3.456
  5263.196      58.1     0.122    -2.430
  5263.212      24.0     3.551    -2.882
  5263.220      27.1     8.890    -4.187
  5263.226     607.0     1.418    -2.591               7.650
  5263.306      26.0     3.263    -0.879
  5263.351     607.0     1.418    -4.545               7.650
  5263.372 106.00112     3.138    -3.291               3.456
  5263.394      26.0     3.640    -3.380
  5263.402      22.0     3.104    -3.547
  5263.403     607.0     0.341    -3.400               7.650
  5263.414 106.00113     2.131    -3.250               3.456
  5263.455     607.0     0.309    -3.293               7.650
  5263.483      22.0     2.134    -0.730
  5263.486     607.0     0.309    -4.223               7.650
  5263.499     607.0     1.344    -2.448               7.650
  5263.545     607.0     0.284    -3.810               7.650
  5263.563      70.1     6.165    -0.480
  5263.569      27.0     4.149    -1.737
  5263.608 106.00112     3.345    -3.154               3.456
  5263.631     607.0     0.266    -4.051               7.650
  5263.646     607.0     0.266    -4.081               7.650
  5263.652      22.0     3.090    -3.730
  5263.674 106.00113     2.131    -3.265               3.456
  5263.744 106.00113     2.298    -3.385               3.456
  5263.771      24.0     4.490    -0.885
  5263.800      64.0     0.066    -1.904
  5263.843 106.00112     3.346    -3.165               3.456
  5263.865      26.0     3.571    -2.135
  5263.874      59.1     0.483    -0.760
  5263.878     607.0     0.289    -4.188               7.650
  5263.886     607.0     0.382    -3.487               7.650
  5263.901 106.00113     2.298    -3.377               3.456
  5263.903     607.0     0.289    -3.371               7.650
  5263.917      69.1     4.744    -2.240
  5263.989      26.0     5.070    -3.383
  5263.999      23.1     2.510    -2.368
  5264.007     607.0     1.203    -2.625               7.650
  5264.020      26.1    10.500    -0.440
  5264.109 106.00112     3.090    -3.833               3.456
  5264.119      58.1     2.473    -2.250
  5264.153      24.0     0.968    -1.290
  5264.179      26.1    10.503     0.300
  5264.182      58.0     0.521    -0.139
  5264.184 106.00112     3.090    -3.844               3.456
  5264.204      60.0     0.140    -0.790
  5264.215      12.1    11.569    -0.374
  5264.228     607.0     0.294    -3.868               7.650
  5264.229      27.0     4.259    -0.600
  5264.237      20.0     2.523    -0.574
  5264.240 106.00113     3.627    -4.335               3.456
  5264.252     607.0     0.260    -4.700               7.650
  5264.277      22.0     2.160    -4.524
  5264.301 106.00112     1.916    -3.462               3.456
  5264.301 106.00112     3.630    -4.326               3.456
  5264.323      25.0     5.396    -1.887
  5264.328 106.00112     1.484    -3.637               3.456
  5264.340      23.0     2.247    -1.462
  5264.368      12.1    11.569    -0.529
  5264.437      26.0     2.990    -4.346
  5264.445      26.0     3.642    -4.453
  5264.475      69.1     4.096    -1.750
  5264.492      23.1     2.265    -3.489
  5264.495 106.00112     1.484    -3.651               3.456
  5264.542 106.00112     1.916    -3.446               3.456
  5264.570 106.00112     2.131    -3.250               3.456
  5264.592 106.00113     1.917    -3.462               3.456
  5264.697      26.1     8.145    -2.859
  5264.801      26.1     3.230    -3.230
  5264.816 106.00113     1.917    -3.446               3.456
  5264.830 106.00113     3.627    -4.326               3.456
  5264.836      27.0     4.113    -0.980
  5264.896      69.1     4.778    -2.600
  5264.947      72.1     2.343    -1.150
  5264.950     607.0     0.503    -3.711               7.650
  5264.960     607.0     1.566    -2.841               7.650
  5264.980 106.00112     3.630    -4.335               3.456
  5264.999 106.00112     2.131    -3.265               3.456
  5265.043     607.0     0.503    -4.899               7.650
  5265.047     607.0     1.261    -3.700               7.650
  5265.110      23.0     3.079    -1.938
  5265.111     607.0     1.261    -2.230               7.650
  5265.132      76.0     2.892    -0.830
  5265.136       6.0     8.537    -2.820
  5265.148      24.0     3.428    -0.529
  5265.193     607.0     0.469    -4.440               7.650
  5265.222     607.0     1.180    -4.586               7.650
  5265.242      26.0     3.018    -3.744
  5265.254 106.00112     2.298    -3.377               3.456
  5265.254 106.00112     2.298    -3.385               3.456
  5265.292     607.0     1.418    -4.543               7.650
  5265.323     607.0     1.469    -2.573               7.650
  5265.351      22.0     3.111    -2.459
  5265.379      58.1     1.581    -1.730
  5265.393     607.0     0.371    -3.369               7.650
  5265.417     607.0     1.418    -2.584               7.650
  5265.419      26.0     4.313    -3.777
  5265.432     607.0     1.469    -3.884               7.650
  5265.437     607.0     0.371    -4.015               7.650
  5265.462      25.0     5.370    -2.666
  5265.490 106.00113     2.370    -3.086               3.456
  5265.506      58.1     1.365    -3.230
  5265.521      27.0     1.710    -4.606
  5265.536     607.0     0.270    -4.023               7.650
  5265.553     607.0     0.270    -3.998               7.650
  5265.556      20.0     2.523    -0.113
  5265.572      58.1     1.495    -1.720
  5265.587     607.0     0.351    -3.377               7.650
  5265.596 106.00113     2.370    -3.071               3.456
  5265.643      70.1     5.815    -3.140
  5265.657      62.0     0.000    -1.854
  5265.662      23.0     3.245    -3.399
  5265.676      58.1     1.247    -0.250
  5265.709      28.0     3.655    -1.700
  5265.715      24.0     0.968    -1.750
  5265.787      27.0     3.622    -0.780
  5265.801      69.1     4.924    -2.380
  5265.910      26.0     4.733    -2.760
  5265.936      26.0     2.559    -3.975
  5265.957      26.0     3.635    -3.481
  5265.964      22.0     1.887    -0.417
  5265.978      23.0     2.253    -1.752
  5266.003      24.0     3.435    -3.491
  5266.050      23.0     2.678    -0.536
  5266.059     607.0     1.361    -2.453               7.650
  5266.110      69.1     3.102    -1.490
  5266.120      58.1     1.355    -2.240
  5266.135     607.0     1.361    -3.500               7.650
  5266.153 106.00113     3.346    -3.165               3.456
  5266.160     607.0     0.316    -3.258               7.650
  5266.193     607.0     0.316    -4.227               7.650
  5266.204      26.0     4.966    -5.018
  5266.222 106.00113     3.345    -3.154               3.456
  5266.297      27.0     3.687    -0.194
  5266.378      27.0     4.113    -0.202
  5266.389      63.0     1.708     0.090
  5266.390      63.0     1.708    -0.100
  5266.415     607.0     1.478    -3.897               7.650
  5266.464      44.0     2.595    -0.880
  5266.475 106.00112     1.917    -3.462               3.456
  5266.485     607.0     0.295    -4.190               7.650
  5266.490      22.0     0.826    -4.090
  5266.490      27.0     2.042    -1.250
  5266.511     607.0     0.295    -3.331               7.650
  5266.549     607.0     0.289    -3.759               7.650
  5266.553 106.00112     1.917    -3.446               3.456
  5266.555      26.0     2.996    -0.385
  5266.600      24.1     5.873    -3.858
  5266.603     607.0     1.159    -4.137               7.650
  5266.603      22.1     7.832    -4.206
  5266.609      24.0     4.449    -2.752
  5266.624     607.0     0.263    -4.596               7.650
  5266.627      60.0     0.839    -0.280
  5266.655 106.00113     1.656    -3.514               3.456
  5266.658 106.00112     2.370    -3.071               3.456
  5266.686      23.0     2.863    -4.357
  5266.697      70.1     7.863    -3.220
  5266.710      90.0     0.457    -2.246
  5266.713 106.00112     2.370    -3.086               3.456
  5266.715      22.0     3.351    -3.274
  5266.727 106.00112     1.432    -2.554               3.456
  5266.755      26.0     5.086    -3.737
  5266.756     607.0     1.151    -3.738               7.650
  5266.766 106.00112     1.432    -3.838               3.456
  5266.777 106.00112     1.432    -4.938               3.456
  5266.830      44.0     2.487    -0.990
  5266.872 106.00113     1.656    -3.494               3.456
  5266.924      25.0     5.370    -1.996
  5267.011      56.1     5.251    -3.500
  5267.030      24.1     4.042    -3.064
  5267.034      56.0     2.239    -0.300
  5267.099      26.0     4.733    -3.056
  5267.108      66.0     1.239    -0.690
  5267.113      22.0     0.813    -3.788
  5267.184     607.0     0.382    -3.476               7.650
  5267.231      69.1     4.833    -1.630
  5267.270      26.0     4.368    -1.596
  5267.314      64.1     1.102    -2.070
  5267.335      69.1     3.132    -0.449
  5267.363 106.00113     1.314    -4.068               3.456
  5267.368      23.1     5.868    -3.043
  5267.393      23.1     3.796    -4.501
  5267.398     607.0     1.277    -2.230               7.650
  5267.460      24.1     7.331    -2.198
  5267.465     607.0     1.277    -3.712               7.650
  5267.538      28.0     3.743    -3.802
  5267.552      23.0     1.804    -3.074
  5267.556      70.1     7.520    -2.330
  5267.557 106.00113     1.314    -4.039               3.456
  5267.595     607.0     1.415    -4.064               7.650
  5267.599     607.0     0.274    -4.003               7.650
  5267.610      23.0     2.374    -1.617
  5267.618     607.0     0.274    -3.925               7.650
  5267.652      26.0     5.064    -1.967
  5267.682      26.0     4.835    -4.856
  5267.746      26.0     4.991    -2.794
  5267.879      23.1     7.723    -3.492
  5267.892      58.1     1.107    -2.130
  5267.901      25.0     5.405    -1.730
  5267.904 106.00113     2.249    -3.391               3.456
  5267.910     607.0     0.360    -3.356               7.650
  5267.911     607.0     0.294    -4.809               7.650
  5267.923     607.0     1.469    -2.563               7.650
  5267.982     607.0     0.294    -3.860               7.650
  5267.998     607.0     0.503    -3.698               7.650
  5268.007      64.0     0.985    -1.131
  5268.061     607.0     1.357    -3.362               7.650
  5268.112 106.00113     1.951    -3.668               3.456
  5268.209 106.00113     1.951    -3.653               3.456
  5268.254      23.0     1.955    -4.488
  5268.262     607.0     0.381    -3.347               7.650
  5268.276 106.00113     2.249    -3.383               3.456
  5268.278      58.1     1.365    -2.830
  5268.308     607.0     0.381    -4.023               7.650
  5268.321      28.0     4.538    -0.726
  5268.329     607.0     0.302    -4.194               7.650
  5268.334      22.0     3.727    -0.226
  5268.352     607.0     1.203    -3.415               7.650
  5268.357     607.0     0.302    -3.294               7.650
  5268.392      58.1     1.582    -1.300
  5268.409     607.0     1.203    -2.616               7.650
  5268.447      58.1     3.371    -2.580
  5268.481     607.0     0.483    -4.449               7.650
  5268.495      27.0     3.732    -0.318
  5268.587 106.00112     1.656    -3.514               3.456
  5268.607      22.1     2.598    -1.960
  5268.651 106.00112     1.656    -3.494               3.456
  5268.684      58.1     1.520    -3.940
  5268.705      22.0     2.017    -4.654
  5268.708      69.1     4.329    -3.200
  5268.748      25.1     6.392    -4.418
  5268.761      24.0     2.967    -4.828
  5268.805      64.0     0.066    -1.569
  5268.932      42.0     2.836    -1.686
  5268.934      69.1     4.387    -1.790
  5268.942 106.00113     1.657    -3.514               3.456
  5268.944      22.0     3.323    -1.743
  5268.948       6.0     8.537    -2.280
  5268.951      24.0     3.668    -0.961
  5268.973 106.00112     1.314    -4.039               3.456
  5268.987 106.00112     1.314    -4.068               3.456
  5268.992 106.00113     1.657    -3.494               3.456
  5269.018     607.0     0.324    -3.226               7.650
  5269.052     607.0     0.324    -4.231               7.650
  5269.067      25.1     6.812    -4.400
  5269.190     607.0     0.266    -4.524               7.650
  5269.246      22.0     3.305    -3.623
  5269.262      45.0     3.578    -0.060
  5269.384 106.00112     1.951    -3.653               3.456
  5269.439      69.1     4.311    -0.110
  5269.471     607.0     1.361    -2.437               7.650
  5269.472      60.1     0.550    -0.958
  5269.476 106.00112     1.951    -3.668               3.456
  5269.516      58.0     0.294    -0.749
  5269.533      58.1     0.792    -1.970
  5269.537      26.0     0.858    -1.321
  5269.545      58.0     0.621    -0.794
  5269.570 106.00112     2.249    -3.391               3.456
  5269.633     607.0     1.415    -4.060               7.650
  5269.696      22.0     2.154    -4.917
  5269.712     607.0     0.295    -3.713               7.650
  5269.747      24.0     4.099    -4.435
  5269.790 106.00112     2.249    -3.383               3.456
  5269.861     607.0     0.279    -3.989               7.650
  5269.877      22.0     1.873    -1.739
  5269.881     607.0     0.279    -3.861               7.650
  5269.892      41.0     1.094    -1.550
  5269.903      69.1     4.140    -2.080
  5269.922      26.1     8.193    -4.078
  5269.992      24.0     3.850    -3.694
  5270.017 106.00112     3.413    -3.154               3.456
  5270.032      26.1    10.503    -0.200
  5270.040      21.1     8.272    -3.537
  5270.041      60.0     1.043     0.300
  5270.058      26.0     3.635    -2.793
  5270.066      58.1     3.184    -1.930
  5270.169      27.1    11.401    -0.390
  5270.177     607.0     1.357    -4.827               7.650
  5270.178     607.0     1.217    -2.608               7.650
  5270.246      20.0     5.321    -4.046
  5270.270      20.0     2.526     0.162
  5270.270      58.1     3.734    -1.920
  5270.284       4.1    11.964    -0.570
  5270.294     607.0     1.596    -3.728               7.650
  5270.317     607.0     1.357    -3.357               7.650
  5270.329      27.0     5.002    -3.138
  5270.339     607.0     0.371    -3.335               7.650
  5270.344      20.0     5.390    -4.713
  5270.356      26.0     1.607    -1.339
  5270.363      26.0     5.012    -4.848
  5270.369      58.1     1.027    -2.970
  5270.404 106.00113     2.250    -3.391               3.456
  5270.412      23.0     2.264    -1.448
  5270.467     607.0     0.401    -3.476               7.650
  5270.492 106.00112     3.413    -3.143               3.456
  5270.504 106.00113     2.372    -3.071               3.456
  5270.511     607.0     0.309    -4.199               7.650
  5270.512      27.1     3.408    -4.872
  5270.542     607.0     0.309    -3.259               7.650
  5270.576 106.00113     2.250    -3.383               3.456
  5270.591      28.0     3.941    -2.755
  5270.677     607.0     1.690    -3.285               7.650
  5270.686      60.1     0.205    -1.511
  5270.773 106.00112     1.657    -3.494               3.456
  5270.784 106.00113     2.372    -3.086               3.456
  5270.793 106.00113     3.094    -3.833               3.456
  5270.811       4.1    11.964    -0.269
  5270.836     607.0     1.690    -4.874               7.650
  5270.842      58.1     1.645    -1.490
  5270.872     607.0     0.311    -3.855               7.650
  5270.876 106.00112     1.657    -3.514               3.456
  5270.923     607.0     1.308    -2.932               7.650
  5270.957 106.00113     1.315    -4.039               3.456
  5270.973     607.0     1.277    -3.708               7.650
  5270.975     607.0     1.518    -3.021               7.650
  5270.987 106.00113     1.315    -4.068               3.456