Mn 5005 +/- 10 with hfs  
  4995.002      21.0     2.111    -0.878
  4995.019 106.00113     3.708    -1.040               3.456
  4995.043      69.1     4.723    -3.550
  4995.066      22.0     2.250    -1.15
  4995.077      23.0     1.869    -4.347
  4995.094 106.00113     3.022    -2.541               3.456
  4995.167      20.0     4.763    -1.20
  4995.171 106.00112     3.708    -4.215               3.456
  4995.184 106.00112     3.708    -4.215               3.456
  4995.189 106.00113     3.022    -2.554               3.456
  4995.191 106.00112     2.604    -3.426               3.456
  4995.264      24.0     3.011    -3.528
  4995.304      69.1     4.141    -1.220
  4995.309      74.0     2.833    -1.070
  4995.312      42.0     2.598    -1.742
  4995.329      24.0     4.099    -4.403
  4995.351      24.1     8.634    -2.224
  4995.354 106.00113     2.667    -2.664               3.456
  4995.408      26.0     4.260    -2.10
  4995.446 106.00112     3.708    -1.031               3.456
  4995.486      21.0     3.189    -3.735
  4995.521 106.00113     2.667    -2.678               3.456
  4995.534      26.0     3.884    -4.239
  4995.566 106.00112     3.022    -2.541               3.456
  4995.579     607.0     0.689    -4.226               7.650
  4995.610      69.1     4.481    -3.180
  4995.631      24.1     6.282    -3.589
  4995.633      23.0     3.827    -4.045
  4995.643      28.0     3.635    -1.55
  4995.646 106.00113     3.708    -1.031               3.456
  4995.648      24.0     4.446    -1.962
  4995.653     607.0     0.619    -3.419               7.650
  4995.665     607.0     0.731    -3.182               7.650
  4995.679      22.0     2.662    -3.877
  4995.688 106.00112     2.604    -3.438               3.456
  4995.747      69.1     4.162    -2.330
  4995.753 106.00112     3.022    -2.554               3.456
  4995.776      33.0     6.399    -0.400
  4995.805      20.0     4.531    -4.435
  4995.839     607.0     1.655    -3.818               7.650
  4995.849     607.0     0.864    -3.478               7.650
  4995.853      24.0     4.455    -2.160
  4995.871      26.0     4.231    -2.90
  4995.942     607.0     0.864    -4.732               7.650
  4995.972    27.1      11.280     0.280
  4996.022     607.0     0.651    -3.605               7.650
  4996.040      24.1     8.617    -1.426
  4996.043 106.00113     2.119    -3.367               3.456
  4996.085      58.1     2.008    -2.840
  4996.187      58.1     1.206    -2.350
  4996.234     607.0     0.745    -3.188               7.650
  4996.242 106.00112     3.285    -2.441               3.456
  4996.245 106.00112     3.285    -2.430               3.456
  4996.247 106.00113     2.119    -3.399               3.456
  4996.291     607.0     0.745    -4.083               7.650
  4996.300 106.00113     1.315    -2.834               3.456
  4996.347      40.0     1.885    -0.400
  4996.367      22.1     1.582    -3.10
  4996.439      26.1     7.653    -4.962
  4996.483      58.1     1.366    -2.260
  4996.508      58.1     1.677    -3.020
  4996.515      23.0     2.684    -3.431
  4996.535      26.0     4.186    -3.00
  4996.544     607.0     0.609    -3.989               7.650
  4996.562     607.0     1.542    -2.586               7.650
  4996.567 106.00113     0.910    -3.818               3.456
  4996.582     607.0     0.609    -3.434               7.650
  4996.646     607.0     1.596    -4.769               7.650
  4996.650      60.1     0.550    -1.550
  4996.681     607.0     1.542    -2.595               7.650
  4996.758     607.0     0.820    -3.872               7.650
  4996.769      26.0     4.652    -1.911
  4996.769     607.0     1.596    -3.315               7.650
  4996.770     607.0     1.055    -3.038               7.650
  4996.794 106.00113     0.910    -3.730               3.456
  4996.825     607.0     1.055    -3.064               7.650
  4996.829      57.1     2.382    -0.822
  4996.841      28.0     3.635    -0.980
  4996.846      69.1     4.174    -2.010
  4996.872      24.1     5.873    -2.905
  4996.909      24.0     3.113    -4.507
  4996.919 106.00112     3.070    -3.199               3.456
  4997.086 106.00113     2.279    -3.094               3.456
  4997.093    22.0       0.000    -2.056
  4997.096 106.00112     3.070    -3.212               3.456
  4997.279 106.00113     2.279    -3.074               3.456
  4997.311 106.00112     2.282    -3.855               3.456
  4997.315      58.1     2.568    -2.480
  4997.339      25.0     3.763    -3.758
  4997.404 106.00112     2.282    -3.867               3.456
  4997.451 106.00113     2.604    -3.426               3.456
  4997.453      69.1     3.648    -2.800
  4997.456 106.00113     3.474    -2.747               3.456
  4997.457     607.0     0.990    -3.284               7.650
  4997.464      22.0     3.351    -3.605
  4997.484 106.00112     2.667    -2.664               3.456
  4997.492      42.0     2.646    -2.061
  4997.499 106.00113     3.474    -2.737               3.456
  4997.527      24.0     4.447    -1.938
  4997.532      24.0     4.106    -4.041
  4997.536      26.0     4.796    -3.422
  4997.538     607.0     0.990    -3.297               7.650
  4997.541 106.00113     3.711    -4.215               3.456
  4997.544      22.0     3.215    -2.468
  4997.568      20.0     4.532    -4.260
  4997.569     607.0     1.547    -2.974               7.650
  4997.591      70.1     5.332    -3.390
  4997.611 106.00113     3.070    -3.199               3.456
  4997.616 106.00113     3.070    -3.212               3.456
  4997.651      25.1     6.668    -3.705
  4997.651 106.00112     2.667    -2.678               3.456
  4997.656 106.00113     2.604    -3.438               3.456
  4997.706 106.00113     2.120    -3.367               3.456
  4997.719      22.0     3.104    -0.965
  4997.776 106.00113     2.120    -3.399               3.456
  4997.810    56.1       6.201    -1.320
  4997.819      90.1     1.916    -1.313
  4997.837      69.1     4.288    -2.100
  4997.865    27.1      11.279     0.050
  4997.876      41.0     1.505    -1.340
  4997.916 106.00113     3.243    -2.860               3.456
  4997.956      58.1     0.737    -2.780
  4997.962      26.0     4.607    -2.25
  4998.001      25.0     4.425    -0.776
  4998.036     607.0     0.752    -3.236               7.650
  4998.051      21.0     3.101    -2.828
  4998.120     607.0     0.752    -4.949               7.650
  4998.124      58.0     0.274    -0.603
  4998.126      25.0     4.425    -1.30
  4998.166 106.00113     2.621    -3.065               3.456
  4998.173 106.00113     2.741    -2.663               3.456
  4998.193     607.0     0.664    -4.275               7.650
  4998.208 106.00113     3.244    -2.848               3.456
  4998.218      28.0     3.606    -0.70
  4998.239     607.0     0.664    -2.988               7.650
  4998.257      70.1     5.450    -2.050
  4998.283     607.0     0.677    -2.988               7.650
  4998.331     607.0     0.677    -4.291               7.650
  4998.334     607.0     0.864    -3.466               7.650
  4998.341     607.0     0.860    -4.495               7.650
  4998.342      69.1     4.469    -2.020
  4998.372      64.1     2.271    -0.207
  4998.381      69.1     4.778    -2.480
  4998.401      25.0     4.425    -1.20
  4998.436 106.00113     2.621    -3.048               3.456
  4998.444     607.0     1.520    -2.595               7.650
  4998.445     607.0     1.908    -4.264               7.650
  4998.446      58.1     1.694    -0.670
  4998.448 106.00113     2.741    -2.650               3.456
  4998.460      66.0     1.447    -1.040
  4998.503      58.1     0.435    -3.450
  4998.523 106.00112     2.119    -3.367               3.456
  4998.541      60.1     0.471    -1.00
  4998.559     607.0     0.582    -4.340               7.650
  4998.563     607.0     1.520    -2.604               7.650
  4998.586      24.0     3.013    -3.673
  4998.646       6.0     8.643    -3.570
  4998.647      20.0     5.045    -3.082
  4998.669     607.0     1.047    -3.064               7.650
  4998.705 106.00113     3.708    -4.215               3.456
  4998.713     607.0     1.047    -3.091               7.650
  4998.729      22.0     3.112    -1.178
  4998.743 106.00112     2.119    -3.399               3.456
  4998.748      26.1     9.100    -2.313
  4998.756      25.1     6.668    -2.055
  4998.843      26.1     7.880    -4.799
  4998.864      70.1     7.047    -1.750
  4998.886      23.0     2.130    -3.482
  4998.923      24.1     8.785    -4.874
  4998.983      23.1     6.837    -3.583
  4998.989     607.0     0.651    -4.656               7.650
  4998.991      21.0     1.943    -2.768
  4999.013 106.00113     2.282    -3.867               3.456
  4999.026      27.0     2.718    -4.493
  4999.064     607.0     0.651    -3.598               7.650
  4999.067      64.0     1.349    -0.182
  4999.098      28.1     8.973    -2.178
  4999.112      26.0     4.186    -1.75
  4999.183    26.1      10.273    -0.430
  4999.206      22.1     4.009    -4.940
  4999.218 106.00113     2.282    -3.855               3.456
  4999.233      23.1     8.730    -3.848
  4999.257      26.0     4.608    -2.40
  4999.257      24.0     4.096    -4.455
  4999.262      69.1     4.833    -2.220
  4999.264     607.0     1.444    -4.618               7.650
  4999.268      25.1     5.520    -3.849
  4999.350      58.1     2.799    -3.090
  4999.395 106.00112     2.279    -3.094               3.456
  4999.460      57.1     0.403    -0.770
  4999.502    22.0       0.826     0.40
  4999.513      23.0     2.678    -0.661
  4999.573      70.1     6.586    -2.690
  4999.595 106.00112     2.279    -3.074               3.456
  4999.597      58.1     3.513    -3.230
  4999.601      24.0     3.013    -4.645
  4999.626      15.0     7.213    -2.200
  4999.637      69.1     4.946    -3.030
  4999.677      58.1     1.319    -2.140
  4999.678      72.1     1.780    -1.850
  4999.708      24.0     3.321    -3.026
  4999.716      21.0     2.569    -1.768
  4999.718     607.0     0.578    -4.977               7.650
  4999.743      77.0     4.031    -0.300
  4999.747      26.1     9.112    -2.233
  4999.751      25.0     5.384    -3.795
  4999.763     607.0     0.745    -3.168               7.650
  4999.768 106.00112     2.621    -3.065               3.456
  4999.831      22.0     3.108    -2.185
  4999.846     607.0     1.547    -4.293               7.650
  4999.863      22.0     3.113    -3.557
  4999.902      42.0     3.033    -0.537
  4999.940      90.1     1.770    -1.560
  4999.944     607.0     1.499    -2.604               7.650
  4999.951     607.0     1.547    -2.969               7.650
  4999.965      26.1     7.869    -4.289
  4999.983 106.00112     2.621    -3.048               3.456
  4999.994      22.0     3.112    -1.885
  5000.026     607.0     0.630    -3.395               7.650
  5000.043      58.1     0.969    -3.220
  5000.098      25.0     4.666    -2.896
  5000.188 106.00112     2.120    -3.367               3.456
  5000.211      26.0     4.638    -1.55
  5000.228     107.0     3.195    -3.101               3.450
  5000.238 106.00112     1.315    -2.834               3.456
  5000.273 106.00112     2.120    -3.399               3.456
  5000.278      22.0     2.292    -4.801
  5000.285      58.1     1.930    -3.740
  5000.288      23.0     2.743    -4.615
  5000.288      24.0     4.618    -4.268
  5000.295      58.1     1.626    -1.830
  5000.306 106.00112     2.741    -2.663               3.456
  5000.315     107.0     3.195    -3.101               3.450
  5000.328      26.0     4.608    -3.664
  5000.334     607.0     0.975    -3.297               7.650
  5000.338      28.0     3.635    -0.430
  5000.382      68.1     0.000    -2.221
  5000.383      27.1     8.081    -3.821
  5000.410     607.0     0.975    -3.311               7.650
  5000.430      60.1     0.321    -1.310
  5000.432      69.1     4.708    -2.050
  5000.440      70.1     6.020    -2.120
  5000.447      24.0     4.207    -1.676
  5000.453      23.0     2.130    -2.983
  5000.471      25.0     4.354    -3.830
  5000.478 106.00113     2.281    -3.074               3.456
  5000.497      69.1     4.461    -1.410
  5000.502     607.0     0.752    -4.946               7.650
  5000.506      21.0     5.146    -3.750
  5000.515      26.1     9.112    -2.787
  5000.521     607.0     1.041    -3.091               7.650
  5000.546 106.00113     2.281    -3.094               3.456
  5000.549     607.0     0.760    -3.174               7.650
  5000.563     607.0     1.041    -3.120               7.650
  5000.583 106.00112     2.741    -2.650               3.456
  5000.585     607.0     0.752    -3.226               7.650
  5000.596     607.0     0.619    -3.996               7.650
  5000.608     607.0     0.760    -4.092               7.650
  5000.633      27.0     2.877    -2.876
  5000.636     607.0     0.619    -3.409               7.650
  5000.728     607.0     1.499    -2.613               7.650
  5000.743      26.1     2.778    -4.578
  5000.768 106.00112     3.711    -4.215               3.456
  5000.866      27.0     3.252    -2.011
  5000.869      40.1     1.665    -1.400
  5000.911      27.0     4.209    -2.478
  5000.940      69.1     3.618    -0.930
  5000.945      69.1     4.756    -2.720
  5000.952      24.0     4.449    -2.444
  5000.957      58.1     0.900    -1.610
  5000.959      41.0     1.630    -1.160
  5000.959      27.0     4.064    -4.079
  5000.988    22.0       1.997    -0.02
  5001.015      69.1     4.081    -1.090
  5001.018      22.0     3.112    -3.037
  5001.025      69.0     2.820     0.293
  5001.031 106.00112     3.711    -1.031               3.456
  5001.091      25.0     4.726    -2.285
  5001.110      69.1     3.797    -1.970
  5001.114 106.00113     3.289    -2.430               3.456
  5001.126 106.00112     0.910    -3.818               3.456
  5001.129 106.00112     3.243    -2.860               3.456
  5001.129      22.0     3.113    -1.838
  5001.140      71.0     0.513    -0.620
  5001.183      20.0     5.049    -2.227
  5001.209      24.1     5.871    -3.449
  5001.210      62.1     0.188    -1.30
  5001.219 106.00112     3.711    -1.040               3.456
  5001.230      26.0     4.652    -2.542
  5001.231      58.1     0.559    -2.220
  5001.231 106.00113     3.711    -1.031               3.456
  5001.329 106.00113     3.711    -1.040               3.456
  5001.344      21.0     1.954    -2.806
  5001.396 106.00112     0.910    -3.730               3.456
  5001.425      26.0     3.071    -4.774
  5001.479      20.1     7.505    -0.507
  5001.480     7.1      20.654     0.435
  5001.481 106.00112     3.711    -4.215               3.456
  5001.486      23.0     1.804    -4.469
  5001.490      58.1     1.482    -1.050
  5001.504 106.00112     3.244    -2.848               3.456
  5001.586      69.0     2.449    -0.186
  5001.591     607.0     1.834    -3.486               7.650
  5001.632 106.00112     3.545    -2.200               3.456
  5001.658      59.1     1.244    -1.880
  5001.687 106.00113     3.289    -2.441               3.456
  5001.732 106.00113     2.623    -3.048               3.456
  5001.736     607.0     0.991    -4.128               7.650
  5001.759      57.0     0.998    -0.720
  5001.774 106.00113     2.623    -3.065               3.456
  5001.814      20.0     5.578    -4.391
  5001.832      69.1     4.938    -2.080
  5001.834      25.0     3.763    -4.779
  5001.836      26.1     8.259    -3.842
  5001.863      26.0     3.881    -0.120
  5001.865      26.0     4.549    -1.386
  5001.938     107.0     3.179    -3.150               3.450
  5001.953    26.1      10.273     0.920
  5001.990     107.0     3.179    -3.150               3.450
  5002.042      21.0     4.423    -1.517
  5002.090      23.1     8.757    -3.716
  5002.097      90.0     0.356    -1.671
  5002.122 106.00112     3.545    -2.190               3.456
  5002.125      57.1     2.261    -0.899
  5002.153      22.0     3.113    -1.108
  5002.157      69.1     3.955    -2.650
  5002.200      27.1     9.008    -4.099
  5002.240     607.0     1.478    -2.613               7.650
  5002.242      41.0     1.500    -1.410
  5002.261     607.0     0.677    -4.284               7.650
  5002.285     607.0     0.715    -4.224               7.650
  5002.297      27.1     8.010    -4.686
  5002.300      24.1     6.803    -4.390
  5002.303     607.0     1.478    -2.623               7.650
  5002.306     607.0     1.034    -3.120               7.650
  5002.309     607.0     0.677    -2.971               7.650
  5002.322      23.0     2.359    -0.145
  5002.343     607.0     1.034    -3.151               7.650
  5002.372      27.1     8.993    -3.894
  5002.429      24.0     3.435    -2.275
  5002.460      59.1     0.795    -0.745
  5002.478      58.1     0.893    -2.400
  5002.523 106.00113     3.545    -2.200               3.456
  5002.540      23.1     6.317    -3.868
  5002.560      22.1     5.567    -4.783
  5002.583      26.0     4.186    -2.20
  5002.586      26.0     4.835    -3.266
  5002.631      26.0     4.988    -4.662
  5002.631     607.0     0.690    -2.970               7.650
  5002.663      20.0     4.535    -3.968
  5002.681     607.0     0.690    -4.300               7.650
  5002.698      23.0     2.264    -4.615
  5002.700      27.0     4.058    -2.162
  5002.700     7.1      18.462    -1.028
  5002.725      77.0     0.784    -3.290
  5002.743      23.0     2.968    -1.493
  5002.779      58.1     1.079    -0.760
  5002.788      74.0     2.533    -1.370
  5002.792      26.0     3.396    -1.50
  5002.798 106.00112     2.281    -3.074               3.456
  5002.800      22.0     3.569    -1.938
  5002.811      23.1     8.790    -3.112
  5002.856      26.0     4.966    -4.963
  5002.858 106.00112     2.281    -3.094               3.456
  5002.887      69.1     4.647    -1.380
  5002.899     607.0     0.591    -4.342               7.650
  5002.953 106.00112     3.289    -2.430               3.456
  5002.988      25.0     4.679    -1.618
  5003.041 106.00113     3.246    -2.848               3.456
  5003.070    27.1      11.401     0.090
  5003.081      23.1     8.757    -4.032
  5003.097     607.0     0.887    -3.469               7.650
  5003.116      27.0     4.064    -2.576
  5003.152     607.0     0.961    -3.311               7.650
  5003.161 106.00113     3.545    -2.190               3.456
  5003.172      58.1     1.482    -0.770
  5003.191     607.0     0.887    -4.738               7.650
  5003.203     607.0     0.878    -4.503               7.650
  5003.226      24.1     8.667    -4.044
  5003.228     607.0     0.961    -3.325               7.650
  5003.232     607.0     0.670    -3.593               7.650
  5003.281 106.00112     2.623    -3.048               3.456
  5003.326      25.0     5.112    -0.50
  5003.344 106.00113     3.246    -2.860               3.456
  5003.354      69.1     4.435    -2.520
  5003.376      24.0     4.613    -2.261
  5003.379 106.00112     2.623    -3.065               3.456
  5003.434 106.00112     2.285    -3.855               3.456
  5003.440      58.1     0.635    -2.490
  5003.477      58.1     0.322    -2.00
  5003.484      58.1     0.740    -3.310
  5003.491 106.00112     2.519    -3.437               3.456
  5003.539 106.00112     3.289    -2.441               3.456
  5003.544     107.0     3.249    -2.865               3.450
  5003.547 106.00112     2.519    -3.449               3.456
  5003.556      26.1     7.971    -4.211
  5003.567      23.0     3.815    -3.353
  5003.572      23.0     2.247    -4.445
  5003.647 106.00113     2.743    -2.650               3.456
  5003.689      22.0     3.199    -2.441
  5003.734      28.0     1.676    -3.0
  5003.739      25.0     4.679    -2.195
  5003.762      24.1     5.871    -4.186
  5003.790     107.0     3.249    -2.865               3.450
  5003.804     607.0     0.991    -4.120               7.650
  5003.827 106.00113     2.743    -2.663               3.456
  5003.867      66.0     2.198     0.392
  5003.874     607.0     1.628    -3.020               7.650
  5003.883     607.0     0.848    -3.872               7.650
  5003.932     607.0     1.457    -2.623               7.650
  5003.937 106.00112     2.285    -3.867               3.456
  5004.019     607.0     0.760    -3.154               7.650
  5004.019     607.0     1.457    -2.632               7.650
  5004.034     607.0     1.029    -3.151               7.650
  5004.044      26.0     4.209    -1.35
  5004.076     607.0     1.029    -3.185               7.650
  5004.093      58.1     2.004    -1.200
  5004.188    26.1      10.273     0.500
  5004.193      27.0     2.871    -2.181
  5004.208      26.0     3.635    -3.017
  5004.286      66.1     0.928    -1.660
  5004.300      69.1     4.096    -0.400
  5004.340      26.0     3.301    -3.10
  5004.376      24.0     3.449    -3.297
  5004.401      24.0     3.011    -1.350
  5004.435      39.0     2.003    -1.730
  5004.564     607.0     0.641    -3.372               7.650
  5004.591      59.1     0.968    -0.852
  5004.609      70.1     5.856    -3.330
  5004.632      26.0     4.143    -3.080
  5004.684      26.0     4.584    -4.296
  5004.690     607.0     0.715    -4.218               7.650
  5004.769 106.00113     2.160    -3.396               3.456
  5004.779      25.1     7.382    -4.131
  5004.784      25.1     6.671    -4.007
  5004.810      58.0     0.516    -0.656
  5004.813     607.0     0.630    -4.003               7.650
  5004.846      69.1     4.847    -3.310
  5004.855     607.0     0.630    -3.385               7.650
  5004.887      25.0     2.920    -4.332
  5004.887      25.0     2.920    -3.115
  5004.887      25.0     2.920    -2.197
  5004.891      25.0     2.920    -3.980
  5004.891      25.0     2.920    -2.939
  5004.891      25.0     2.920    -2.337
  5004.894      25.0     2.920    -3.855
  5004.894      25.0     2.920    -2.913
  5004.894      25.0     2.920    -2.495
  5004.896      25.0     2.920    -3.934
  5004.896      25.0     2.920    -2.980
  5004.896      25.0     2.920    -2.679
  5004.898      25.0     2.920    -3.186
  5004.898      25.0     2.920    -3.156
  5004.898      25.0     2.920    -2.901
  5004.962 106.00113     2.160    -3.446               3.456
  5004.980      23.1     6.534    -4.316
  5005.025 106.00113     3.711    -4.215               3.456
  5005.054     607.0     0.776    -3.160               7.650
  5005.060      22.1     7.721    -4.138
  5005.090      24.0     4.455    -2.746
  5005.107      21.0     2.509    -1.243
  5005.115     607.0     0.776    -4.100               7.650
  5005.150     7.1      20.666     0.587
  5005.157      22.1     1.566    -2.720
  5005.205 106.00113     2.339    -3.072               3.456
  5005.221      24.0     3.438    -2.692
  5005.224     607.0     1.749    -4.592               7.650
  5005.232     607.0     0.773    -3.226               7.650
  5005.233 106.00113     2.519    -3.449               3.456
  5005.237      70.1     6.354    -2.640
  5005.281      58.1     3.853    -2.010
  5005.300      27.0     3.530    -2.697
  5005.318     607.0     0.773    -4.956               7.650
  5005.345 106.00113     2.285    -3.855               3.456
  5005.370      22.0     1.749    -4.646
  5005.398 106.00113     2.339    -3.053               3.456
  5005.417      82.0     3.653    -0.280
  5005.458      25.1     5.520    -4.423
  5005.466 106.00113     2.519    -3.437               3.456
  5005.489      24.0     4.402    -3.555
  5005.490      69.1     4.940    -2.190
  5005.507     607.0     0.887    -3.458               7.650
  5005.516      21.0     3.083    -1.186
  5005.547      58.1     4.075    -2.780
  5005.551 106.00113     2.285    -3.867               3.456
  5005.585      22.0     3.108    -2.367
  5005.600      24.0     3.438    -2.524
  5005.600     607.0     1.437    -2.632               7.650
  5005.616      23.0     1.800    -2.513
  5005.669      22.1     5.569    -3.842
  5005.679     607.0     1.437    -2.642               7.650
  5005.709     607.0     1.023    -3.185               7.650
  5005.712      26.0     3.884    -0.101
  5005.719      22.0     2.738    -4.082
  5005.719      23.1     6.317    -2.469
  5005.739      24.1     5.873    -4.220
  5005.742      24.0     3.438    -2.601
  5005.745     607.0     1.023    -3.221               7.650
  5005.786 106.00112     2.743    -2.650               3.456
  5005.809      21.0     2.509    -2.653
  5005.824      24.1     8.788    -1.984
  5005.845      58.1     1.296    -1.230
  5005.868      22.0     3.111    -3.172
  5005.884      69.1     4.914    -2.100
  5005.887      58.1     1.274    -1.410
  5005.898     607.0     0.848    -3.865               7.650
  5005.917     607.0     0.948    -3.325               7.650
  5005.927      58.1     0.902    -1.940
  5005.964 106.00112     2.743    -2.663               3.456
  5005.991     607.0     0.948    -3.339               7.650
  5006.009      20.0     5.049    -4.038
  5006.059      14.0     5.082    -1.296
  5006.111      26.0     4.835    -2.688
  5006.119    26.0       2.830    -0.615
  5006.147      74.0     0.771    -1.530
  5006.153     607.0     0.670    -4.664               7.650
  5006.169      22.0     3.559    -1.877
  5006.229     607.0     0.670    -3.586               7.650
  5006.343 106.00112     3.246    -2.848               3.456
  5006.418      58.0     0.589    -0.585
  5006.420      58.0     0.826    -0.350
  5006.431      23.0     2.138    -2.458
  5006.473 106.00113     3.094    -2.541               3.456
  5006.488     607.0     0.690    -4.293               7.650
  5006.506 106.00113     3.708    -4.215               3.456
  5006.524      21.0     5.321    -3.408
  5006.528     607.0     1.601    -3.020               7.650
  5006.539     607.0     0.690    -2.953               7.650
  5006.548      58.1     1.140    -3.230
  5006.564 106.00112     3.246    -2.860               3.456
  5006.631 106.00113     2.161    -3.396               3.456
  5006.649     607.0     1.601    -3.027               7.650
  5006.652     607.0     1.627    -3.313               7.650
  5006.674 106.00113     2.161    -3.446               3.456
  5006.764 106.00113     0.951    -3.735               3.456
  5006.840    26.1      10.379    -0.360
  5006.866    27.1      11.279    -0.160
  5006.915 106.00113     3.094    -2.529               3.456
  5006.926     607.0     1.749    -4.588               7.650
  5006.947 106.00112     3.094    -2.541               3.456
  5006.964      39.0     2.295    -0.120
  5006.975 106.00113     0.951    -3.647               3.456
  5006.989      69.1     4.660    -1.190
  5006.992      20.0     4.769    -1.627
  5006.994      69.1     4.684    -1.350
  5007.000       6.0     8.647    -4.510
  5007.018      58.1     1.327    -2.600
  5007.018     607.0     0.596    -4.984               7.650
  5007.105      25.0     4.429    -0.995
  5007.130     607.0     0.703    -2.953               7.650
  5007.135 106.00113     2.818    -2.649               3.456
  5007.151      58.1     1.855    -1.720
  5007.158      69.1     4.096    -1.990
  5007.182     607.0     0.703    -4.308               7.650
  5007.206    22.0       0.818     0.112
  5007.217     607.0     1.418    -2.642               7.650
  5007.234      68.0     0.624    -0.324
  5007.247      26.0     3.943    -2.623
  5007.273 106.00112     2.160    -3.396               3.456
  5007.275      26.0     4.103    -0.333
  5007.286      27.0     0.629    -3.869
  5007.291 106.00112     3.094    -2.529               3.456
  5007.320     7.1      20.940     0.145
  5007.321     607.0     1.418    -2.652               7.650
  5007.322     607.0     1.018    -3.221               7.650
  5007.347     607.0     1.690    -3.817               7.650
  5007.355     607.0     1.018    -3.261               7.650
  5007.378      22.0     3.409    -3.834
  5007.381      25.0     4.429    -0.516
  5007.395     607.0     0.600    -4.346               7.650
  5007.431 106.00113     2.818    -2.636               3.456
  5007.449    26.1      10.381    -0.460
  5007.456      22.0     3.154    -3.657
  5007.481 106.00112     2.160    -3.446               3.456
  5007.529 106.00112     2.339    -3.072               3.456
  5007.546     107.0     3.442    -3.018               3.450
  5007.552      22.0     3.104    -2.703
  5007.554      69.1     3.618    -0.760
  5007.611      42.0     3.212    -1.430
  5007.657      23.1     8.730    -3.637
  5007.672     607.0     0.773    -4.953               7.650
  5007.705      25.0     3.772    -4.698
  5007.715      24.0     4.855    -1.962
  5007.726      70.1     5.517    -2.950
  5007.731      26.0     4.294    -1.70
  5007.732 106.00112     2.339    -3.053               3.456
  5007.734    26.1      10.288    -0.280
  5007.757     607.0     0.773    -3.216               7.650
  5007.802 106.00112     3.548    -2.190               3.456
  5007.961      23.0     1.800    -4.319
  5007.968      23.0     3.066    -3.292
  5007.995      26.0     4.608    -2.931
  5007.996 106.00112     3.548    -2.200               3.456
  5007.997      69.1     4.364    -2.260
  5008.023      58.1     3.849    -2.260
  5008.027     607.0     1.574    -2.966               7.650
  5008.045      58.1     0.808    -2.400
  5008.050     607.0     0.897    -4.510               7.650
  5008.058      25.0     4.429    -2.20
  5008.190      90.1     2.230    -1.107
  5008.201      24.1     6.822    -3.042
  5008.210      92.1     0.217    -1.963
  5008.264      69.1     4.706    -2.970
  5008.347     107.0     3.442    -3.018               3.450
  5008.391      20.0     5.181    -2.189
  5008.452     607.0     0.776    -3.141               7.650
  5008.505      23.0     3.806    -3.610
  5008.626     607.0     0.934    -3.339               7.650
  5008.642      26.0     4.559    -1.80
  5008.651 106.00113     3.373    -2.430               3.456
  5008.678     607.0     1.627    -4.774               7.650
  5008.681 106.00113     3.373    -2.419               3.456
  5008.697     607.0     0.934    -3.354               7.650
  5008.779     607.0     1.399    -2.652               7.650
  5008.787      24.0     3.013    -2.382
  5008.799 106.00113     2.341    -3.053               3.456
  5008.803     607.0     1.627    -3.308               7.650
  5008.824      58.1     3.855    -1.240
  5008.844 106.00113     3.548    -2.190               3.456
  5008.865      70.1     7.047    -0.860
  5008.875     607.0     1.398    -2.663               7.650
  5008.886 106.00113     2.341    -3.072               3.456
  5008.889 106.00113     3.548    -2.200               3.456
  5008.898     607.0     1.014    -3.261               7.650
  5008.903     607.0     1.014    -3.304               7.650
  5008.969      69.1     4.531    -2.960
  5008.977      58.1     0.809    -3.740
  5008.982      26.1     9.742    -4.844
  5008.984    26.1      10.348    -0.530
  5009.011      70.1     7.393    -1.290
  5009.021      42.0     3.359    -1.511
  5009.053      58.1     1.177    -1.920
  5009.094     607.0     1.574    -3.027               7.650
  5009.103      58.0     0.396     0.185
  5009.137 106.00112     2.161    -3.396               3.456
  5009.163      77.0     1.551    -2.690
  5009.182      26.0     4.186    -2.950
  5009.185 106.00112     2.522    -3.437               3.456
  5009.187     607.0     0.641    -4.011               7.650
  5009.195 106.00112     2.161    -3.446               3.456
  5009.230     607.0     0.641    -3.363               7.650
  5009.235      25.0     3.772    -4.250
  5009.237     607.0     0.652    -3.351               7.650
  5009.278 106.00112     2.818    -2.649               3.456
  5009.286     607.0     1.690    -3.812               7.650
  5009.303      58.1     2.799    -0.830
  5009.334    18.1      16.749    -0.467
  5009.366      21.0     3.083    -3.654
  5009.445      26.0     4.733    -2.00
  5009.448      22.0     2.297    -4.623
  5009.455     607.0     1.574    -3.034               7.650
  5009.520      70.1     4.089    -0.740
  5009.564    16.1      13.617    -0.234
  5009.574 106.00112     2.818    -2.636               3.456
  5009.579 106.00113     3.708    -1.040               3.456
  5009.645    22.0       0.021    -2.197
  5009.658      22.0     2.154    -4.243
  5009.672 106.00112     2.522    -3.449               3.456
  5009.690      23.0     1.043    -4.827
  5009.699      69.1     4.265    -2.340
  5009.729     607.0     0.792    -3.147               7.650
  5009.743     607.0     1.469    -4.624               7.650
  5009.766      69.1     2.440    -0.210
  5009.792     607.0     0.792    -4.108               7.650
  5009.806      24.0     3.013    -1.721
  5010.021      23.0     1.893    -1.351
  5010.022      28.0     3.768    -0.980
  5010.046      20.0     4.780    -3.041
  5010.061    26.1      10.381    -0.690
  5010.075      42.0     3.302    -1.659
  5010.144 106.00113     3.708    -1.031               3.456
  5010.170      24.0     3.556    -1.648
  5010.211    22.1       3.095    -1.40
  5010.224      25.0     3.772    -3.904
  5010.269      26.0     4.559    -2.00
  5010.275 106.00113     2.681    -3.048               3.456
  5010.292     607.0     1.380    -2.663               7.650
  5010.318     607.0     1.574    -4.298               7.650
  5010.323      58.1     0.122    -3.350
  5010.342      23.1     2.510    -4.079
  5010.345      25.0     2.941    -2.30
  5010.375      23.0     2.684    -4.192
  5010.376     607.0     1.380    -2.673               7.650
  5010.388      25.0     3.373    -2.0
  5010.391     607.0     1.010    -3.304               7.650
  5010.395     607.0     1.010    -3.353               7.650
  5010.424     607.0     1.574    -2.961               7.650
  5010.427     607.0     0.912    -3.461               7.650
  5010.449      69.1     3.186    -2.330
  5010.472      58.1     2.213    -0.970
  5010.496 106.00112     3.373    -2.430               3.456
  5010.509      58.1     2.004    -1.060
  5010.511 106.00112     3.373    -2.419               3.456
  5010.520     107.0     3.218    -3.055               3.450
  5010.523     607.0     0.912    -4.744               7.650
  5010.538      58.1     1.533    -2.850
  5010.550      58.1     4.279    -1.190
  5010.553 106.00113     2.681    -3.032               3.456
  5010.589      27.1     3.420    -4.783
  5010.604     607.0     0.690    -3.582               7.650
  5010.620     7.1      18.466    -0.625
  5010.652     107.0     3.218    -3.055               3.450
  5010.743      22.0     2.297    -4.800
  5010.809      42.0     3.303    -1.259
  5010.816      64.1     1.060    -1.130
  5010.840 106.00112     3.708    -1.040               3.456
  5010.877      58.1     2.470    -3.560
  5010.895     607.0     0.703    -4.302               7.650
  5010.908      62.0     0.101    -2.155
  5010.934      28.0     3.635    -0.870
  5010.938      69.1     2.421    -1.410
  5010.948     607.0     0.703    -2.937               7.650
  5011.005      69.1     4.301    -1.300
  5011.063      58.1     1.254    -1.220
  5011.069      24.0     4.402    -4.233
  5011.103 106.00112     3.708    -4.215               3.456
  5011.116 106.00112     3.708    -4.215               3.456
  5011.127     607.0     1.021    -4.122               7.650
  5011.136 106.00112     2.341    -3.053               3.456
  5011.164 106.00113     2.522    -3.437               3.456
  5011.195      69.1     4.266    -3.020
  5011.212      26.0     3.017    -4.293
  5011.214 106.00112     2.341    -3.072               3.456
  5011.232      44.0     1.193    -1.380
  5011.245      26.0     4.218    -3.002
  5011.262       6.0     7.946    -3.729
  5011.279      22.0     3.551    -2.003
  5011.279     607.0     0.922    -3.354               7.650
  5011.348     607.0     0.922    -3.370               7.650
  5011.362 106.00113     2.522    -3.449               3.456
  5011.380 106.00112     3.708    -1.031               3.456
  5011.385 106.00112     0.951    -3.735               3.456
  5011.400      23.0     3.798    -3.453
  5011.409      92.0     0.077    -1.892
  5011.460      21.0     5.324    -3.731
  5011.490      40.0     2.115    -0.630
  5011.600      42.0     3.501    -1.598
  5011.608     607.0     0.740    -4.215               7.650
  5011.638 106.00112     0.951    -3.647               3.456
  5011.660      60.1     0.976    -0.990
  5011.706      28.1     6.576    -3.695
  5011.721 106.00113     3.096    -2.529               3.456
  5011.733     607.0     1.361    -2.673               7.650
  5011.742      64.0     1.467    -0.203
  5011.759      58.1     1.048    -0.480
  5011.782     607.0     0.717    -2.937               7.650
  5011.819 106.00113     3.096    -2.541               3.456
  5011.829 106.00112     2.681    -3.048               3.456
  5011.830     607.0     1.006    -3.353               7.650
  5011.832     607.0     1.361    -2.684               7.650
  5011.833     607.0     1.006    -3.408               7.650
  5011.835     607.0     0.717    -4.316               7.650
  5011.908      26.0     4.988    -3.389
  5011.925      70.1     7.863    -2.270
  5011.940     607.0     1.547    -3.034               7.650
  5011.955      58.1     1.339    -3.470
  5011.966      26.0     3.018    -4.875
  5012.032       6.0     7.946    -3.034
  5012.033      23.1     4.005    -2.830
  5012.051      27.1     5.122    -2.874
  5012.052     607.0     1.547    -3.042               7.650
  5012.053 106.00112     2.681    -3.032               3.456
  5012.061     607.0     0.609    -4.351               7.650
  5012.068    26.0       0.858    -2.642
  5012.071      21.0     2.109    -0.012
  5012.098 106.00112     3.096    -2.529               3.456
  5012.103      70.1     5.321    -3.810
  5012.106 106.00112     3.648    -3.439               3.456
  5012.116 106.00113     3.711    -4.215               3.456
  5012.121      23.0     3.087    -2.313
  5012.133 106.00112     3.648    -3.448               3.456
  5012.157      26.0     4.191    -1.108
  5012.198      69.1     3.860    -1.210
  5012.257      23.1     5.537    -3.732
  5012.272       6.0     7.946    -3.086
  5012.294 106.00112     3.096    -2.541               3.456
  5012.304      69.1     4.140    -2.340
  5012.325      42.0     3.443    -1.415
  5012.331      58.1     3.411    -3.850
  5012.345      23.0     3.113    -1.837
  5012.438      28.0     3.699    -0.90
  5012.441      26.0     4.143    -1.238
  5012.488 106.00113     3.545    -1.396               3.456
  5012.511      58.0     0.659    -0.334
  5012.528      73.0     1.358    -1.650
  5012.609     607.0     0.795    -3.216               7.650
  5012.614      58.1     1.796    -1.680
  5012.695      26.0     4.283    -1.50
  5012.696     607.0     0.795    -4.962               7.650
  5012.703    27.1      11.289    -0.490
  5012.762 106.00113     2.821    -2.636               3.456
  5012.762      26.0     4.733    -2.882
  5012.797      27.1     8.890    -4.036
  5012.895 106.00113     3.545    -1.386               3.456
  5012.930      23.1     6.869    -4.430
  5012.934      58.1     1.528    -3.910
  5012.935      69.1     4.288    -1.480
  5012.948 106.00113     2.821    -2.649               3.456
  5012.954    56.1       6.011     0.200
  5012.974      24.0     4.618    -2.818
  5013.043     607.0     0.916    -4.518               7.650
  5013.055     607.0     0.792    -3.129               7.650
  5013.125     607.0     1.344    -2.684               7.650
  5013.149      63.0     1.806     0.220
  5013.173     607.0     1.021    -4.113               7.650
  5013.208      20.0     5.045    -2.057
  5013.216     607.0     1.003    -3.408               7.650
  5013.217     607.0     1.344    -2.695               7.650
  5013.219     607.0     1.003    -3.470               7.650
  5013.222 106.00113     3.708    -4.215               3.456
  5013.224      25.1     6.494    -4.738
  5013.225     607.0     0.875    -3.865               7.650
  5013.227      23.1     6.258    -1.443
  5013.268      58.1     0.327    -3.430
  5013.272      41.0     1.610    -1.480
  5013.282    22.0       2.017     0.120
  5013.310      24.0     3.845    -2.330
  5013.314      24.0     2.708    -0.920
  5013.320      27.0     3.568    -1.576
  5013.330      22.1     3.095    -1.910
  5013.415      24.1     8.273    -3.095
  5013.417      70.1     6.660    -2.560
  5013.491     607.0     0.690    -4.671               7.650
  5013.558      20.0     4.780    -1.401
  5013.570     607.0     0.690    -3.575               7.650
  5013.579      23.0     2.269    -4.058
  5013.618      28.0     3.597    -4.507
  5013.622 106.00112     3.555    -3.448               3.456
  5013.644      69.1     4.368    -1.690
  5013.657 106.00112     3.555    -3.457               3.456
  5013.659    27.1      11.363     0.330
  5013.686    22.1       1.582    -2.10
  5013.710 106.00112     3.136    -3.200               3.456
  5013.714     607.0     0.652    -4.019               7.650
  5013.742      69.1     3.331    -1.910
  5013.760     607.0     0.652    -3.342               7.650
  5013.777      58.0     0.411    -0.762
  5013.800 106.00113     2.401    -3.052               3.456
  5013.876     607.0     0.910    -3.370               7.650
  5013.886 106.00113     2.204    -3.443               3.456
  5013.900      69.1     4.660    -3.710
  5013.915      26.0     4.45     -1.80
  5013.928      23.0     2.138    -3.402
  5013.942     607.0     0.910    -3.386               7.650
  5013.974      27.1     8.141    -4.378
  5013.996 106.00113     2.401    -3.033               3.456
  5013.998     607.0     0.740    -4.210               7.650
  5014.016 106.00113     2.683    -3.032               3.456
  5014.044 106.00112     3.136    -3.187               3.456
  5014.053     607.0     0.664    -3.331               7.650
  5014.069    16.1      14.067     0.046
  5014.072 106.00113     2.683    -3.048               3.456
  5014.077 106.00113     2.204    -3.515               3.456
  5014.087      21.0     3.057    -1.044
  5014.127      21.0     3.057    -0.429
  5014.165      23.0     1.804    -3.922
  5014.176      58.1     1.520    -1.640
  5014.186    22.0       0.000    -1.30
  5014.211      28.0     4.419    -5.0
  5014.275    22.0       0.813     0.20
  5014.283      58.0     0.671    -0.589
  5014.287      58.0     1.067    -0.197
  5014.406 106.00113     3.136    -3.200               3.456
  5014.409      58.1     0.459    -2.310
  5014.461      70.1     5.341    -0.900
  5014.464     607.0     1.326    -2.695               7.650
  5014.485     607.0     0.614    -4.992               7.650
  5014.539      60.0     0.293    -0.284
  5014.544     607.0     1.000    -3.470               7.650
  5014.547     607.0     1.000    -3.544               7.650
  5014.548     607.0     0.808    -3.134               7.650
  5014.554      69.1     2.964    -0.398
  5014.557     607.0     1.326    -2.707               7.650
  5014.580      42.0     3.078    -0.362
  5014.612     607.0     0.808    -4.116               7.650
  5014.620      23.0     2.374    -0.027
  5014.624    27.1      11.412    -0.470
  5014.625      23.0     2.678    -0.505
  5014.648      24.0     3.435    -4.237
  5014.651      24.0     4.613    -1.067
  5014.720      24.0     3.122    -3.363
  5014.817      22.0     2.160    -3.508
  5014.840      26.0     5.067    -3.532
  5014.867      58.1     1.042    -2.850
  5014.907      27.0     4.064    -2.147
  5014.909 106.00112     2.821    -2.636               3.456
  5014.924 106.00113     3.136    -3.187               3.456
  5014.937      23.0     1.869    -1.831
  5014.943    26.0       3.940    -0.303
  5014.947      44.0     1.139    -1.620
  5014.975      70.1     6.076    -2.080
  5014.979      69.1     4.938    -3.330