Mn 5118 +/- 10 with hfs  
  5107.055 106.00112     2.372    -3.320               3.456
  5107.066      44.0     1.589    -1.230
  5107.076 106.00113     3.711    -4.215               3.456
  5107.092      25.1     7.382    -1.478
  5107.096     607.0     0.990    -2.826               7.650
  5107.110 106.00113     3.708    -1.365               3.456
  5107.138      27.1    11.326    -0.170
  5107.155     607.0     0.990    -3.715               7.650
  5107.245      26.1     6.209    -4.176
  5107.281     607.0     1.108    -2.977               7.650
  5107.358      21.0     1.996    -0.963
  5107.376     607.0     1.108    -4.223               7.650
  5107.404      64.1     1.288    -1.610
  5107.447      26.0     0.989    -3.087
  5107.463      26.1     7.695    -2.962
  5107.473 106.00112     2.372    -3.335               3.456
  5107.507      25.1     5.567    -3.951
  5107.520      13.0     3.143    -2.395
  5107.530      69.0     2.449    -0.190
  5107.536      27.1    11.326     0.590
  5107.541      26.1    10.391    -0.640
  5107.570      60.1     0.823    -0.370
  5107.579      70.1     7.080    -1.360
  5107.641      26.0     1.556    -2.418
  5107.674 106.00113     1.289    -2.969               3.456
  5107.674      24.0     0.983    -4.808
  5107.697 106.00113     2.946    -2.915               3.456
  5107.734 106.00113     2.372    -3.320               3.456
  5107.768      23.1     2.557    -3.102
  5107.873     607.0     1.066    -3.115               7.650
  5107.886     607.0     1.146    -3.797               7.650
  5107.908 106.00113     2.372    -3.335               3.456
  5107.916 106.00112     3.711    -1.365               3.456
  5107.918      42.0     3.395    -2.149
  5107.943      13.0     3.143    -2.697
  5107.943      28.0     4.538    -1.888
  5107.956      58.1     1.533    -2.390
  5107.979      27.1     8.853    -3.460
  5107.995 106.00113     2.946    -2.901               3.456
  5107.995      23.0     3.245    -4.380
  5108.018 106.00113     1.289    -3.021               3.456
  5108.046    27.1      11.335     0.030
  5108.125      21.0     2.608    -3.703
  5108.125      25.0     4.794    -3.345
  5108.128 106.00112     3.711    -1.375               3.456
  5108.130      24.1     8.050    -3.438
  5108.172      26.0     3.984    -3.849
  5108.261      22.0     2.778    -3.755
  5108.274 106.00113     1.289    -4.950               3.456
  5108.295      27.0     4.232    -1.154
  5108.386 106.00112     3.711    -4.215               3.456
  5108.397      26.0     4.559    -1.382
  5108.425      22.0     3.551    -1.470
  5108.433 106.00112     3.201    -3.088               3.456
  5108.447      58.1     1.644    -2.940
  5108.483      69.1     4.778    -0.260
  5108.510      24.0     3.556    -3.596
  5108.512      24.0     4.855    -2.655
  5108.615      26.0     4.607    -3.042
  5108.645     607.0     1.255    -4.613               7.650
  5108.647      25.0     4.794    -3.376
  5108.715 106.00112     2.723    -3.538               3.456
  5108.767      26.0     4.956    -4.193
  5108.789      24.0     4.193    -2.600
  5108.799 106.00112     2.723    -3.550               3.456
  5108.817     607.0     0.910    -3.907               7.650
  5108.854     607.0     0.828    -3.972               7.650
  5108.865     607.0     0.910    -2.626               7.650
  5108.872     607.0     0.922    -2.626               7.650
  5108.898      27.0     3.930    -0.370
  5108.903      64.1     1.659    -0.360
  5108.913 106.00112     2.621    -3.428               3.456
  5108.914      24.0     2.708    -2.217
  5108.922     607.0     0.922    -3.923               7.650
  5108.936     607.0     0.997    -2.735               7.650
  5108.963 106.00112     1.080    -3.106               3.456
  5108.971 106.00112     3.111    -3.099               3.456
  5108.981 106.00112     3.111    -3.110               3.456
  5108.987 106.00112     1.080    -4.855               3.456
  5109.022     607.0     0.997    -4.441               7.650
  5109.036 106.00112     3.202    -3.099               3.456
  5109.060      69.1     3.010    -2.800
  5109.062      21.0     2.136    -0.279
  5109.083      24.1     6.803    -3.740
  5109.130 106.00113     3.384    -2.549               3.456
  5109.135 106.00112     2.621    -3.410               3.456
  5109.206 106.00112     0.999    -3.769               3.456
  5109.216 106.00112     0.999    -4.625               3.456
  5109.225      58.1     0.122    -3.360
  5109.250 106.00112     1.080    -4.833               3.456
  5109.274 106.00112     1.080    -3.032               3.456
  5109.310 106.00113     2.723    -3.550               3.456
  5109.350 106.00113     3.385    -2.560               3.456
  5109.378      73.1     1.201    -1.480
  5109.431      22.0     1.443    -1.435
  5109.454 106.00113     2.723    -3.538               3.456
  5109.493     607.0     0.897    -4.148               7.650
  5109.507      22.0     3.583    -0.555
  5109.556      23.0     1.195    -4.706
  5109.570     607.0     0.897    -3.097               7.650
  5109.625      15.0     6.985    -1.090
  5109.652      26.0     4.301    -1.110
  5109.708      42.0     2.523    -1.006
  5109.710      58.1     1.533    -3.540
  5109.725      26.0     3.943    -4.471
  5109.774      22.0     2.267    -3.503
  5109.775      28.1     6.473    -2.919
  5109.780 106.00113     3.068    -2.957               3.456
  5109.783      73.0     0.697    -2.590
  5109.809 106.00113     2.623    -3.410               3.456
  5109.885      24.0     5.320    -3.515
  5109.900     607.0     1.108    -2.965               7.650
  5109.911 106.00113     3.201    -3.088               3.456
  5109.924     607.0     0.825    -4.469               7.650
  5109.932 106.00112     3.708    -1.375               3.456
  5109.932 106.00113     2.623    -3.428               3.456
  5109.935 106.00112     1.000    -3.614               3.456
  5109.968      26.0     4.608    -4.264
  5110.004      26.0     5.010    -3.752
  5110.008 106.00113     3.111    -3.110               3.456
  5110.050      23.1     8.790    -3.417
  5110.068      58.1     0.459    -3.600
  5110.094      58.1     1.676    -2.310
  5110.175 106.00113     3.068    -2.944               3.456
  5110.193 106.00112     3.708    -4.215               3.456
  5110.214 106.00112     2.946    -2.915               3.456
  5110.222 106.00113     3.111    -3.099               3.456
  5110.264      21.1     8.189    -3.836
  5110.269      26.0     4.956    -2.260
  5110.287 106.00113     3.202    -3.099               3.456
  5110.308 106.00113     3.708    -4.215               3.456
  5110.308      26.0     4.607    -2.116
  5110.324      66.0     2.425     0.797
  5110.333      69.1     4.706    -3.800
  5110.353      74.0     1.868    -1.650
  5110.359      26.0     3.571    -1.366
  5110.365      42.0     2.758    -1.673
  5110.371      59.1     0.508    -0.492
  5110.395     107.0     3.353    -2.904               3.450
  5110.413      26.0     0.000    -3.760
  5110.443      26.0     4.260    -2.541
  5110.480 106.00112     3.708    -1.365               3.456
  5110.491     607.0     0.875    -3.033               7.650
  5110.512      24.1     6.686    -2.593
  5110.512      27.1    11.333    -0.380
  5110.525 106.00112     2.946    -2.901               3.456
  5110.748     607.0     0.990    -2.806               7.650
  5110.749      24.0     2.709    -1.289
  5110.760      59.1     1.148     0.287
  5110.794      27.0     4.232    -2.901
  5110.808     107.0     3.353    -2.904               3.450
  5110.823      76.0     1.368    -2.300
  5110.841      46.0     4.395     0.130
  5110.864      90.1     2.054    -0.884
  5110.934      58.1     1.775    -2.680
  5110.997      58.1     1.090    -2.350
  5110.998      23.0     1.942    -4.054
  5111.003 106.00112     3.068    -2.957               3.456
  5111.041      22.0     3.166    -1.143
  5111.106     607.0     0.865    -3.628               7.650
  5111.147     607.0     0.865    -3.047               7.650
  5111.150      62.1     0.333    -2.330
  5111.189      23.0     3.116    -0.372
  5111.190      20.0     5.181    -2.171
  5111.209      24.0     4.193    -3.418
  5111.279      69.1     3.483    -2.100
  5111.322 106.00112     3.068    -2.944               3.456
  5111.341      58.1     1.254    -3.420
  5111.347      58.1     0.900    -3.730
  5111.355      26.0     3.547    -3.429
  5111.369 106.00112     3.384    -2.549               3.456
  5111.382      23.0     3.883    -4.163
  5111.444      26.0     3.274    -4.558
  5111.455      58.1     1.645    -2.340
  5111.458      23.1     6.664    -4.062
  5111.470      70.1     6.719    -0.700
  5111.492      70.1     5.517    -3.250
  5111.544      23.0     2.575    -3.428
  5111.567     607.0     0.997    -4.439               7.650
  5111.588 106.00112     3.385    -2.560               3.456
  5111.595      69.1     4.756    -2.230
  5111.610      58.0     0.591    -0.315
  5111.625      20.0     5.689    -2.060
  5111.653     607.0     0.997    -2.725               7.650
  5111.656     607.0     1.005    -2.812               7.650
  5111.661      26.0     4.608    -4.313
  5111.688      69.1     4.708    -1.440
  5111.717     607.0     1.005    -3.723               7.650
  5111.744      69.1     4.265    -2.190
  5111.855      26.0     4.913    -2.123
  5111.873      23.0     2.115    -4.417
  5111.915      29.0     5.569    -1.085
  5111.918      26.0     4.652    -4.509
  5111.920      64.1     1.575    -1.560
  5111.952      28.0     5.363    -4.111
  5111.958      69.1     4.355    -2.390
  5112.022      22.1     7.761    -3.690
  5112.080      24.1     6.803    -2.829
  5112.111      22.0     3.166    -1.666
  5112.130      72.0     0.699    -2.360
  5112.140      27.0     3.530    -4.893
  5112.212      19.0     1.617    -3.040
  5112.217      58.1     1.582    -2.210
  5112.238      58.1     0.792    -2.080
  5112.246      19.0     1.617    -2.080
  5112.270      40.1     1.665    -0.850
  5112.293      62.1     0.885    -1.550
  5112.323 106.00112     1.289    -3.021               3.456
  5112.446      27.1     3.408    -4.606
  5112.469      26.0     3.882    -5.092
  5112.475      23.1     6.101    -4.731
  5112.485      24.0     1.004    -3.700
  5112.509 106.00113     1.108    -4.858               3.456
  5112.519 106.00112     1.289    -4.950               3.456
  5112.543      58.1     1.027    -1.990
  5112.561 106.00112     1.289    -2.969               3.456
  5112.579 106.00112     2.623    -3.410               3.456
  5112.631 106.00113     1.108    -3.032               3.456
  5112.684 106.00112     2.623    -3.428               3.456
  5112.704      58.0     0.552     0.108
  5112.849      21.0     2.146    -0.405
  5112.869 106.00113     2.949    -2.901               3.456
  5112.878      58.1     1.088    -2.660
  5112.888 106.00113     1.108    -2.961               3.456
  5112.905      69.1     3.379    -1.030
  5112.912      24.0     3.104    -4.145
  5112.917      26.0     4.956    -3.060
  5112.948 106.00113     3.711    -1.365               3.456
  5112.974     607.0     0.961    -3.466               7.650
  5112.982      24.1     6.805    -3.867
  5112.999      26.1    10.391    -0.530
  5113.008 106.00113     1.108    -4.882               3.456
  5113.047      58.1     1.666    -2.320
  5113.066     607.0     0.922    -3.916               7.650
  5113.079 106.00113     2.949    -2.915               3.456
  5113.116     607.0     0.922    -2.608               7.650
  5113.120      27.0     4.110    -1.556
  5113.126      24.0     2.710    -1.517
  5113.155      27.1    11.335    -0.190
  5113.188      58.1     3.112    -2.640
  5113.220      27.0     2.080    -2.240
  5113.228 106.00113     3.711    -1.375               3.456
  5113.228      70.1     6.954    -2.740
  5113.234      26.0     4.218    -2.524
  5113.270      21.1     8.399    -3.098
  5113.368     607.0     0.836    -3.975               7.650
  5113.413      23.0     1.800    -2.862
  5113.440      22.0     1.443    -0.783
  5113.456     607.0     0.934    -2.608               7.650
  5113.508     607.0     0.934    -3.932               7.650
  5113.547      26.0     4.956    -3.232
  5113.568      58.1     1.855    -2.400
  5113.680      24.1     8.618    -4.911
  5113.726     607.0     1.235    -3.370               7.650
  5113.800      15.0     6.936    -2.000
  5113.849     607.0     1.235    -4.811               7.650
  5113.871      26.0     4.652    -3.328
  5113.884      69.1     4.854    -0.870
  5113.888      26.0     4.988    -3.145
  5113.900 106.00113     1.015    -3.650               3.456
  5113.910      22.0     2.249    -2.322
  5113.915     607.0     0.916    -3.092               7.650
  5113.970      69.0     0.000    -2.250
  5114.057      24.0     3.845    -4.407
  5114.060      21.0     3.340    -3.527
  5114.067 106.00113     1.015    -4.700               3.456
  5114.105      69.1     4.324    -2.170
  5114.141      24.1     6.805    -3.583
  5114.170      22.0     0.900    -4.300
  5114.188      25.1     5.991    -3.854
  5114.340      63.0     1.618    -0.140
  5114.413 106.00113     3.070    -2.944               3.456
  5114.444 106.00113     1.015    -3.526               3.456
  5114.467      24.0     3.556    -2.332
  5114.510      26.0     4.593    -2.641
  5114.530 106.00113     3.070    -2.957               3.456
  5114.546      69.1     2.855    -0.530
  5114.559      57.1     0.235    -1.030
  5114.630 106.00112     2.300    -3.333               3.456
  5114.685 106.00112     2.300    -3.349               3.456
  5114.712     607.0     1.122    -4.133               7.650
  5114.863      26.0     3.943    -4.903
  5114.885     607.0     1.131    -2.968               7.650
  5114.889 106.00113     2.300    -3.349               3.456
  5114.966      42.0     2.276    -1.468
  5114.982     607.0     1.131    -4.230               7.650
  5114.993      24.0     4.440    -1.683
  5115.001      23.0     3.087    -4.446
  5115.045      90.0     0.479    -1.795
  5115.061      26.1    10.431    -0.500
  5115.067 106.00113     2.300    -3.333               3.456
  5115.132      58.1     1.742    -0.820
  5115.161      26.0     4.956    -2.429
  5115.232      22.1     7.709    -3.350
  5115.234      23.1     6.334    -1.951
  5115.236      58.0     0.889     0.304
  5115.236      58.1     2.145    -1.130
  5115.241     607.0     0.886    -3.011               7.650
  5115.243      58.0     0.589     0.007
  5115.268      40.0     2.023    -0.100
  5115.388      22.0     1.879    -3.751
  5115.389      28.0     3.834    -0.110
  5115.404 106.00112     2.949    -2.901               3.456
  5115.407      27.0     4.113    -2.884
  5115.442     607.0     1.021    -4.140               7.650
  5115.514     607.0     0.875    -3.635               7.650
  5115.557     607.0     0.876    -3.023               7.650
  5115.562 106.00112     3.070    -2.944               3.456
  5115.586      26.0     4.638    -4.190
  5115.601 106.00112     2.949    -2.915               3.456
  5115.611      58.1     0.721    -2.770
  5115.636      42.0     3.395    -1.498
  5115.638      20.0     4.763    -2.278
  5115.643      58.0     0.719    -0.029
  5115.755 106.00112     3.070    -2.957               3.456
  5115.777      26.0     3.573    -2.870
  5115.817      20.0     5.832    -4.569
  5115.821 106.00112     3.114    -3.099               3.456
  5115.858     607.0     1.235    -3.362               7.650
  5115.925      69.1     4.736    -1.220
  5115.943     607.0     1.345    -4.060               7.650
  5116.043      26.0     4.143    -2.379
  5116.049      24.1     3.714    -3.637
  5116.056 106.00112     2.726    -3.538               3.456
  5116.097      24.0     5.288    -3.895
  5116.122      28.0     4.236    -2.607
  5116.185      22.0     3.569    -0.832
  5116.203      70.1     6.076    -1.520
  5116.214      22.0     3.104    -3.590
  5116.224      58.1     3.847    -2.030
  5116.248      24.1     6.805    -3.254
  5116.304      22.0     2.345    -3.197
  5116.326 106.00112     3.711    -1.365               3.456
  5116.342      58.1     1.296    -1.230
  5116.394     607.0     1.020    -2.798               7.650
  5116.412      70.1     7.064    -2.440
  5116.415 106.00112     3.114    -3.110               3.456
  5116.456     607.0     1.020    -3.731               7.650
  5116.491      26.0     3.884    -4.840
  5116.503     607.0     1.018    -2.725               7.650
  5116.512     607.0     1.281    -4.619               7.650
  5116.528      27.0     4.395    -2.861
  5116.535 106.00112     3.711    -1.375               3.456
  5116.539      58.1     0.902    -2.590
  5116.554      22.1     7.761    -3.117
  5116.570      60.1     0.742    -2.010
  5116.588      24.0     4.440    -1.935
  5116.591      26.0     4.966    -4.412
  5116.591     607.0     1.018    -4.448               7.650
  5116.619      26.0     3.884    -4.372
  5116.645 106.00112     2.727    -3.550               3.456
  5116.653      21.0     2.139    -0.167
  5116.689      62.1     0.933    -0.720
  5116.696      24.0     3.556    -3.039
  5116.746      58.1     4.128    -1.370
  5116.763      21.0     2.136    -0.275
  5116.797 106.00112     3.711    -4.215               3.456
  5116.797 106.00113     2.726    -3.538               3.456
  5116.807      20.0     5.832    -3.554
  5116.873      22.1     5.692    -4.701
  5116.889      24.0     3.887    -3.289
  5116.913 106.00113     3.711    -4.215               3.456
  5116.955      42.0     2.598    -1.755
  5116.963     607.0     0.916    -4.156               7.650
  5117.031      26.1    10.431    -0.040
  5117.042     607.0     0.916    -3.085               7.650
  5117.057      46.0     4.812     0.380
  5117.075 106.00113     3.114    -3.099               3.456
  5117.113      58.1     4.331    -3.980
  5117.144      42.0     3.444    -2.008
  5117.159 106.00113     2.727    -3.550               3.456
  5117.159      62.0     0.282     0.130
  5117.164      23.0     2.578    -4.061
  5117.169      58.1     1.402    -0.050
  5117.180      73.0     3.445     0.000
  5117.238      92.1     0.285    -2.116
  5117.289      69.1     4.856    -2.900
  5117.292      23.0     1.945    -2.861
  5117.321     607.0     1.178    -3.797               7.650
  5117.397     607.0     1.093    -3.107               7.650
  5117.408      24.1     6.805    -2.510
  5117.425      24.0     3.556    -1.765
  5117.437      26.0     4.988    -3.716
  5117.444 106.00113     3.114    -3.110               3.456
  5117.453     607.0     1.131    -2.957               7.650
  5117.484      21.0     5.028    -3.223
  5117.510     607.0     0.934    -3.925               7.650
  5117.523 106.00112     1.108    -3.032               3.456
  5117.523      59.1     0.922    -1.580
  5117.535     607.0     0.842    -4.476               7.650
  5117.546 106.00112     1.108    -4.882               3.456
  5117.562     607.0     0.934    -2.591               7.650
  5117.568      58.1     2.596    -3.090
  5117.569      26.0     4.796    -3.280
  5117.623     607.0     1.021    -4.135               7.650
  5117.641 106.00112     3.024    -3.110               3.456
  5117.641      24.0     3.888    -3.823
  5117.651      21.0     2.010    -3.336
  5117.659 106.00112     3.024    -3.121               3.456
  5117.664      22.1     7.721    -3.474
  5117.664      23.1     8.790    -3.744
  5117.713      70.1     5.771    -1.400
  5117.716      27.1    11.457    -0.020
  5117.734      26.0     4.652    -4.264
  5117.761 106.00112     1.108    -4.858               3.456
  5117.785 106.00112     1.108    -2.961               3.456
  5117.798      27.1    11.333     0.050
  5117.822 106.00113     1.984    -3.542               3.456
  5117.829 106.00112     3.471    -2.483               3.456
  5117.840 106.00112     1.984    -3.526               3.456
  5117.862     607.0     1.345    -4.053               7.650
  5117.882 106.00113     3.471    -2.483               3.456
  5117.898 106.00112     1.984    -3.542               3.456
  5117.902      25.0     3.134    -3.298
  5117.905      25.0     3.763    -4.153
  5117.906      25.0     3.134    -2.918
  5117.909      25.0     3.134    -2.742
  5117.913      25.0     3.134    -2.696
  5117.919      25.0     3.134    -2.374
  5117.920      25.0     3.134    -2.219
  5117.921      25.0     3.134    -2.198
  5117.923      25.0     3.134    -2.344
  5117.929      25.0     3.134    -2.550
  5117.935      25.0     3.134    -2.140
  5117.942      25.0     3.134    -1.867
  5117.945      58.1     1.247    -0.780
  5117.949      25.0     3.134    -1.655
  5118.000 106.00113     1.984    -3.526               3.456
  5118.031      59.1     0.550    -1.429
  5118.047      27.0     3.971    -1.955
  5118.056     607.0     0.845    -3.979               7.650
  5118.125      69.1     4.340    -1.560
  5118.146     607.0     0.948    -2.591               7.650
  5118.170      23.0     2.365    -4.582
  5118.200     607.0     0.948    -3.940               7.650
  5118.203      26.0     3.929    -4.825
  5118.254      22.1     7.738    -3.807
  5118.276      58.1     1.140    -3.130
  5118.308      58.1     3.144     0.010
  5118.309 106.00112     3.471    -2.472               3.456
  5118.349      58.1     1.274    -1.420
  5118.385      58.1     1.042    -2.990
  5118.464      24.0     4.389    -4.288
  5118.471 106.00113     3.024    -3.121               3.456
  5118.485 106.00113     3.471    -2.472               3.456
  5118.500      24.1     8.363    -4.665
  5118.501      26.1     8.175    -3.013
  5118.521      58.1     1.027    -3.420
  5118.628      69.1     4.988    -2.790
  5118.668      23.1     8.790    -3.852
  5118.671 106.00113     3.024    -3.110               3.456
  5118.744      24.0     3.556    -2.022
  5118.757      58.1     1.027    -2.170
  5118.761      58.1     0.175    -2.590
  5118.762      58.1     1.092    -1.900
  5118.783      22.0     3.441    -3.609
  5118.885      58.0     0.398    -0.507
  5118.904      69.1     5.004    -2.620
  5118.907      21.0     2.001    -3.508
  5118.927 106.00112     1.015    -3.650               3.456
  5118.928      24.0     5.617    -2.243
  5118.938 106.00112     1.015    -4.700               3.456
  5118.959      58.1     1.296    -2.040
  5119.064 106.00112     2.302    -3.333               3.456
  5119.100      58.1     1.676    -2.560
  5119.100     607.0     1.018    -4.446               7.650
  5119.112      39.1     0.992    -1.360
  5119.162      70.1     7.707    -2.090
  5119.189     607.0     1.018    -2.715               7.650
  5119.192     607.0     1.178    -3.791               7.650
  5119.217      42.0     2.934    -2.398
  5119.292      23.0     3.089    -1.048
  5119.321      24.0     3.422    -1.408
  5119.334      26.1    10.391    -0.670
  5119.336      21.0     5.029    -3.423
  5119.336      25.1     5.991    -3.262
  5119.457      58.0     0.889    -0.312
  5119.457      58.0     0.850    -0.351
  5119.462 106.00112     2.302    -3.349               3.456
  5119.473      24.0     3.556    -2.164
  5119.502 106.00113     2.302    -3.333               3.456
  5119.512      58.0     0.732    -0.468
  5119.517 106.00112     1.015    -3.526               3.456
  5119.621      60.1     0.680    -1.431
  5119.660      58.1     4.105    -2.610
  5119.667 106.00113     2.302    -3.349               3.456
  5119.734      58.1     1.140    -1.380
  5119.800 106.00112     3.094    -3.209               3.456
  5119.833      69.1     2.185    -3.420
  5119.898     607.0     1.020    -2.779               7.650
  5119.900      26.0     3.882    -3.180
  5119.908      21.1     8.231    -4.034
  5119.908      21.1     8.231    -3.098
  5119.919      27.1    11.333     0.100
  5119.932 106.00112     1.795    -3.930               3.456
  5119.981      22.0     3.399    -3.905
  5120.015 106.00112     1.795    -3.946               3.456
  5120.029 106.00113     1.795    -3.946               3.456
  5120.036      66.0     2.171     0.750
  5120.071     607.0     0.886    -3.643               7.650
  5120.084      23.0     2.115    -4.766
  5120.115     607.0     0.886    -3.001               7.650
  5120.124     607.0     0.898    -2.989               7.650
  5120.165      27.1     5.467    -4.249
  5120.170 106.00112     3.094    -3.197               3.456
  5120.183 106.00112     3.020    -3.220               3.456
  5120.197      22.0     3.424    -3.880
  5120.199 106.00113     1.795    -3.930               3.456
  5120.205      58.1     3.460    -3.890
  5120.291      41.0     0.049    -1.420
  5120.313      58.1     1.319    -3.740
  5120.322      75.0     3.028    -1.000
  5120.352      26.1     2.828    -4.256
  5120.362      24.0     3.435    -3.427
  5120.415      22.0     2.578     0.545
  5120.435      40.0     1.975    -0.580
  5120.532 106.00112     3.020    -3.208               3.456
  5120.575      58.1     2.008    -2.630
  5120.606      24.0     4.175    -4.337
  5120.669      69.0     2.449    -0.301
  5120.673      58.1     0.740    -3.030
  5120.679      45.0     1.676    -2.010
  5120.782      58.0     0.521    -0.226
  5120.815 106.00112     3.168    -3.198               3.456
  5120.857      26.0     4.415    -4.490
  5120.868      57.0     1.047    -0.760
  5120.892      26.0     4.446    -2.739
  5120.920 106.00113     2.681    -3.408               3.456
  5120.933      27.1     5.175    -2.712
  5120.936      21.0     2.608    -2.855
  5120.963      26.0     4.733    -4.169
  5121.015      24.1     8.215    -2.934
  5121.070      24.0     5.347    -4.203
  5121.078      24.1     6.869    -2.286
  5121.130 106.00113     2.681    -3.391               3.456
  5121.151 106.00113     3.623    -2.462               3.456
  5121.209 106.00112     3.168    -3.186               3.456
  5121.222      33.0     6.399     0.500
  5121.240      58.1     1.784    -1.840
  5121.243     607.0     1.036    -2.785               7.650
  5121.296      22.0     2.480    -3.098
  5121.308     607.0     1.036    -3.739               7.650
  5121.328      60.1     1.121    -1.060
  5121.358      58.0     1.141     0.227
  5121.395      23.0     1.931    -2.733
  5121.399      70.1     5.572    -2.080
  5121.426      20.0     5.181    -2.992
  5121.550 106.00112     3.413    -3.154               3.456
  5121.557      28.0     3.941    -1.005
  5121.583      70.1     5.510    -0.860
  5121.606      26.0     4.446    -4.406
  5121.623     607.0     0.936    -3.081               7.650
  5121.639      26.0     4.283    -0.940
  5121.643      58.1     1.274    -2.700
  5121.735      69.1     4.833    -1.900
  5121.752 106.00113     3.623    -2.452               3.456
  5121.766      42.0     3.390    -1.301
  5121.780      69.1     4.531    -2.220
  5121.785      24.0     5.271    -4.254
  5121.791      28.1     9.909    -3.191
  5121.799      41.0     1.610    -1.200
  5121.835      26.0     4.985    -4.272
  5121.846 106.00112     2.946    -3.232               3.456
  5121.965      22.0     3.171    -1.157
  5121.966      26.0     3.547    -3.845
  5121.967 106.00113     3.094    -3.209               3.456
  5121.996 106.00112     3.413    -3.143               3.456
  5122.022      21.0     2.614    -2.718
  5122.055      69.1     3.484    -1.360
  5122.067 106.00113     3.020    -3.220               3.456
  5122.069 106.00112     3.623    -2.462               3.456
  5122.090      22.0     2.236    -2.508
  5122.102     607.0     0.948    -3.934               7.650
  5122.115      24.0     1.030    -3.178
  5122.138      62.0     0.388     0.155
  5122.155     607.0     0.948    -2.575               7.650
  5122.174      28.1     9.897    -3.489
  5122.177 106.00112     2.946    -3.220               3.456
  5122.222      26.0     4.966    -3.952
  5122.237      76.0     1.841    -2.240
  5122.335      23.0     1.804    -4.066
  5122.356 106.00112     1.986    -3.526               3.456
  5122.392      58.0     0.274    -0.470
  5122.403      26.0     4.835    -4.049
  5122.418      58.1     0.529    -2.470
  5122.447 106.00113     1.138    -4.869               3.456
  5122.481      15.0     6.936    -2.500
  5122.492      69.1     4.140    -2.950
  5122.516 106.00113     1.986    -3.526               3.456
  5122.594      24.1     8.264    -2.977
  5122.607 106.00112     3.623    -2.452               3.456
  5122.628 106.00113     3.094    -3.197               3.456
  5122.639      24.0     5.615    -2.366
  5122.652 106.00113     1.986    -3.542               3.456
  5122.657 106.00113     1.138    -2.961               3.456
  5122.663     607.0     1.155    -2.960               7.650
  5122.699 106.00113     3.020    -3.208               3.456
  5122.702      23.0     2.581    -4.168
  5122.720      69.1     4.364    -0.200
  5122.728 106.00112     1.986    -3.542               3.456
  5122.733      69.1     4.235    -1.390
  5122.757      23.0     1.800    -3.027
  5122.763     607.0     1.155    -4.236               7.650
  5122.767      24.0     3.368    -1.414
  5122.768      27.0     3.665    -0.644
  5122.805     607.0     0.987    -3.458               7.650
  5122.847      22.0     2.495    -3.159
  5122.854 106.00113     3.463    -2.548               3.456
  5122.873 106.00113     1.138    -2.894               3.456
  5122.923     607.0     0.855    -3.984               7.650
  5122.978      23.1     8.790    -3.663
  5122.988      57.1     0.321    -0.850
  5123.013     607.0     0.961    -2.575               7.650
  5123.069     607.0     0.961    -3.948               7.650
  5123.083 106.00113     1.138    -4.894               3.456
  5123.091 106.00113     3.413    -3.154               3.456
  5123.187      58.1     3.469    -3.400
  5123.188      26.1     7.703    -2.458
  5123.211      39.1     0.992    -0.830
  5123.266      26.0     3.301    -4.331
  5123.269      69.1     4.778    -2.270
  5123.274 106.00113     3.168    -3.198               3.456
  5123.277 106.00112     3.474    -2.472               3.456
  5123.279      26.0     4.415    -2.458
  5123.300      69.1     4.839    -1.720
  5123.300      69.1     4.904    -3.080
  5123.306      22.1     7.738    -3.448
  5123.324 106.00113     3.463    -2.538               3.456
  5123.327      25.1     5.993    -1.876
  5123.331      58.1     1.677    -3.140
  5123.358 106.00112     3.243    -3.187               3.456
  5123.393      27.0     3.133    -3.994
  5123.453 106.00113     3.474    -2.472               3.456
  5123.455 106.00113     2.946    -3.232               3.456
  5123.456      25.0     4.794    -4.036
  5123.456      25.0     4.794    -3.456
  5123.458      23.0     2.581    -4.982
  5123.461      24.0     1.030    -2.960
  5123.513 106.00112     3.474    -2.483               3.456
  5123.540      25.1     7.760    -4.145
  5123.566 106.00113     3.474    -2.483               3.456
  5123.655      64.1     1.318    -1.440
  5123.658      77.0     1.606    -2.410
  5123.702 106.00112     2.681    -3.408               3.456
  5123.720      26.0     1.010    -3.068
  5123.758      44.0     1.419    -2.290
  5123.760 106.00113     3.413    -3.143               3.456
  5123.776 106.00112     3.244    -3.176               3.456
  5123.779      60.1     0.380    -0.610
  5123.792 106.00113     3.020    -2.900               3.456
  5123.820      42.0     3.399    -1.241
  5123.838      69.1     4.110    -2.350
  5123.854      22.0     3.546    -1.556
  5123.931 106.00112     2.681    -3.391               3.456
  5123.970 106.00113     3.168    -3.186               3.456
  5124.045      26.0     4.608    -2.300
  5124.054      26.1     5.569    -3.885
  5124.062 106.00113     2.946    -3.220               3.456
  5124.072      22.0     1.502    -0.082
  5124.112 106.00113     3.020    -2.887               3.456
  5124.139      58.1     3.371    -3.270
  5124.148      58.1     1.544    -1.390
  5124.214      27.1     8.993    -3.765
  5124.225     607.0     1.040    -2.715               7.650
  5124.233      74.0     1.857    -1.670
  5124.251      69.1     3.283    -0.590
  5124.305      22.0     2.250    -2.540
  5124.315     607.0     1.040    -4.455               7.650
  5124.369      24.1     8.086    -4.181
  5124.377      21.0     2.139    -0.973
  5124.380      25.0     5.112    -0.963
  5124.396 106.00113     1.033    -3.552               3.456
  5124.417 106.00112     3.028    -3.110               3.456
  5124.510      69.0     2.355    -1.730
  5124.510     607.0     1.308    -4.624               7.650
  5124.540      26.0     5.020    -4.198
  5124.557      42.0     3.700    -1.417
  5124.561      68.0     0.000    -1.485
  5124.606 106.00113     1.033    -4.759               3.456
  5124.619      26.0     3.301    -3.090
  5124.626     607.0     0.936    -4.163               7.650
  5124.666      22.1     7.761    -2.966
  5124.682 106.00112     2.874    -3.244               3.456
  5124.693      27.0     4.240    -2.063
  5124.707     607.0     0.936    -3.074               7.650
  5124.719      69.1     4.706    -1.920
  5124.724      26.0     4.913    -1.972
  5124.729      27.0     4.149    -1.049
  5124.748 106.00113     2.683    -3.391               3.456
  5124.753     607.0     1.036    -2.766               7.650
  5124.771      63.0     1.970     0.040
  5124.800      27.0     4.049    -0.665
  5124.822     607.0     0.898    -3.651               7.650
  5124.840      62.1     1.166    -1.070
  5124.847 106.00113     1.034    -3.447               3.456
  5124.859      14.0     4.920    -3.584
  5124.869     607.0     0.898    -2.980               7.650
  5124.887 106.00113     2.683    -3.408               3.456
  5124.963 106.00112     2.633    -3.550               3.456
  5124.966 106.00112     1.798    -3.930               3.456
  5124.982      40.1     1.532    -1.500
  5124.997 106.00112     2.874    -3.231               3.456
  5125.005 106.00112     3.028    -3.121               3.456
  5125.009      58.0     0.552    -0.196
  5125.032     607.0     1.120    -3.107               7.650
  5125.052 106.00112     2.633    -3.561               3.456
  5125.068      23.1     6.339    -3.777
  5125.087 106.00113     3.471    -2.823               3.456
  5125.105 106.00112     3.463    -2.548               3.456
  5125.117      26.0     4.220    -0.270
  5125.121      27.0     4.475    -2.413
  5125.170      22.0     3.559    -0.956
  5125.170     607.0     0.910    -2.969               7.650
  5125.194     607.0     0.987    -4.757               7.650
  5125.197      70.1     7.980    -1.670
  5125.197 106.00112     3.096    -3.197               3.456
  5125.201      22.0     2.506    -2.679
  5125.209     607.0     1.155    -2.949               7.650
  5125.228      28.0     3.679    -0.650
  5125.234 106.00113     1.798    -3.930               3.456
  5125.242      69.1     4.329    -2.030
  5125.243      26.1     7.269    -3.244
  5125.247      69.1     4.723    -1.010
  5125.257      26.0     4.956    -2.856
  5125.301     607.0     0.987    -3.452               7.650
  5125.337     607.0     0.860    -4.484               7.650
  5125.344 106.00113     2.633    -3.561               3.456
  5125.378 106.00112     1.798    -3.946               3.456
  5125.391 106.00112     3.096    -3.209               3.456
  5125.391 106.00113     1.798    -3.946               3.456
  5125.440      58.1     2.250    -1.810
  5125.449 106.00113     3.028    -3.110               3.456
  5125.468 106.00113     3.471    -2.811               3.456
  5125.478 106.00113     2.633    -3.550               3.456
  5125.504 106.00112     3.022    -3.208               3.456
  5125.555      64.1     1.425    -0.750
  5125.560      62.1     0.248    -3.200
  5125.578 106.00112     3.463    -2.538               3.456
  5125.601      14.0     5.082    -2.275
  5125.602      25.0     4.726    -3.148
  5125.694 106.00112     3.022    -3.220               3.456
  5125.709      27.0     3.930    -0.977
  5125.717     607.0     1.265    -3.355               7.650
  5125.791      27.0     4.149    -3.566
  5125.820 106.00113     3.028    -3.121               3.456
  5125.837      26.0     4.143    -2.403
  5125.850      22.0     3.294    -3.445
  5125.861      58.1     0.960    -1.890
  5125.898      58.1     1.404    -1.520
  5125.917      26.1     9.100    -2.543
  5126.027 106.00113     2.874    -3.244               3.456
  5126.077      27.1     5.175    -2.648
  5126.096      26.0     5.033    -4.146
  5126.122 106.00113     3.243    -3.187               3.456
  5126.122      58.1     1.042    -2.960
  5126.132      26.0     3.237    -3.600
  5126.149      58.1     1.212    -1.680
  5126.182      24.0     3.369    -1.565
  5126.193      26.0     4.256    -1.210
  5126.198      27.0     3.622    -0.529
  5126.214      22.1     7.738    -3.944
  5126.219 106.00112     3.415    -3.143               3.456
  5126.269 106.00112     3.171    -3.186               3.456
  5126.298      22.1     7.721    -3.992
  5126.318     607.0     1.052    -2.772               7.650
  5126.338 106.00112     3.020    -2.900               3.456
  5126.377      58.1     1.495    -3.420
  5126.384     607.0     1.052    -3.747               7.650
  5126.429      69.1     3.934    -2.340
  5126.453 106.00112     3.416    -3.154               3.456
  5126.472 106.00112     3.171    -3.198               3.456
  5126.499      24.0     3.369    -1.241
  5126.527      26.0     4.913    -4.517
  5126.548 106.00113     3.626    -2.452               3.456
  5126.572      23.0     1.950    -2.337
  5126.579      26.0     3.882    -4.614
  5126.608 106.00113     2.874    -3.231               3.456
  5126.671 106.00112     3.020    -2.887               3.456
  5126.704      42.0     2.646    -2.000
  5126.724 106.00113     3.626    -2.462               3.456
  5126.774 106.00113     1.333    -2.916               3.456
  5126.774     607.0     1.040    -4.452               7.650
  5126.806      27.0     3.930    -1.991
  5126.821      28.0     3.699    -0.702
  5126.841      26.1     8.104    -4.597
  5126.853 106.00113     3.244    -3.176               3.456
  5126.864     607.0     1.040    -2.706               7.650
  5126.874     607.0     0.961    -3.942               7.650
  5126.924     607.0     1.052    -4.133               7.650
  5126.929     607.0     0.961    -2.559               7.650
  5126.934      24.1     5.873    -2.881
  5127.063      22.0     2.677    -1.269
  5127.079 106.00112     2.949    -3.220               3.456
  5127.110      62.1     0.659    -1.510
  5127.142     607.0     1.120    -3.100               7.650
  5127.184 106.00113     1.333    -2.964               3.456
  5127.232      23.0     2.583    -4.204
  5127.250      44.0     1.193    -2.090
  5127.250      69.1     1.087    -2.950
  5127.258 106.00112     2.949    -3.232               3.456
  5127.277      58.1     1.626    -2.610
  5127.283      69.1     4.756    -2.620
  5127.310 106.00112     2.232    -3.347               3.456
  5127.339      26.0     4.294    -3.172
  5127.342 106.00113     2.232    -3.363               3.456
  5127.345      26.0     4.988    -2.725
  5127.359      26.0     0.914    -3.307
  5127.363 106.00112     2.232    -3.363               3.456
  5127.367      22.0     2.256    -2.497
  5127.384 106.00112     2.938    -3.121               3.456
  5127.403      68.1     1.701    -0.667
  5127.405 106.00112     3.626    -2.452               3.456
  5127.410 106.00112     2.938    -3.132               3.456
  5127.434 106.00113     1.333    -4.957               3.456
  5127.515 106.00113     2.232    -3.347               3.456
  5127.533      24.0     3.698    -3.964
  5127.552     607.0     1.380    -4.054               7.650
  5127.552 106.00112     2.683    -3.391               3.456
  5127.563 106.00113     3.096    -3.209               3.456
  5127.568 106.00112     3.319    -3.176               3.456
  5127.573 106.00112     1.138    -2.961               3.456
  5127.581 106.00113     3.022    -3.220               3.456
  5127.600 106.00112     1.138    -4.894               3.456
  5127.635      58.1     0.459    -3.400
  5127.644 106.00112     3.626    -2.462               3.456
  5127.652      41.0     1.255    -1.550
  5127.660 106.00113     3.096    -3.197               3.456
  5127.673 106.00112     2.683    -3.408               3.456
  5127.676 106.00113     3.022    -3.208               3.456
  5127.680      26.0     0.052    -6.125
  5127.707      58.1     1.748    -3.120
  5127.739      27.0     4.395    -3.290
  5127.765      69.1     4.461    -2.160
  5127.768 106.00112     1.138    -4.869               3.456
  5127.794 106.00112     1.138    -2.894               3.456
  5127.807      24.0     5.611    -2.634
  5127.810      27.1     5.467    -4.721
  5127.820      69.0     2.449    -1.260
  5127.847      24.0     3.104    -4.414
  5127.853      42.0     3.156    -1.696
  5127.866      26.1     5.571    -2.451
  5127.933      58.0     0.999    -0.723
  5127.935      24.0     5.274    -3.552
  5127.937     607.0     0.865    -3.989               7.650
  5127.948      58.1     3.463    -2.970
  5127.955      24.1     8.718    -4.889
  5127.986 106.00113     3.415    -3.143               3.456
  5127.989      27.1     9.069    -3.466
  5127.997 106.00113     3.416    -3.154               3.456