Mn 6519 +/- 10 with hfs  
  6509.009    58.0       0.028    -1.878
  6509.025   607.0       0.513    -3.210               7.760
  6509.089    38.1       6.607    -2.359
  6509.126   607.0       0.513    -2.300               7.760
  6509.146   607.0       0.547    -3.829               7.760
  6509.223   607.0       0.875    -2.494               7.760
  6509.279    24.0       4.616    -1.434
  6509.297   607.0       0.547    -2.618               7.760
  6509.329   607.0       0.689    -4.122               7.760
  6509.413   607.0       0.875    -3.915               7.760
  6509.479    62.0       0.036    -2.319
  6509.482    42.0       3.395    -1.502
  6509.497   607.0       0.689    -2.249               7.760
  6509.516   112.0       0.934    -3.830               1.340
  6509.617    26.0       4.076    -2.970
  6509.779   607.0       0.591    -2.235               7.760
  6509.826   112.0       0.938    -3.419               1.340
  6509.826   112.0       0.938    -3.574               1.340
  6510.007   607.0       0.528    -3.027               7.760
  6510.038   607.0       0.529    -2.297               7.760
  6510.041   607.0       0.528    -2.701               7.760
  6510.170    26.0       4.580    -3.432
  6510.225    24.0       3.889    -1.659
  6510.277   607.0       0.614    -3.511               7.760
  6510.338   607.0       0.506    -4.000               7.760
  6510.394    45.0       1.998    -1.870
  6510.396   607.0       0.614    -1.899               7.760
  6510.405    20.0       5.832    -4.657
  6510.644   607.0       0.510    -2.978               7.760
  6510.660   607.0       0.510    -3.134               7.760
  6510.724   607.0       1.723    -2.008               7.760
  6510.759   607.0       0.441    -4.145               7.760
  6510.963    22.0       3.574    -2.724
  6511.009   607.0       0.619    -2.204               7.760
  6511.043    21.0       5.826    -3.016
  6511.060    21.0       5.226    -3.164
  6511.076   607.0       0.619    -2.856               7.760
  6511.234   112.0       1.176    -3.138               1.340
  6511.289   112.0       1.106    -3.080               1.340
  6511.334    55.0       1.798    -3.719
  6511.358    90.1       1.123    -2.857
  6511.390    69.0       2.318    -1.700
  6511.399   607.0       0.752    -2.109               7.760
  6511.446    75.0       2.137    -1.680
  6511.673    22.0       3.294    -1.291
  6511.754   112.0       0.555    -3.700               1.340
  6511.770    20.0       4.131    -2.516
  6511.806   607.0       0.529    -2.294               7.760
  6511.841   112.0       1.176    -3.118               1.340
  6511.951    22.0       3.399    -2.595
  6511.951    23.1       6.317    -1.478
  6511.989    26.1       7.946    -4.382
  6512.009    20.0       5.832    -4.260
  6512.046   607.0       0.745    -3.299               7.760
  6512.085   607.0       0.534    -3.026               7.760
  6512.119   607.0       0.534    -2.249               7.760
  6512.195   607.0       0.558    -2.128               7.760
  6512.222   112.0       0.941    -3.307               1.340
  6512.222   112.0       0.941    -3.419               1.340
  6512.241   607.0       0.558    -3.063               7.760
  6512.282    23.0       2.359    -4.321
  6512.307   112.0       1.106    -3.037               1.340
  6512.327    22.0       3.581    -2.181
  6512.335    22.0       3.424    -0.977
  6512.531    22.0       3.319    -1.145
  6512.590   607.0       0.600    -2.213               7.760
  6512.646   112.0       0.555    -3.665               1.340
  6512.670    42.0       3.907    -1.562
  6512.680    21.0       5.894    -2.847
  6512.703   607.0       0.875    -2.485               7.760
  6512.789   607.0       0.513    -2.926               7.760
  6512.808   607.0       1.566    -3.851               7.760
  6512.808   607.0       0.513    -3.015               7.760
  6512.931   112.0       1.223    -0.689               1.340
  6512.931   112.0       1.223    -0.675               1.340
  6513.045    22.1       4.002    -1.4  
  6513.100   112.0       1.155    -3.284               1.340
  6513.292   607.0       0.508    -3.698               7.760
  6513.360   112.0       1.234    -2.436               1.340
  6513.360   112.0       1.234    -2.414               1.340
  6513.369    20.0       5.796    -4.332
  6513.452    20.0       5.741    -4.491
  6513.532    23.051     2.359    -4.906
  6513.579    58.1       1.784    -0.929
  6513.651    20.0       4.681    -3.761
  6513.756    14.0       6.079    -3.460
  6513.801   607.0       1.723    -3.525               7.760
  6513.805    24.0       4.618    -1.989
  6514.013    23.1       8.182    -4.517
  6514.052   607.0       0.632    -1.899               7.760
  6514.055   607.0       0.534    -2.645               7.760
  6514.062   112.0       1.155    -3.245               1.340
  6514.065    24.0       5.211    -2.076
  6514.118    28.0       5.284    -2.0  
  6514.175   607.0       0.632    -3.522               7.760
  6514.221    20.1       9.016    -2.143
  6514.263    22.1       8.248    -0.869
  6514.372   607.0       0.539    -3.027               7.760
  6514.386    73.0       1.394    -1.450
  6514.409   607.0       0.539    -2.206               7.760
  6514.451   112.0       1.061    -4.749               1.340
  6514.471    25.1       6.658    -4.377
  6514.625    15.0       8.250    -2.510
  6514.705   112.0       0.893    -0.825               1.340
  6514.705   112.0       0.893    -0.859               1.340
  6514.709    23.0       4.258    -3.034
  6514.774   607.0       0.630    -2.182               7.760
  6514.789    14.0       5.614    -3.540
  6514.844   607.0       0.630    -2.864               7.760
  6514.862    23.0       4.281    -3.874
  6514.893   112.0       0.624    -3.266               1.340
  6514.959    60.1       0.182    -2.0
  6515.136   607.0       0.455    -3.531               7.760
  6515.224   607.0       0.516    -2.889               7.760
  6515.247   607.0       0.516    -2.916               7.760
  6515.261    75.0       3.789    -0.600
  6515.405    23.1       9.309    -0.522
  6515.447    26.1       8.038    -4.396
  6515.452    24.0       5.288    -3.786
  6515.482    20.0       5.728    -3.312
  6515.498   112.0       0.935    -3.830               1.340
  6515.531   112.0       0.624    -3.233               1.340
  6515.624   607.0       0.609    -2.191               7.760
  6515.775    25.0       6.402    -1.103
  6515.792   112.0       1.476    -0.867               1.340
  6515.792   112.0       1.476    -0.857               1.340
  6515.840   607.0       0.773    -2.113               7.760
  6515.843   607.0       0.566    -2.093               7.760
  6515.892   607.0       0.566    -3.066               7.760
  6515.933   112.0       1.243    -3.515               1.340
  6515.984   607.0       0.773    -3.325               7.760
  6516.008    24.0       3.890    -1.681
  6516.041   607.0       1.114    -4.310               7.760
  6516.070    22.0       3.351    -1.100
  6516.073    28.0       4.167    -2.375
  6516.079    25.055     5.225    -4.679
  6516.079    25.055     5.225    -3.725
  6516.079    25.055     5.225    -3.036
  6516.080    26.1       2.891    -3.320
  6516.085    25.055     5.225    -4.299
  6516.085    25.055     5.225    -3.579
  6516.085    25.055     5.225    -3.248
  6516.090    25.055     5.225    -4.123
  6516.090    25.055     5.225    -3.600
  6516.090    25.055     5.225    -3.521
  6516.093    25.055     5.225    -4.077
  6516.093    25.055     5.225    -3.755
  6516.093    25.055     5.225    -3.931
  6516.124    21.145     1.500    -4.275
  6516.127    73.0       1.394    -1.490
  6516.152    21.145     1.500    -4.764
  6516.159    21.145     1.500    -4.568
  6516.183    21.145     1.500    -4.648
  6516.206    21.145     1.500    -4.768
  6516.219    21.145     1.500    -4.752
  6516.263   112.0       1.243    -3.500               1.340
  6516.267   112.0       0.945    -3.218               1.340
  6516.267   112.0       0.945    -3.307               1.340
  6516.553   607.0       0.760    -3.308               7.760
  6516.563   607.0       0.510    -3.537               7.760
  6516.708    27.059     4.916    -4.660
  6516.721    27.059     4.916    -4.660
  6516.721    27.059     4.916    -4.380
  6516.746    27.059     4.916    -4.380
  6516.746    27.059     4.916    -4.982
  6516.746    27.059     4.916    -4.242
  6516.747   607.0       0.570    -2.615               7.760
  6516.785    27.059     4.916    -4.242
  6516.785    27.059     4.916    -4.535
  6516.785    27.059     4.916    -4.176
  6516.836    27.059     4.916    -4.176
  6516.836    27.059     4.916    -4.204
  6516.836    27.059     4.916    -4.169
  6516.892    24.0       3.845    -3.369
  6516.899    27.059     4.916    -4.169
  6516.899    27.059     4.916    -3.941
  6516.899    27.059     4.916    -4.234
  6516.916   607.0       0.545    -3.029               7.760
  6516.939   607.0       1.520    -3.355               7.760
  6516.947    23.1       9.372    -0.703
  6516.956   607.0       0.545    -2.166               7.760
  6516.976    27.059     4.916    -4.234
  6516.976    27.059     4.916    -3.722
  6516.976    27.059     4.916    -4.438
  6517.018    26.1       5.585    -2.755
  6517.065    27.059     4.916    -4.438
  6517.065    27.059     4.916    -3.535
  6517.080    22.0       3.581    -2.574
  6517.100    24.0       3.847    -2.705
  6517.140    42.0       4.053    -1.121
  6517.142    59.0       1.083    -0.475
  6517.236   607.0       0.715    -2.249               7.760
  6517.274    23.1       4.244    -1.546
  6517.279   607.0       1.633    -1.789               7.760
  6517.309    58.0       0.398    -1.080
  6517.408   607.0       0.715    -4.130               7.760
  6517.434   607.0       0.961    -3.732               7.760
  6517.488   112.0       1.135    -3.856               1.340
  6517.512    20.0       5.821    -3.897
  6517.593   607.0       0.529    -3.218               7.760
  6517.640    20.1       9.016    -1.444
  6517.697   607.0       0.529    -2.286               7.760
  6517.854    26.1       7.269    -2.614
  6517.911   607.0       0.520    -2.861               7.760
  6517.913   112.0       1.097    -3.493               1.340
  6517.916    20.1       9.018    -1.189
  6517.929    24.0       5.747    -3.655
  6517.935   112.0       1.135    -3.840               1.340
  6517.936   607.0       0.520    -2.832               7.760
  6518.082    23.1       6.646    -4.568
  6518.129    14.0       6.083    -3.830
  6518.147    28.0       5.413    -2.050
  6518.244    22.0       3.559    -2.067
  6518.367    26.0       2.831    -2.460
  6518.381   607.0       0.539    -2.594               7.760
  6518.432   112.0       1.097    -3.472               1.340
  6518.725    15.0       8.157    -4.470
  6518.726   607.0       0.641    -2.162               7.760
  6518.733    14.0       5.954    -1.500
  6518.783    59.1       1.260    -1.016
  6518.783   607.0       0.632    -3.519               7.760
  6518.787    21.0       5.226    -1.980
  6518.799   607.0       0.641    -2.872               7.760
  6518.901   607.0       0.619    -2.171               7.760
  6518.906   607.0       0.632    -1.887               7.760
  6518.946    92.0       0.775    -1.582
  6518.957    24.0       5.211    -1.094
  6519.080    23.0       2.678    -2.701
  6519.122    58.0       1.687    -0.307
  6519.355      25.0     3.772    -1.817
  6519.368      25.0     3.772    -1.957
  6519.368      25.0     3.772    -2.735
  6519.378      25.0     3.772    -2.115
  6519.378      25.0     3.772    -2.559
  6519.378      25.0     3.772    -3.952
  6519.387      25.0     3.772    -2.299
  6519.387      25.0     3.772    -2.533
  6519.387      25.0     3.772    -3.600
  6519.393      25.0     3.772    -2.521
  6519.393      25.0     3.772    -2.600
  6519.393      25.0     3.772    -3.475
  6519.398      25.0     3.772    -2.806
  6519.398      25.0     3.772    -2.776
  6519.398      25.0     3.772    -3.554   
  6519.531   112.0       1.244    -1.407               1.340
  6519.531   112.0       1.244    -1.395               1.340
  6519.569    63.0       1.944    -0.360
  6519.601   607.0       1.547    -3.570               7.760
  6519.617    22.0       3.319    -3.570
  6519.639   112.0       0.770    -3.413               1.340
  6519.666   607.0       0.551    -3.034               7.760
  6519.681   112.0       1.072    -3.500               1.340
  6519.681   112.0       1.072    -4.913               1.340
  6519.684    45.0       2.101    -1.800
  6519.709   607.0       0.551    -2.128               7.760
  6519.721   607.0       0.574    -2.061               7.760
  6519.760    26.1       9.008    -2.445
  6519.773   607.0       0.574    -3.071               7.760
  6519.777    69.0       3.181     0.027
  6519.778    22.0       3.691    -2.123
  6519.831    42.0       3.782    -0.826
  6519.863    60.1       1.974    -0.860
  6520.048   607.0       0.513    -3.433               7.760
  6520.067    24.0       3.888    -1.674
  6520.117    26.1       6.729    -4.476
  6520.136   607.0       0.773    -2.100               7.760
  6520.182    23.1       9.340    -0.604
  6520.374   607.0       1.798    -2.313               7.760
  6520.391   112.0       0.770    -3.388               1.340
  6520.395    22.0       3.590    -2.777
  6520.448   112.0       1.072    -3.460               1.340
  6520.519    68.0       2.672     0.157
  6520.564    25.0       4.345    -2.244
  6520.749   607.0       0.545    -2.280               7.760
  6520.794   607.0       0.524    -2.842               7.760
  6520.822   607.0       0.524    -2.760               7.760
  6520.854    76.0       2.641    -2.250
  6520.857   112.0       0.938    -3.574               1.340
  6520.857   112.0       0.938    -3.830               1.340
  6520.883    22.0       3.305    -3.848
  6520.902   607.0       0.715    -4.128               7.760
  6520.932   607.0       0.570    -3.836               7.760
  6520.982    92.0       1.008    -1.857
  6521.015    22.0       3.551    -1.574
  6521.074   607.0       0.715    -2.241               7.760
  6521.085   607.0       0.570    -2.609               7.760
  6521.104    26.1       7.473    -4.215
  6521.260   607.0       0.904    -2.486               7.760
  6521.270   607.0       0.776    -3.316               7.760
  6521.389   607.0       1.633    -3.038               7.760
  6521.419    23.0       3.621    -4.266
  6521.454   607.0       0.904    -3.920               7.760
  6521.526    23.0       4.260    -2.424
  6521.552   607.0       1.633    -1.783               7.760
  6521.621    28.0       5.363    -3.706
  6521.675    25.0       5.921    -2.109
  6521.785   112.0       0.951    -3.218               1.340
  6521.785   112.0       0.951    -3.144               1.340
  6521.832    22.0       3.285    -1.431
  6521.932    22.0       3.691    -1.646
  6522.011    24.1       9.235    -3.583
  6522.364    25.0       5.939    -3.598
  6522.380   607.0       0.630    -2.151               7.760
  6522.572    24.0       3.892    -3.272
  6522.581    24.1       7.380    -1.856
  6522.615    24.0       3.890    -1.634
  6522.671   607.0       0.558    -3.039               7.760
  6522.717   607.0       0.558    -2.094               7.760
  6522.730    63.0       1.970    -0.930
  6522.802   607.0       0.461    -4.153               7.760
  6522.805   607.0       0.545    -2.548               7.760
  6522.891   607.0       0.651    -1.887               7.760
  6522.891   607.0       0.652    -2.142               7.760
  6522.925   112.0       1.323    -0.636               1.340
  6522.925   112.0       1.323    -0.623               1.340
  6522.967   607.0       0.652    -2.881               7.760
  6523.018   607.0       0.651    -3.530               7.760
  6523.059   112.0       0.544    -3.748               1.340
  6523.087    24.0       3.887    -1.946
  6523.138    60.1       0.933    -1.775
  6523.152   607.0       1.798    -3.927               7.760
  6523.249    23.1       8.203    -3.869
  6523.296   112.0       1.155    -1.186               1.340
  6523.296   112.0       1.155    -1.164               1.340
  6523.309    23.1       6.857    -2.018
  6523.329   112.0       1.096    -3.127               1.340
  6523.405   607.0       1.798    -2.308               7.760
  6523.435    78.0       4.630     0.230
  6523.462    24.0       5.211    -0.767
  6523.585    23.1       9.372     0.282
  6523.628    26.0       4.386    -3.297
  6523.636    24.0       3.887    -1.911
  6523.674    22.0       3.691    -2.249
  6523.783   607.0       0.582    -2.031               7.760
  6523.828   607.0       1.620    -4.256               7.760
  6523.831   607.0       0.516    -3.362               7.760
  6523.838   607.0       0.582    -3.076               7.760
  6523.869    20.0       5.390    -2.302
  6523.942   607.0       0.528    -2.828               7.760
  6523.947    24.0       3.889    -1.832
  6523.973   607.0       0.529    -2.695               7.760
  6524.014   112.0       0.544    -3.710               1.340
  6524.045    21.1       7.472    -2.464
  6524.185   607.0       0.469    -3.539               7.760
  6524.193    26.1       6.730    -4.762
  6524.275    24.0       3.888    -2.287
  6524.339    21.0       5.001    -2.131
  6524.411    23.0       2.678    -1.547
  6524.416   112.0       1.096    -3.080               1.340
  6524.674   607.0       0.904    -2.478               7.760
  6524.752    23.0       4.261    -3.833
  6524.763    26.0       5.010    -3.866
  6524.824    24.0       3.888    -1.985
  6524.831    22.0       3.334    -2.929
  6524.871    23.1       9.316    -0.117
  6524.878   607.0       0.795    -2.103               7.760
  6525.007   112.0       0.867    -0.935               1.340
  6525.007   112.0       0.867    -0.978               1.340
  6525.026   607.0       0.795    -3.331               7.760
  6525.095   112.0       0.607    -3.301               1.340
  6525.119    24.0       3.847    -2.709
  6525.570    21.0       3.101    -0.311
  6525.582    23.1       9.342     0.145
  6525.764   112.0       0.608    -3.266               1.340
  6525.778   607.0       1.867    -2.872               7.760
  6525.798    20.0       5.807    -4.353
  6525.915   607.0       0.566    -3.045               7.760
  6525.949    24.0       5.749    -2.515
  6525.964   607.0       0.566    -2.062               7.760
  6526.078    92.0       0.948    -1.771
  6526.099   607.0       0.641    -2.132               7.760
  6526.233   607.0       0.792    -3.324               7.760
  6526.294   112.0       1.012    -0.996               1.340
  6526.294   112.0       1.012    -0.978               1.340
  6526.391    14.0       5.871    -2.100
  6526.396   607.0       0.545    -3.227               7.760
  6526.503    25.0       4.345    -1.629
  6526.504   607.0       0.545    -2.272               7.760
  6526.506   112.0       1.141    -3.321               1.340
  6526.578    22.0       3.546    -1.447
  6526.626    62.1       1.348    -1.380
  6526.630    14.0       5.871    -1.5  
  6526.665    22.0       2.175    -4.826
  6526.703    23.1       9.375    -1.773
  6526.801    24.0       4.411    -3.934
  6526.922   607.0       0.987    -3.738               7.760
  6526.984    57.1       0.235    -1.8
  6526.990    26.0       3.415    -6.680
  6527.006   112.0       1.297    -2.267               1.340
  6527.006   112.0       1.297    -2.238               1.340
  6527.039    92.0       0.714    -2.148
  6527.043    26.1      11.090    -1.757
  6527.200   112.0       1.141    -3.278               1.340
  6527.202    14.0       5.871    -1.15       10.0
  6527.206    23.0       3.545    -4.240
  6527.264   607.0       0.664    -2.124               7.760
  6527.309    56.0       1.143     0.270
  6527.343   607.0       0.664    -2.889               7.760
  6527.363   607.0       0.534    -2.818               7.760
  6527.397   607.0       0.534    -2.638               7.760
  6527.442    20.0       5.832    -4.492
  6527.496    14.0       6.083    -3.370
  6527.499   607.0       0.651    -3.527               7.760
  6527.499   607.0       0.551    -2.506               7.760
  6527.625   607.0       0.651    -1.876               7.760
  6527.634    42.0       2.934    -2.283
  6527.704   112.0       0.941    -3.419               1.340
  6527.704   112.0       0.941    -3.574               1.340
  6527.771    26.1       9.736    -2.985
  6527.827   607.0       0.520    -3.310               7.760
  6528.007    27.0       3.409    -4.751
  6528.011    62.0       0.282    -1.631
  6528.017    28.0       5.288    -2.723
  6528.061   607.0       0.591    -2.003               7.760
  6528.119   607.0       0.591    -3.082               7.760
  6528.350   607.0       1.867    -4.565               7.760
  6528.450   112.0       1.057    -4.673               1.340
  6528.530    26.0       4.0      -2.6
  6528.565   607.0       1.146    -4.315               7.760
  6528.629   607.0       1.867    -2.868               7.760
  6528.634    26.0       3.111    -4.757
  6528.710    24.0       3.889    -2.224
  6528.846   607.0       0.593    -2.606               7.760
  6528.864   112.0       0.957    -3.144               1.340
  6528.864   112.0       0.957    -3.081               1.340
  6528.868    76.0       2.608    -2.200
  6528.915    24.1       6.605    -3.670
  6529.055    20.0       5.832    -4.090
  6529.117   607.0       0.795    -2.091               7.760
  6529.201    24.0       3.892    -1.300
  6529.278   607.0       0.740    -2.241               7.760
  6529.367    23.1       9.342    -0.988
  6529.376   607.0       0.574    -3.052               7.760
  6529.423    14.0       5.984    -3.750
  6529.428   607.0       0.574    -2.032               7.760
  6529.454   607.0       0.740    -4.136               7.760
  6529.559    23.0       4.231    -3.850
  6529.627    57.1       0.917    -2.298
  6529.683    62.0       1.679    -0.291
  6529.755    24.0       3.890    -2.424
  6529.802    20.0       5.578    -1.664
  6529.914   607.0       0.561    -2.266               7.760
  6529.951   112.0       1.288    -2.267               1.340
  6529.951   112.0       1.288    -2.298               1.340      