linelist_Mn_full (Mn lines and everything else in DEIMOS range, with hfs structure for all lines)
  4502.200      25.0     2.920    -0.912
  4502.207      25.0     2.920    -1.830
  4502.210      25.0     2.920    -1.052
  4502.212      25.0     2.920    -3.047
  4502.215      25.0     2.920    -1.654
  4502.217      25.0     2.920    -1.210
  4502.219      25.0     2.920    -2.695
  4502.221      25.0     2.920    -1.628
  4502.223      25.0     2.920    -1.394
  4502.224      25.0     2.920    -2.570
  4502.226      25.0     2.920    -1.695
  4502.227      25.0     2.920    -1.616
  4502.228      25.0     2.920    -2.650
  4502.229      25.0     2.920    -1.871
  4502.230      25.0     2.920    -1.901
  4671.651      25.0     2.888    -2.237
  4671.656      25.0     2.888    -3.155
  4671.661      25.0     2.888    -4.372
  4671.667      25.0     2.888    -2.377
  4671.672      25.0     2.888    -2.979
  4671.675      25.0     2.888    -4.020
  4671.680      25.0     2.888    -2.535
  4671.684      25.0     2.888    -2.953
  4671.687      25.0     2.888    -3.895
  4671.690      25.0     2.888    -2.719
  4671.693      25.0     2.888    -3.020
  4671.695      25.0     2.888    -3.974
  4671.697      25.0     2.888    -2.941
  4671.699      25.0     2.888    -3.196
  4671.701      25.0     2.888    -3.226
  4701.111      25.0     2.920    -2.165
  4701.114      25.0     2.920    -2.854
  4701.117      25.0     2.920    -3.808
  4701.130      25.0     2.920    -2.377
  4701.133      25.0     2.920    -2.708
  4701.135      25.0     2.920    -3.428
  4701.145      25.0     2.920    -2.650
  4701.147      25.0     2.920    -2.729
  4701.148      25.0     2.920    -3.252
  4701.155      25.0     2.920    -3.060
  4701.156      25.0     2.920    -2.884
  4701.157      25.0     2.920    -3.206
  4727.442      25.0     2.920    -1.052
  4727.446      25.0     2.920    -1.830
  4727.454      25.0     2.920    -1.830
  4727.457      25.0     2.920    -1.315
  4727.460      25.0     2.920    -1.667
  4727.466      25.0     2.920    -1.667
  4727.469      25.0     2.920    -1.646
  4727.471      25.0     2.920    -1.662
  4727.475      25.0     2.920    -1.662
  4727.477      25.0     2.920    -2.093
  4727.479      25.0     2.920    -1.764
  4727.482      25.0     2.920    -1.764
  4727.483      25.0     2.920    -2.792
  4727.484      25.0     2.920    -2.026
  4727.485      25.0     2.920    -2.026
  4739.072      25.0     2.941    -1.518
  4739.072      25.0     2.941    -1.041
  4739.088      25.0     2.941    -1.416
  4739.088      25.0     2.941    -1.590
  4739.088      25.0     2.941    -1.518
  4739.100      25.0     2.941    -1.416
  4739.101      25.0     2.941    -1.548
  4739.101      25.0     2.941    -3.125
  4739.109      25.0     2.941    -1.916
  4739.109      25.0     2.941    -1.548
  4754.022      25.0     2.282    -0.653
  4754.033      25.0     2.282    -0.793
  4754.043      25.0     2.282    -0.951
  4754.051      25.0     2.282    -1.135
  4754.054      25.0     2.282    -1.571
  4754.059      25.0     2.282    -1.357
  4754.060      25.0     2.282    -1.395
  4754.064      25.0     2.282    -1.369
  4754.066      25.0     2.282    -1.642
  4754.068      25.0     2.282    -1.436
  4754.070      25.0     2.282    -1.612
  4754.079      25.0     2.282    -2.391
  4754.081      25.0     2.282    -2.311
  4754.081      25.0     2.282    -2.788
  4754.082      25.0     2.282    -2.436
  4761.499      25.0     2.953    -1.025
  4761.507      25.0     2.953    -0.564
  4761.511      25.0     2.953    -0.928
  4761.519      25.0     2.953    -1.041
  4761.524      25.0     2.953    -0.928
  4761.536      25.0     2.953    -1.472
  4762.347      25.0     2.889    -0.177
  4762.355      25.0     2.889    -1.273
  4762.360      25.0     2.889    -0.281
  4762.361      25.0     2.889    -2.688
  4762.367      25.0     2.889    -1.085
  4762.371      25.0     2.889    -0.394
  4762.373      25.0     2.889    -2.353
  4762.377      25.0     2.889    -1.047
  4762.381      25.0     2.889    -0.516
  4762.382      25.0     2.889    -2.256
  4762.385      25.0     2.889    -1.102
  4762.388      25.0     2.889    -0.646
  4762.389      25.0     2.889    -2.387
  4762.391      25.0     2.889    -1.290
  4762.393      25.0     2.889    -0.779
  4765.831      25.0     2.941    -0.595
  4765.842      25.0     2.941    -1.284
  4765.843      25.0     2.941    -0.807
  4765.851      25.0     2.941    -2.238
  4765.852      25.0     2.941    -1.080
  4765.852      25.0     2.941    -1.138
  4765.859      25.0     2.941    -1.490
  4765.859      25.0     2.941    -1.159
  4765.859      25.0     2.941    -1.858
  4765.863      25.0     2.941    -1.682
  4765.864      25.0     2.941    -1.314
  4765.866      25.0     2.941    -1.636
  4766.402      25.0     2.920    -0.467
  4766.410      25.0     2.920    -1.385
  4766.414      25.0     2.920    -0.607
  4766.417      25.0     2.920    -2.602
  4766.420      25.0     2.920    -1.209
  4766.423      25.0     2.920    -0.765
  4766.426      25.0     2.920    -2.250
  4766.429      25.0     2.920    -1.183
  4766.431      25.0     2.920    -0.949
  4766.433      25.0     2.920    -2.125
  4766.435      25.0     2.920    -1.250
  4766.436      25.0     2.920    -1.171
  4766.437      25.0     2.920    -2.204
  4766.439      25.0     2.920    -1.456
  4766.439      25.0     2.920    -1.426
  4783.391      25.0     2.300    -1.559
  4783.403      25.0     2.300    -1.377
  4783.414      25.0     2.300    -1.346
  4783.415      25.0     2.300    -0.567
  4783.423      25.0     2.300    -1.411
  4783.424      25.0     2.300    -0.738
  4783.430      25.0     2.300    -0.923
  4783.431      25.0     2.300    -1.609
  4783.436      25.0     2.300    -1.115
  4783.439      25.0     2.300    -1.290
  4783.442      25.0     2.300    -1.354
  4783.448      25.0     2.300    -1.559
  4783.450      25.0     2.300    -1.609
  4783.451      25.0     2.300    -1.377
  4783.452      25.0     2.300    -1.411
  4783.452      25.0     2.300    -1.346
  4823.469      25.0     2.320    -2.969
  4823.484      25.0     2.320    -2.634
  4823.490      25.0     2.320    -1.554
  4823.498      25.0     2.320    -2.537
  4823.502      25.0     2.320    -1.366
  4823.510      25.0     2.320    -2.668
  4823.512      25.0     2.320    -1.328
  4823.515      25.0     2.320    -0.458
  4823.521      25.0     2.320    -1.383
  4823.523      25.0     2.320    -0.562
  4823.527      25.0     2.320    -1.571
  4823.530      25.0     2.320    -0.675
  4823.535      25.0     2.320    -0.797
  4823.537      25.0     2.320    -0.927
  4823.538      25.0     2.320    -1.060
  4965.844      25.0     2.888    -4.503
  4965.844      25.0     2.888    -3.088
  4965.844      25.0     2.888    -1.992
  4965.850      25.0     2.888    -4.168
  4965.850      25.0     2.888    -2.900
  4965.850      25.0     2.888    -2.096
  4965.855      25.0     2.888    -4.071
  4965.855      25.0     2.888    -2.862
  4965.855      25.0     2.888    -2.209
  4965.859      25.0     2.888    -4.202
  4965.859      25.0     2.888    -2.917
  4965.859      25.0     2.888    -2.331
  4965.862      25.0     2.888    -3.105
  4965.862      25.0     2.888    -2.461
  4965.864      25.0     2.888    -2.594
  5004.887      25.0     2.920    -4.332
  5004.887      25.0     2.920    -3.115
  5004.887      25.0     2.920    -2.197
  5004.891      25.0     2.920    -3.980
  5004.891      25.0     2.920    -2.939
  5004.891      25.0     2.920    -2.337
  5004.894      25.0     2.920    -3.855
  5004.894      25.0     2.920    -2.913
  5004.894      25.0     2.920    -2.495
  5004.896      25.0     2.920    -3.934
  5004.896      25.0     2.920    -2.980
  5004.896      25.0     2.920    -2.679
  5004.898      25.0     2.920    -3.186
  5004.898      25.0     2.920    -3.156
  5004.898      25.0     2.920    -2.901
  5029.795      25.0     2.941    -4.048
  5029.795      25.0     2.941    -3.094
  5029.795      25.0     2.941    -2.405
  5029.796      25.0     2.941    -3.446
  5029.796      25.0     2.941    -3.124
  5029.796      25.0     2.941    -3.300
  5029.796      25.0     2.941    -3.492
  5029.796      25.0     2.941    -2.969
  5029.796      25.0     2.941    -2.890
  5029.796      25.0     2.941    -3.668
  5029.796      25.0     2.941    -2.948
  5029.796      25.0     2.941    -2.617
  5042.566      25.0     2.953    -3.303
  5042.566      25.0     2.953    -3.190
  5042.566      25.0     2.953    -3.287
  5042.594      25.0     2.953    -3.734
  5042.594      25.0     2.953    -3.190
  5042.594      25.0     2.953    -2.826
  5117.902      25.0     3.134    -3.298
  5117.906      25.0     3.134    -2.918
  5117.909      25.0     3.134    -2.742
  5117.913      25.0     3.134    -2.696
  5117.919      25.0     3.134    -2.374
  5117.920      25.0     3.134    -2.219
  5117.921      25.0     3.134    -2.198
  5117.923      25.0     3.134    -2.344
  5117.929      25.0     3.134    -2.550
  5117.935      25.0     3.134    -2.140
  5117.942      25.0     3.134    -1.867
  5117.949      25.0     3.134    -1.655
  5149.130      25.0     3.134    -3.456
  5149.130      25.0     3.134    -3.194
  5149.133      25.0     3.134    -3.092
  5149.136      25.0     3.134    -4.222
  5149.138      25.0     3.134    -3.456
  5149.138      25.0     3.134    -3.097
  5149.141      25.0     3.134    -3.523
  5149.146      25.0     3.134    -3.194
  5149.146      25.0     3.134    -3.260
  5149.149      25.0     3.134    -3.076
  5149.157      25.0     3.134    -3.092
  5149.159      25.0     3.134    -2.745
  5149.170      25.0     3.134    -3.097
  5149.172      25.0     3.134    -2.482
  5149.186      25.0     3.134    -3.260
  5150.905      25.0     3.135    -3.334
  5150.905      25.0     3.135    -3.255
  5150.906      25.0     3.135    -3.380
  5150.908      25.0     3.135    -3.732
  5150.911      25.0     3.135    -2.556
  5150.913      25.0     3.135    -2.586
  5150.913      25.0     3.135    -2.380
  5150.917      25.0     3.135    -2.313
  5150.918      25.0     3.135    -2.301
  5150.921      25.0     3.135    -2.339
  5150.925      25.0     3.135    -2.079
  5150.928      25.0     3.135    -2.515
  5150.932      25.0     3.135    -1.895
  5150.941      25.0     3.135    -1.737
  5196.554      25.0     3.135    -3.742
  5196.558      25.0     3.135    -3.611
  5196.559      25.0     3.135    -2.645
  5196.562      25.0     3.135    -2.134
  5196.565      25.0     3.135    -2.457
  5196.565      25.0     3.135    -3.708
  5196.570      25.0     3.135    -2.001
  5196.573      25.0     3.135    -2.402
  5196.573      25.0     3.135    -4.043
  5196.579      25.0     3.135    -1.871
  5196.582      25.0     3.135    -2.440
  5196.590      25.0     3.135    -1.749
  5196.594      25.0     3.135    -2.628
  5196.604      25.0     3.135    -1.636
  5196.619      25.0     3.135    -1.532
  5197.188      25.0     3.135    -3.461
  5197.191      25.0     3.135    -3.206
  5197.191      25.0     3.135    -3.263
  5197.196      25.0     3.135    -3.142
  5197.196      25.0     3.135    -3.198
  5197.199      25.0     3.135    -3.461
  5197.203      25.0     3.135    -2.967
  5197.204      25.0     3.135    -3.229
  5197.207      25.0     3.135    -3.263
  5197.212      25.0     3.135    -2.775
  5197.214      25.0     3.135    -3.411
  5197.218      25.0     3.135    -3.198
  5197.223      25.0     3.135    -2.590
  5197.232      25.0     3.135    -3.229
  5197.237      25.0     3.135    -2.419
  5197.247      25.0     3.135    -3.411
  5255.275      25.0     3.133    -3.963
  5255.280      25.0     3.133    -2.641
  5255.283      25.0     3.133    -3.804
  5255.284      25.0     3.133    -1.842
  5255.290      25.0     3.133    -2.447
  5255.293      25.0     3.133    -3.884
  5255.295      25.0     3.133    -1.748
  5255.301      25.0     3.133    -2.395
  5255.306      25.0     3.133    -4.206
  5255.308      25.0     3.133    -1.653
  5255.316      25.0     3.133    -2.439
  5255.324      25.0     3.133    -1.561
  5255.332      25.0     3.133    -2.632
  5255.342      25.0     3.133    -1.473
  5255.362      25.0     3.133    -1.390
  5260.736      25.0     3.135    -3.782
  5260.740      25.0     3.135    -3.138
  5260.742      25.0     3.135    -3.585
  5260.747      25.0     3.135    -3.084
  5260.749      25.0     3.135    -3.529
  5260.751      25.0     3.135    -3.782
  5260.756      25.0     3.135    -2.978
  5260.759      25.0     3.135    -3.570
  5260.762      25.0     3.135    -3.585
  5260.767      25.0     3.135    -2.854
  5260.771      25.0     3.135    -3.760
  5260.774      25.0     3.135    -3.529
  5260.781      25.0     3.135    -2.726
  5260.789      25.0     3.135    -3.570
  5260.797      25.0     3.135    -2.601
  5260.807      25.0     3.135    -3.760
  5348.118      25.0     3.378    -2.295
  5348.127      25.0     3.378    -2.507
  5348.127      25.0     3.378    -2.984
  5348.133      25.0     3.378    -2.780
  5348.133      25.0     3.378    -2.838
  5348.133      25.0     3.378    -3.938
  5348.139      25.0     3.378    -3.190
  5348.139      25.0     3.378    -2.859
  5348.139      25.0     3.378    -3.558
  5348.142      25.0     3.378    -3.014
  5348.142      25.0     3.378    -3.382
  5348.144      25.0     3.378    -3.336
  5388.531      25.0     3.373    -2.257
  5388.540      25.0     3.373    -2.397
  5388.540      25.0     3.373    -3.175
  5388.547      25.0     3.373    -2.555
  5388.547      25.0     3.373    -2.999
  5388.547      25.0     3.373    -4.392
  5388.553      25.0     3.373    -2.739
  5388.553      25.0     3.373    -2.973
  5388.553      25.0     3.373    -4.040
  5388.557      25.0     3.373    -2.961
  5388.557      25.0     3.373    -3.040
  5388.557      25.0     3.373    -3.915
  5388.560      25.0     3.373    -3.246
  5388.560      25.0     3.373    -3.216
  5388.560      25.0     3.373    -3.994
  5394.626      25.0     0.000    -4.070
  5394.657      25.0     0.000    -4.988
  5394.661      25.0     0.000    -4.210
  5394.684      25.0     0.000    -6.205
  5394.687      25.0     0.000    -4.812
  5394.690      25.0     0.000    -4.368
  5394.709      25.0     0.000    -5.853
  5394.712      25.0     0.000    -4.786
  5394.714      25.0     0.000    -4.552
  5394.728      25.0     0.000    -5.728
  5394.730      25.0     0.000    -4.853
  5394.731      25.0     0.000    -4.774
  5394.741      25.0     0.000    -5.807
  5394.742      25.0     0.000    -5.029
  5394.743      25.0     0.000    -5.059
  5399.450      25.0     3.850    -1.345
  5399.455      25.0     3.850    -1.213
  5399.465      25.0     3.850    -1.713
  5399.465      25.0     3.850    -1.315
  5399.478      25.0     3.850    -2.923
  5399.494      25.0     3.850    -1.345
  5399.497      25.0     3.850    -1.387
  5399.521      25.0     3.850    -1.213
  5399.522      25.0     3.850    -0.838
  5399.555      25.0     3.850    -1.315
  5407.325      25.0     2.143    -3.139
  5407.332      25.0     2.143    -3.394
  5407.333      25.0     2.143    -3.394
  5407.341      25.0     2.143    -3.075
  5407.353      25.0     2.143    -3.196
  5407.354      25.0     2.143    -3.196
  5407.366      25.0     2.143    -2.900
  5407.382      25.0     2.143    -3.131
  5407.384      25.0     2.143    -3.131
  5407.400      25.0     2.143    -2.708
  5407.420      25.0     2.143    -3.162
  5407.422      25.0     2.143    -3.162
  5407.442      25.0     2.143    -2.523
  5407.468      25.0     2.143    -3.344
  5407.469      25.0     2.143    -3.344
  5407.494      25.0     2.143    -2.352
  5420.256      25.0     2.143    -3.016
  5420.261      25.0     2.143    -2.986
  5420.270      25.0     2.143    -2.731
  5420.272      25.0     2.143    -3.764
  5420.281      25.0     2.143    -2.810
  5420.295      25.0     2.143    -2.509
  5420.298      25.0     2.143    -3.685
  5420.311      25.0     2.143    -2.743
  5420.329      25.0     2.143    -2.325
  5420.333      25.0     2.143    -3.810
  5420.351      25.0     2.143    -2.769
  5420.374      25.0     2.143    -2.167
  5420.379      25.0     2.143    -4.162
  5420.402      25.0     2.143    -2.945
  5420.429      25.0     2.143    -2.027
  5432.506      25.0     0.000    -4.377
  5432.510      25.0     0.000    -5.155
  5432.535      25.0     0.000    -5.155
  5432.538      25.0     0.000    -4.640
  5432.541      25.0     0.000    -4.992
  5432.561      25.0     0.000    -4.992
  5432.564      25.0     0.000    -4.971
  5432.566      25.0     0.000    -4.987
  5432.580      25.0     0.000    -4.987
  5432.583      25.0     0.000    -5.418
  5432.584      25.0     0.000    -5.089
  5432.594      25.0     0.000    -5.089
  5432.595      25.0     0.000    -6.117
  5432.596      25.0     0.000    -5.351
  5432.601      25.0     0.000    -5.351
  5516.699      25.0     2.178    -3.273
  5516.709      25.0     2.178    -2.905
  5516.718      25.0     2.178    -2.905
  5516.728      25.0     2.178    -4.482
  5516.743      25.0     2.178    -2.773
  5516.757      25.0     2.178    -2.773
  5516.771      25.0     2.178    -2.947
  5516.790      25.0     2.178    -2.875
  5516.809      25.0     2.178    -2.875
  5516.828      25.0     2.178    -2.398
  5537.694      25.0     2.187    -2.920
  5537.713      25.0     2.187    -2.807
  5537.740      25.0     2.187    -3.351
  5537.742      25.0     2.187    -2.904
  5537.769      25.0     2.187    -2.807
  5537.807      25.0     2.187    -2.443
  6013.478      25.0     3.072    -0.766
  6013.499      25.0     3.072    -0.978
  6013.518      25.0     3.072    -1.251
  6013.527      25.0     3.072    -1.455
  6013.533      25.0     3.072    -1.661
  6013.538      25.0     3.072    -1.309
  6013.547      25.0     3.072    -1.330
  6013.552      25.0     3.072    -1.485
  6013.562      25.0     3.072    -1.807
  6013.566      25.0     3.072    -1.853
  6013.566      25.0     3.072    -2.409
  6013.567      25.0     3.072    -2.029
  6016.619      25.0     3.075    -1.576
  6016.645      25.0     3.075    -1.413
  6016.647      25.0     3.075    -0.798
  6016.667      25.0     3.075    -1.408
  6016.668      25.0     3.075    -1.061
  6016.684      25.0     3.075    -1.392
  6016.685      25.0     3.075    -1.510
  6016.696      25.0     3.075    -1.839
  6016.696      25.0     3.075    -1.576
  6016.698      25.0     3.075    -1.772
  6016.704      25.0     3.075    -2.538
  6016.707      25.0     3.075    -1.413
  6016.713      25.0     3.075    -1.408
  6016.714      25.0     3.075    -1.772
  6016.716      25.0     3.075    -1.510
  6021.746      25.0     3.075    -2.668
  6021.772      25.0     3.075    -1.451
  6021.774      25.0     3.075    -2.316
  6021.795      25.0     3.075    -1.275
  6021.798      25.0     3.075    -2.191
  6021.804      25.0     3.075    -0.533
  6021.813      25.0     3.075    -1.249
  6021.817      25.0     3.075    -2.270
  6021.821      25.0     3.075    -0.673
  6021.827      25.0     3.075    -1.316
  6021.834      25.0     3.075    -0.831
  6021.837      25.0     3.075    -1.492
  6021.843      25.0     3.075    -1.015
  6021.846      25.0     3.075    -1.522
  6021.847      25.0     3.075    -1.237
  6384.661      25.0     3.772    -2.558
  6384.661      25.0     3.772    -2.081
  6384.674      25.0     3.772    -2.456
  6384.674      25.0     3.772    -2.630
  6384.674      25.0     3.772    -2.558
  6384.684      25.0     3.772    -2.588
  6384.684      25.0     3.772    -4.165
  6384.684      25.0     3.772    -2.456
  6384.690      25.0     3.772    -2.956
  6384.690      25.0     3.772    -2.588
  6491.669      25.0     3.763    -2.641
  6491.669      25.0     3.763    -1.649
  6491.682      25.0     3.763    -2.459
  6491.682      25.0     3.763    -1.820
  6491.682      25.0     3.763    -2.641
  6491.692      25.0     3.763    -2.428
  6491.692      25.0     3.763    -2.005
  6491.692      25.0     3.763    -2.459
  6491.701      25.0     3.763    -2.493
  6491.701      25.0     3.763    -2.197
  6491.701      25.0     3.763    -2.428
  6491.707      25.0     3.763    -2.691
  6491.707      25.0     3.763    -2.372
  6491.707      25.0     3.763    -2.493
  6491.711      25.0     3.763    -2.436
  6491.711      25.0     3.763    -2.691
  6519.355      25.0     3.772    -1.817
  6519.368      25.0     3.772    -1.957
  6519.368      25.0     3.772    -2.735
  6519.378      25.0     3.772    -2.115
  6519.378      25.0     3.772    -2.559
  6519.378      25.0     3.772    -3.952
  6519.387      25.0     3.772    -2.299
  6519.387      25.0     3.772    -2.533
  6519.387      25.0     3.772    -3.600
  6519.393      25.0     3.772    -2.521
  6519.393      25.0     3.772    -2.600
  6519.393      25.0     3.772    -3.475
  6519.398      25.0     3.772    -2.806
  6519.398      25.0     3.772    -2.776
  6519.398      25.0     3.772    -3.554         