Mn 5196, 5197 +/- 10 with hfs  
  5186.014     607.0     0.089    -4.678               7.650
  5186.026 106.00113     3.246    -2.848               3.456
  5186.028      23.0     2.616    -3.762
  5186.034     607.0     1.062    -2.592               7.650
  5186.051     607.0     0.089    -4.174               7.650
  5186.066     607.0     1.062    -3.578               7.650
  5186.090      27.0     4.146    -2.162
  5186.099     607.0     0.140    -4.961               7.650
  5186.125      24.1     5.873    -2.482
  5186.128 106.00112     3.701    -2.442               3.456
  5186.136      21.0     2.294    -4.251
  5186.147     607.0     0.140    -3.714               7.650
  5186.256      69.1     4.784    -1.400
  5186.279 106.00113     3.246    -2.860               3.456
  5186.293      26.0     4.294    -3.668
  5186.328      22.0     2.117    -0.770
  5186.375 106.00112     3.702    -2.452               3.456
  5186.481      26.0     4.991    -4.195
  5186.540      26.0     4.733    -4.047
  5186.553      28.0     3.898    -1.533
  5186.599      69.1     4.684    -1.630
  5186.606     607.0     1.239    -2.661               7.650
  5186.615      22.1     7.738    -4.329
  5186.674      23.1     3.759    -3.436
  5186.693 106.00113     3.276    -2.906               3.456
  5186.693     607.0     1.239    -3.821               7.650
  5186.695      69.1     4.265    -3.890
  5186.754      26.0     4.301    -2.997
  5186.818     607.0     1.097    -2.721               7.650
  5186.822      72.0     2.839    -0.560
  5186.830 106.00113     3.276    -2.918               3.456
  5186.847      22.0     3.546    -2.267
  5186.867      26.1    10.467    -0.190
  5186.873      26.1     9.742    -2.560
  5186.907      64.1     1.575    -1.023
  5186.951     607.0     1.452    -3.326               7.650
  5186.983     607.0     1.047    -3.547               7.650
  5186.990      66.1     2.589    -1.040
  5187.000      22.0     3.305    -3.551
  5187.012     607.0     1.047    -2.625               7.650
  5187.039      60.0     0.293    -0.910
  5187.043     607.0     1.010    -3.827               7.650
  5187.048      40.0     1.975    -0.800
  5187.080      22.0     3.294    -3.020
  5187.089      62.0     0.185    -1.185
  5187.091     607.0     1.452    -4.845               7.650
  5187.168      28.0     4.538    -2.573
  5187.223      64.1     1.584    -0.900
  5187.272      26.1     9.775    -3.241
  5187.351      69.1     4.660    -2.340
  5187.452      27.0     4.072    -0.610
  5187.458      58.1     1.212     0.150
  5187.460      58.1     0.495    -2.300
  5187.468      90.1     0.231    -2.855
  5187.503      58.1     0.559    -3.330
  5187.526     607.0     1.210    -4.100               7.650
  5187.550     607.0     1.372    -4.214               7.650
  5187.595 106.00113     2.519    -3.193               3.456
  5187.600      23.0     2.575    -4.193
  5187.613 106.00112     3.276    -2.906               3.456
  5187.649     607.0     1.118    -2.713               7.650
  5187.691     607.0     1.118    -3.364               7.650
  5187.694     607.0     1.148    -4.791               7.650
  5187.726 106.00113     2.519    -3.180               3.456
  5187.730      72.1     1.870    -1.750
  5187.746      18.0    12.907    -1.555
  5187.815     607.0     1.149    -3.405               7.650
  5187.819      28.0     3.706    -1.910
  5187.842 106.00112     3.276    -2.918               3.456
  5187.845 106.00113     2.279    -3.371               3.456
  5187.848     607.0     1.023    -3.331               7.650
  5187.869     607.0     1.023    -3.170               7.650
  5187.875 106.00113     1.578    -3.974               3.456
  5187.881      64.0     0.812    -0.888
  5187.914      26.0     4.140    -1.371
  5187.916     607.0     1.203    -3.777               7.650
  5187.925     607.0     1.295    -3.065               7.650
  5187.939 106.00112     2.519    -3.180               3.456
  5187.982 106.00113     1.578    -3.991               3.456
  5187.998 106.00112     2.519    -3.193               3.456
  5188.041      24.1     4.384    -4.535
  5188.076 106.00112     1.290    -2.707               3.456
  5188.080      24.0     3.104    -4.103
  5188.083     607.0     0.990    -4.061               7.650
  5188.117 106.00112     1.290    -4.921               3.456
  5188.141 106.00112     1.290    -4.895               3.456
  5188.181 106.00112     1.290    -2.651               3.456
  5188.206      57.1     2.449     0.082
  5188.217      59.1     0.922    -1.147
  5188.226      69.1     4.254    -3.350
  5188.262 106.00113     2.279    -3.354               3.456
  5188.270      27.0     4.504    -1.734
  5188.359 106.00112     1.578    -3.974               3.456
  5188.364      26.0     4.446    -2.975
  5188.395     607.0     0.108    -4.130               7.650
  5188.467      66.1     2.300    -0.483
  5188.492      26.0     4.415    -5.090
  5188.526 106.00112     2.279    -3.371               3.456
  5188.543      58.1     1.933    -2.250
  5188.599     607.0     1.052    -3.741               7.650
  5188.637 106.00113     1.716    -3.605               3.456
  5188.641      22.0     2.267    -4.089
  5188.668     607.0     1.052    -2.797               7.650
  5188.680      22.1     1.582    -1.050
  5188.690 106.00112     3.246    -2.848               3.456
  5188.694      26.1     7.940    -4.915
  5188.700      66.0     1.673    -1.580
  5188.704 106.00112     1.578    -3.991               3.456
  5188.747 106.00112     2.279    -3.354               3.456
  5188.768     607.0     0.232    -3.869               7.650
  5188.777      24.0     3.113    -4.155
  5188.817 106.00113     1.716    -3.587               3.456
  5188.823      22.0     2.778    -2.689
  5188.844      20.0     2.933    -0.075
  5188.855      23.0     1.893    -2.026
  5188.882      58.1     1.339    -1.880
  5188.890      70.1     7.693    -1.010
  5188.893      26.0     4.991    -4.714
  5188.897     607.0     1.041    -3.037               7.650
  5188.899      68.1     1.771    -0.527
  5188.919      24.1     6.285    -4.400
  5188.927     607.0     1.559    -4.026               7.650
  5188.927 106.00112     3.246    -2.860               3.456
  5188.936      73.0     1.595    -2.020
  5189.054     607.0     1.452    -3.318               7.650
  5189.088      69.1     4.924    -1.410
  5189.097      22.1     7.761    -4.243
  5189.107     607.0     0.247    -3.876               7.650
  5189.140     607.0     1.070    -2.562               7.650
  5189.146      26.0     4.956    -4.316
  5189.170     607.0     0.247    -4.790               7.650
  5189.174     607.0     1.070    -3.583               7.650
  5189.175      22.1     7.738    -3.616
  5189.186      41.0     0.130    -1.370
  5189.192      58.1     1.709    -2.160
  5189.208      24.0     5.244    -2.557
  5189.263      58.0     1.163     0.125
  5189.269      69.1     4.104    -3.110
  5189.310      23.0     1.893    -4.479
  5189.449     607.0     0.164    -3.694               7.650
  5189.498     607.0     1.239    -2.648               7.650
  5189.499     607.0     1.055    -3.553               7.650
  5189.500     607.0     0.164    -4.987               7.650
  5189.506      70.1     5.510    -1.960
  5189.529     607.0     1.055    -2.593               7.650
  5189.563     607.0     1.107    -2.700               7.650
  5189.568 106.00112     1.716    -3.587               3.456
  5189.580      22.0     2.239    -0.999
  5189.595 106.00112     1.716    -3.605               3.456
  5189.615     607.0     1.211    -4.096               7.650
  5189.641      23.0     3.960    -2.964
  5189.673      24.0     3.889    -4.134
  5189.677      90.1     2.515    -0.821
  5189.703      44.0     1.838    -2.640
  5189.726     607.0     1.380    -3.761               7.650
  5189.787      70.1     5.621    -3.380
  5189.792      25.0     4.425    -1.379
  5189.865     607.0     0.098    -4.685               7.650
  5189.878      26.0     4.733    -3.992
  5189.885      15.0     6.954    -1.910
  5189.891      70.1     7.251    -1.180
  5189.892     607.0     0.152    -4.970               7.650
  5189.904     607.0     0.098    -4.147               7.650
  5189.913     607.0     1.014    -3.788               7.650
  5189.940     607.0     1.295    -3.058               7.650
  5189.941     607.0     0.152    -3.694               7.650
  5189.965      23.0     3.278    -2.255
  5189.985      69.1     4.373    -2.190
  5190.031     607.0     1.108    -3.000               7.650
  5190.032      58.1     3.335    -3.010
  5190.075 106.00113     2.935    -3.337               3.456
  5190.093      58.1     1.575    -1.810
  5190.113      23.1     3.758    -2.666
  5190.142 106.00113     3.702    -3.127               3.456
  5190.161      26.1     9.130    -3.795
  5190.291 106.00113     3.701    -3.117               3.456
  5190.296      25.0     5.411    -2.882
  5190.339 106.00113     2.935    -3.322               3.456
  5190.430      62.1     0.544    -2.420
  5190.439      25.0     4.425    -1.562
  5190.462     607.0     1.029    -3.324               7.650
  5190.485     607.0     1.029    -3.118               7.650
  5190.496       8.1    26.554    -0.720
  5190.523      27.1    11.365    -0.290
  5190.592      58.1     1.709    -1.570
  5190.657      21.1     8.344    -1.704
  5190.681      23.0     2.374    -1.817
  5190.753      69.1     4.847    -1.620
  5190.759     607.0     1.559    -4.020               7.650
  5190.765      25.0     4.425    -1.520
  5190.820      69.1     4.744    -2.950
  5190.872      90.1     0.510    -2.056
  5190.915      26.1    10.503    -0.480
  5190.937     607.0     1.129    -2.692               7.650
  5190.975     607.0     1.140    -4.033               7.650
  5190.982     607.0     1.129    -3.372               7.650
  5191.002      58.1     1.482    -2.530
  5191.052     607.0     1.140    -2.415               7.650
  5191.080      64.1     1.598    -0.940
  5191.144      58.1     1.775    -2.150
  5191.206      28.0     5.280    -1.545
  5191.219      22.0     3.392    -3.803
  5191.287      24.0     4.446    -1.875
  5191.320      59.1     0.422    -0.766
  5191.440      60.1     0.205    -0.620
  5191.454      42.0     3.910    -0.229
  5191.455      26.0     3.036    -0.551
  5191.502     607.0     1.217    -3.786               7.650
  5191.520     607.0     1.380    -3.755               7.650
  5191.574 106.00113     2.281    -3.371               3.456
  5191.592      40.1     1.756    -0.712
  5191.625      23.1     3.799    -4.202
  5191.633      58.1     0.869    -0.560
  5191.668      21.1     8.253    -3.490
  5191.692     607.0     1.362    -2.897               7.650
  5191.711 106.00113     2.281    -3.354               3.456
  5191.714      58.0     0.719    -0.044
  5191.722      21.1     8.253    -4.518
  5191.811     607.0     1.362    -4.282               7.650
  5191.823      22.0     3.691    -2.165
  5191.884      24.0     3.845    -2.818
  5191.899      22.0     1.502    -4.473
  5191.922      27.1    11.446    -0.560
  5191.974     607.0     1.069    -2.791               7.650
  5191.989      23.0     2.247    -0.866
  5191.995      24.0     3.395    -0.390
  5192.007      69.1     4.833    -1.140
  5192.046      26.0     5.064    -3.886
  5192.083      26.0     4.294    -3.652
  5192.091      58.1     1.626    -1.330
  5192.183     607.0     1.062    -3.559               7.650
  5192.196 106.00112     2.281    -3.354               3.456
  5192.215     607.0     1.062    -2.563               7.650
  5192.256 106.00112     2.281    -3.371               3.456
  5192.280 106.00112     3.554    -3.134               3.456
  5192.302      21.0     3.172    -1.759
  5192.315      27.0     4.149    -0.962
  5192.339      22.0     3.678    -2.722
  5192.340     607.0     1.047    -2.998               7.650
  5192.344      26.0     2.996    -0.421
  5192.390     607.0     1.079    -2.534               7.650
  5192.393      27.0     4.147    -0.485
  5192.401      25.0     5.349    -3.995
  5192.426     607.0     1.079    -3.588               7.650
  5192.442      26.1     8.175    -2.094
  5192.463 106.00113     1.718    -3.587               3.456
  5192.490      28.0     3.699    -1.290
  5192.515     607.0     1.118    -2.681               7.650
  5192.536 106.00113     1.718    -3.605               3.456
  5192.610      60.1     1.136     0.270
  5192.681     607.0     1.108    -4.218               7.650
  5192.706      74.0     1.857    -1.620
  5192.769     607.0     0.118    -4.106               7.650
  5192.780     607.0     1.108    -2.994               7.650
  5192.800     607.0     1.230    -2.645               7.650
  5192.800 106.00112     3.554    -3.123               3.456
  5192.837      22.0     3.458    -4.070
  5192.840     607.0     0.247    -3.856               7.650
  5192.871      66.1     0.000    -1.896
  5192.909     607.0     1.230    -4.505               7.650
  5192.914      27.1     5.208    -2.268
  5192.933      26.1     9.100    -1.985
  5192.941      27.0     4.064    -2.313
  5192.963     607.0     1.018    -3.759               7.650
  5192.965      23.0     2.316     0.290
  5192.969      22.0     0.021    -0.960
  5192.977      27.1     5.208    -2.674
  5193.011 106.00112     2.935    -3.337               3.456
  5193.059 106.00113     1.171    -3.178               3.456
  5193.068      41.0     0.197    -1.250
  5193.130      45.0     3.539     0.740
  5193.216 106.00112     1.718    -3.587               3.456
  5193.260      58.1     1.212    -2.190
  5193.264     607.0     1.034    -3.320               7.650
  5193.289     607.0     1.034    -3.071               7.650
  5193.297 106.00112     2.935    -3.322               3.456
  5193.300 106.00113     1.171    -3.108               3.456
  5193.300      23.0     3.827    -3.210
  5193.310      24.0     3.890    -3.911
  5193.315      24.0     4.447    -2.489
  5193.377      69.1     5.004    -2.470
  5193.394      23.1     3.759    -3.906
  5193.397      58.1     1.254    -1.990
  5193.405      27.0     4.149    -3.736
  5193.432      23.1     2.525    -2.147
  5193.437     607.0     0.262    -3.862               7.650
  5193.492      24.0     3.422    -0.720
  5193.496 106.00112     1.718    -3.605               3.456
  5193.496 106.00113     1.171    -4.909               3.456
  5193.502     607.0     0.262    -4.799               7.650
  5193.514      58.1     1.412    -2.410
  5193.529      76.0     1.368    -2.520
  5193.554     607.0     1.260    -2.651               7.650
  5193.578      23.0     2.253    -0.717
  5193.644     607.0     1.260    -3.828               7.650
  5193.664      24.0     5.262    -2.112
  5193.698      42.0     2.918    -2.230
  5193.705     607.0     0.177    -3.676               7.650
  5193.758     607.0     0.177    -4.996               7.650
  5193.774      21.0     2.614    -2.226
  5193.826      90.1     0.000    -2.380
  5193.845      25.1     7.757    -3.240
  5193.847 106.00113     2.522    -3.180               3.456
  5193.853     607.0     0.164    -4.980               7.650
  5193.881      22.0     2.345    -0.942
  5193.881     607.0     0.108    -4.692               7.650
  5193.891      73.0     2.155    -1.570
  5193.904     607.0     0.164    -3.676               7.650
  5193.922     607.0     0.108    -4.120               7.650
  5193.947      22.0     1.053    -3.443
  5193.957      58.1     1.930    -2.340
  5194.019      58.1     1.500    -2.690
  5194.034      22.0     2.103    -0.650
  5194.055      27.0     4.504    -4.252
  5194.060 106.00112     2.522    -3.180               3.456
  5194.074      26.0     4.956    -3.328
  5194.087      25.0     4.827    -4.007
  5194.087      25.0     4.827    -3.827
  5194.087     607.0     1.362    -2.888               7.650
  5194.088      58.1     1.008    -1.840
  5194.122      28.0     5.280    -1.650
  5194.152      22.1     7.761    -4.513
  5194.179 106.00113     2.522    -3.193               3.456
  5194.217      22.0     3.104    -1.413
  5194.228      24.1     6.803    -4.428
  5194.259     607.0     1.140    -2.672               7.650
  5194.306     607.0     1.140    -3.380               7.650
  5194.336 106.00113     3.554    -3.134               3.456
  5194.398      59.0     0.171    -0.018
  5194.442     607.0     1.018    -4.541               7.650
  5194.487      23.0     2.365    -3.275
  5194.562 106.00113     2.937    -3.322               3.456
  5194.570      72.1     2.870    -1.850
  5194.584 106.00112     2.522    -3.193               3.456
  5194.724      62.0     1.624     0.236
  5194.724 106.00113     2.282    -3.611               3.456
  5194.743      20.0     5.728    -2.776
  5194.765 106.00113     2.937    -3.337               3.456
  5194.765      23.0     2.295    -0.171
  5194.766      58.0     0.000    -1.290
  5194.773      69.1     2.556    -2.180
  5194.778     607.0     1.159    -2.415               7.650
  5194.807     607.0     1.396    -4.220               7.650
  5194.832 106.00113     2.282    -3.598               3.456
  5194.858     607.0     1.159    -4.043               7.650
  5194.873      23.0     2.264    -0.508
  5194.886      69.1     2.185    -2.840
  5194.888      26.1    10.467    -0.110
  5194.942      26.0     1.556    -2.090
  5195.016      44.0     1.087    -1.440
  5195.021 106.00113     1.917    -3.444               3.456
  5195.063     607.0     1.070    -3.565               7.650
  5195.081     607.0     1.005    -4.069               7.650
  5195.082     607.0     1.230    -4.504               7.650
  5195.097     607.0     1.070    -2.535               7.650
  5195.108 106.00113     3.554    -3.123               3.456
  5195.124      59.1     1.111    -0.337
  5195.154      26.0     5.064    -3.633
  5195.186 106.00112     2.282    -3.598               3.456
  5195.190     607.0     1.230    -2.637               7.650
  5195.197 106.00113     1.917    -3.425               3.456
  5195.273     607.0     1.231    -3.794               7.650
  5195.283 106.00112     2.282    -3.611               3.456
  5195.312      26.0     5.012    -4.560
  5195.313      59.1     0.795    -0.480
  5195.345      23.0     2.278    -0.120
  5195.407      25.0     3.134    -3.352
  5195.472      26.0     4.220    -0.216
  5195.515     607.0     1.069    -3.748               7.650
  5195.530     607.0     1.535    -4.665               7.650
  5195.552      69.1     4.174    -3.180
  5195.585     607.0     1.069    -2.784               7.650
  5195.621      74.0     3.222    -0.580
  5195.638     607.0     1.129    -2.662               7.650
  5195.672      21.0     3.057    -3.801
  5195.739      58.1     1.355    -3.970
  5195.742      23.0     3.273    -2.955
  5195.767      21.0     3.083    -2.710
  5195.814      90.0     0.615    -1.456
  5195.814     607.0     1.088    -2.508               7.650
  5195.834      41.0     0.142    -1.400
  5195.851     607.0     1.088    -3.594               7.650
  5195.869      25.1     7.758    -2.648
  5195.942      27.0     3.971    -0.692
  5195.955     607.0     1.055    -2.961               7.650
  5196.037      42.0     2.758    -2.193
  5196.058 106.00112     1.917    -3.425               3.456
  5196.059      26.0     4.256    -0.623
  5196.074 106.00112     1.917    -3.444               3.456
  5196.088      70.0     3.387     0.055
  5196.152      33.0     6.285     0.200
  5196.212     607.0     1.023    -3.737               7.650
  5196.234     607.0     1.041    -3.318               7.650
  5196.261     607.0     1.041    -3.028               7.650
  5196.376      24.0     4.446    -3.419
  5196.377 106.00112     3.300    -2.931               3.456
  5196.377      24.1     8.091    -3.180
  5196.407 106.00112     3.300    -2.920               3.456
  5196.411     607.0     1.260    -2.638               7.650
  5196.412      62.1     0.998    -1.990
  5196.422      39.1     1.748    -0.880
  5196.440      26.1    10.379    -0.630
  5196.444      21.0     3.172    -3.173
  5196.446      24.0     3.449    -0.270
  5196.454      22.0     3.111    -3.695
  5196.464      24.0     3.556    -3.062
  5196.494      24.0     2.709    -3.733
  5196.513      20.0     5.671    -3.186
  5196.554      25.0     3.135    -3.742
  5196.558      25.0     3.135    -3.611
  5196.559      25.0     3.135    -2.645
  5196.562      25.0     3.135    -2.134
  5196.564      24.0     3.449    -0.360
  5196.565      25.0     3.135    -2.457
  5196.565      25.0     3.135    -3.708
  5196.569      69.1     4.756    -1.900
  5196.570      25.0     3.135    -2.001
  5196.573      25.0     3.135    -2.402
  5196.573      25.0     3.135    -4.043
  5196.579      25.0     3.135    -1.871
  5196.582      25.0     3.135    -2.440
  5196.590      25.0     3.135    -1.749
  5196.594      25.0     3.135    -2.628
  5196.604      25.0     3.135    -1.636
  5196.604      71.0     2.294     0.100
  5196.613     607.0     1.177    -3.403               7.650
  5196.619      25.0     3.135    -1.532
  5196.628      26.0     5.020    -3.624
  5196.639 106.00112     3.218    -2.942               3.456
  5196.655 106.00112     3.218    -2.931               3.456
  5196.663      23.0     3.806    -2.592
  5196.682      23.0     3.286    -2.019
  5196.773      58.1     3.860    -3.160
  5196.939 106.00112     3.556    -3.123               3.456
  5197.014      24.0     4.449    -2.088
  5197.041      70.1     7.618    -3.610
  5197.060      44.0     1.321    -2.920
  5197.084      24.0     3.847    -2.690
  5197.086     607.0     0.262    -3.842               7.650
  5197.097      26.0     3.984    -3.934
  5197.134      14.0     4.954    -3.976
  5197.155      21.1     8.255    -4.421
  5197.157      28.0     3.898    -1.190
  5197.188      25.0     3.135    -3.461
  5197.191      25.0     3.135    -3.206
  5197.191      25.0     3.135    -3.263
  5197.193 106.00112     3.556    -3.134               3.456
  5197.196      25.0     3.135    -3.142
  5197.196      25.0     3.135    -3.198
  5197.199      25.0     3.135    -3.461
  5197.200      20.0     5.300    -4.110
  5197.203      25.0     3.135    -2.967
  5197.204      25.0     3.135    -3.229
  5197.207      25.0     3.135    -3.263
  5197.212      25.0     3.135    -2.775
  5197.214      25.0     3.135    -3.411
  5197.216      24.0     3.556    -2.087
  5197.218      25.0     3.135    -3.198
  5197.223      25.0     3.135    -2.590
  5197.232      25.0     3.135    -3.229
  5197.237      25.0     3.135    -2.419
  5197.247      25.0     3.135    -3.411
  5197.241 106.00113     3.708    -2.516               3.456
  5197.256      20.0     5.321    -4.864
  5197.297     607.0     0.129    -4.082               7.650
  5197.299      14.0     4.954    -4.888
  5197.390 106.00113     3.300    -2.931               3.456
  5197.441 106.00113     3.218    -2.942               3.456
  5197.480      26.1     5.956    -3.134
  5197.525 106.00112     2.937    -3.322               3.456
  5197.568      26.1     3.230    -2.050
  5197.577      26.0     4.956    -2.208
  5197.586      20.0     4.624    -4.498
  5197.597      69.1     4.854    -0.600
  5197.636 106.00113     3.300    -2.920               3.456
  5197.666      66.1     0.538    -1.850
  5197.668 106.00113     3.218    -2.931               3.456
  5197.674 106.00113     2.221    -3.388               3.456
  5197.692      22.0     3.559    -3.410
  5197.706      70.1     5.856    -3.810
  5197.706 106.00112     2.937    -3.337               3.456
  5197.712 106.00112     3.381    -2.920               3.456
  5197.742      26.0     5.064    -2.449
  5197.755 106.00112     3.382    -2.909               3.456
  5197.756      58.1     1.027    -1.970
  5197.768      26.0     4.371    -4.413
  5197.773      64.0     0.881     0.050
  5197.784      26.0     5.070    -4.789
  5197.806 106.00113     3.708    -2.506               3.456
  5197.813     607.0     1.151    -2.654               7.650
  5197.862     607.0     1.151    -3.388               7.650
  5197.890     607.0     1.159    -4.041               7.650
  5197.909     607.0     0.278    -3.848               7.650
  5197.914      58.1     0.265    -2.750
  5197.936      26.0     4.301    -1.770
  5197.969     607.0     0.177    -4.989               7.650
  5197.969     607.0     1.159    -2.404               7.650
  5197.972      24.0     5.667    -1.831
  5197.976     607.0     0.278    -4.807               7.650
  5198.022     607.0     0.177    -3.658               7.650
  5198.053      60.0     0.140    -0.680
  5198.070     607.0     0.118    -4.700               7.650
  5198.076 106.00113     2.221    -3.370               3.456
  5198.094     607.0     1.079    -3.573               7.650
  5198.114     607.0     0.118    -4.096               7.650
  5198.120      22.0     3.399    -3.178
  5198.125      27.0     4.395    -3.847
  5198.128     607.0     0.190    -3.658               7.650
  5198.130     607.0     1.079    -2.508               7.650
  5198.131      23.0     2.575    -4.754
  5198.165      27.1    11.279    -0.200
  5198.248     607.0     1.485    -3.320               7.650
  5198.317      22.0     3.551    -3.274
  5198.341 106.00112     3.137    -2.953               3.456
  5198.347 106.00112     3.137    -2.942               3.456
  5198.391     607.0     1.485    -4.849               7.650
  5198.409      24.0     4.447    -1.383
  5198.420 106.00113     1.919    -3.425               3.456
  5198.462      69.1     4.355    -3.040
  5198.485 106.00113     1.919    -3.444               3.456
  5198.509      28.1     9.909    -3.801
  5198.528 106.00112     1.171    -3.178               3.456
  5198.531      24.1     6.805    -4.835
  5198.541      22.0     2.305    -4.550
  5198.544 106.00112     2.221    -3.388               3.456
  5198.550      42.0     3.303    -1.425
  5198.555 106.00112     1.171    -4.909               3.456
  5198.711      26.0     2.221    -2.135
  5198.760 106.00112     2.221    -3.370               3.456
  5198.800      90.0     1.305    -0.775
  5198.817 106.00112     1.171    -3.108               3.456
  5198.832     607.0     1.177    -4.797               7.650
  5198.838      22.0     3.569    -3.758
  5198.867      26.0     3.547    -3.778
  5198.902     607.0     1.140    -2.644               7.650
  5198.936 106.00113     3.137    -2.953               3.456
  5198.941 106.00113     3.381    -2.920               3.456
  5198.952      25.0     5.396    -4.080
  5198.955     607.0     1.177    -3.398               7.650
  5198.960      21.1     8.240    -3.551
  5199.110      69.0     2.530    -0.700
  5199.119      26.1    10.379     0.120
  5199.120     607.0     1.086    -2.778               7.650
  5199.128     607.0     1.326    -3.058               7.650
  5199.149      70.1     5.868    -2.530
  5199.150 106.00113     3.137    -2.942               3.456
  5199.164      90.0     0.479    -1.312
  5199.199     607.0     1.246    -3.802               7.650
  5199.204      64.1     1.621    -1.290
  5199.206 106.00113     3.382    -2.909               3.456
  5199.220      69.1     4.899    -2.280
  5199.250 106.00113     3.556    -3.123               3.456
  5199.252 106.00113     3.556    -3.134               3.456
  5199.282 106.00112     1.919    -3.425               3.456
  5199.315      24.1     8.751    -3.930
  5199.361      26.0     4.733    -3.989
  5199.388     607.0     1.097    -2.482               7.650
  5199.390     607.0     1.047    -3.318               7.650
  5199.398      24.1     6.897    -3.136
  5199.417     607.0     1.131    -2.991               7.650
  5199.418     607.0     1.047    -2.988               7.650
  5199.428     607.0     1.097    -3.601               7.650
  5199.474      25.0     4.429    -1.718
  5199.510      22.0     3.409    -4.196
  5199.513      27.1    11.451     0.870
  5199.531      26.0     3.882    -3.866
  5199.539 106.00112     1.919    -3.444               3.456
  5199.550      58.1     2.213    -3.360
  5199.563 106.00112     3.708    -2.516               3.456
  5199.620     607.0     1.029    -3.721               7.650
  5199.655      23.1     2.268    -3.988
  5199.690      27.1    11.279    -0.210
  5199.696      26.0     3.547    -3.629
  5199.715      27.0     2.877    -4.803
  5199.722      60.0     0.000    -0.815
  5199.728     607.0     1.062    -2.927               7.650
  5199.728      24.1     6.805    -4.167
  5199.779      26.0     5.033    -3.420
  5199.877      44.0     3.615     0.410
  5199.942      58.1     0.674    -2.080
  5200.004      25.1     7.760    -2.656
  5200.022      42.0     3.247    -1.898
  5200.066      23.0     2.256    -3.092
  5200.083      23.1     3.803    -4.778
  5200.109      58.0     0.384    -0.646
  5200.121      60.1     0.559    -0.522
  5200.123      25.0     4.429    -1.242
  5200.129 106.00112     3.708    -2.506               3.456
  5200.153      42.0     2.680    -0.933
  5200.173      24.0     3.385    -0.660
  5200.175      21.0     2.608    -2.893
  5200.250      21.1     8.253    -4.790
  5200.271     607.0     1.243    -4.094               7.650
  5200.330     607.0     1.485    -3.312               7.650
  5200.350      23.0     2.616    -0.784
  5200.365      28.0     4.088    -1.489
  5200.372      69.1     4.940    -2.010
  5200.406      39.1     0.992    -0.570
  5200.408      58.0     0.302    -0.669
  5200.426      69.1     2.620    -3.170
  5200.461      58.0     0.978    -0.489
  5200.482      58.1     1.959    -2.110
  5200.539      70.1     4.964    -1.140
  5200.541      64.1     2.473    -0.360
  5200.578      62.0     0.185     0.009
  5200.732       6.0     8.771    -3.970
  5200.738      42.0     2.276    -1.693
  5200.771      70.1     5.747    -2.140
  5200.794     607.0     1.282    -2.641               7.650
  5200.798      26.1    10.391    -0.040
  5200.810      69.1     3.102    -2.250
  5200.824 106.00112     3.463    -2.909               3.456
  5200.840      23.0     2.359    -2.686
  5200.881 106.00112     3.463    -2.899               3.456
  5200.885     607.0     1.282    -3.834               7.650
  5200.897      29.0     5.421    -0.933
  5200.954      63.0     1.978     0.100
  5201.024      16.1    15.068     0.089
  5201.081      22.0     2.092    -0.660
  5201.115      69.1     4.856    -2.210
  5201.134     607.0     1.326    -3.052               7.650
  5201.143      40.0     0.543    -1.720
  5201.157 106.00113     2.438    -3.207               3.456
  5201.180     607.0     1.390    -2.890               7.650
  5201.186 106.00113     2.223    -3.388               3.456
  5201.192      69.1     3.592    -3.140
  5201.219      70.1     7.273    -1.830
  5201.276      25.0     4.429    -1.104
  5201.287 106.00113     2.438    -3.194               3.456
  5201.300     607.0     1.390    -4.287               7.650
  5201.314     607.0     1.088    -3.580               7.650
  5201.322 106.00112     3.056    -2.953               3.456
  5201.327 106.00113     2.223    -3.370               3.456
  5201.330 106.00112     3.056    -2.964               3.456
  5201.337      70.1     7.080    -2.030
  5201.352     607.0     1.088    -2.483               7.650
  5201.368      58.0     0.000    -0.830
  5201.387      23.0     2.505    -4.149
  5201.387      16.1    15.068    -0.713
  5201.437      82.0     3.653    -0.700
  5201.444      62.0     1.543    -0.036
  5201.449 106.00113     2.285    -3.598               3.456
  5201.468      24.1     8.673    -2.828
  5201.490     607.0     0.278    -3.829               7.650
  5201.549      22.0     3.104    -2.155
  5201.579     607.0     1.164    -2.636               7.650
  5201.601      58.1     1.296    -3.610
  5201.601      23.0     2.359    -3.106
  5201.610      58.1     3.886    -2.430
  5201.630     607.0     1.164    -3.396               7.650
  5201.632      69.1     4.096    -3.020
  5201.693 106.00112     2.438    -3.194               3.456
  5201.725 106.00113     3.056    -2.964               3.456
  5201.752 106.00112     2.438    -3.207               3.456
  5201.785 106.00113     2.285    -3.611               3.456
  5201.803 106.00112     2.285    -3.598               3.456
  5201.857     607.0     1.596    -4.021               7.650
  5201.917 106.00113     3.056    -2.953               3.456
  5201.920      26.0     4.991    -4.083
  5201.964     607.0     0.140    -4.060               7.650
  5202.012 106.00112     2.223    -3.370               3.456
  5202.058 106.00112     2.223    -3.388               3.456
  5202.091     607.0     1.131    -4.224               7.650
  5202.123      44.0     2.487    -0.910
  5202.154      69.1     4.856    -3.130
  5202.192     607.0     1.131    -2.985               7.650
  5202.242      21.0     3.189    -1.643
  5202.245     607.0     0.190    -4.998               7.650
  5202.247     607.0     1.420    -4.226               7.650
  5202.256      26.0     4.256    -0.967
  5202.257     607.0     1.255    -2.637               7.650
  5202.277 106.00113     3.463    -2.909               3.456
  5202.291     607.0     1.020    -4.076               7.650
  5202.300     607.0     0.190    -3.641               7.650
  5202.335     607.0     1.151    -2.626               7.650
  5202.336      26.0     2.174    -1.838
  5202.345 106.00112     2.285    -3.611               3.456
  5202.367     607.0     1.255    -4.511               7.650
  5202.380     607.0     1.244    -4.089               7.650
  5202.425     607.0     0.129    -4.708               7.650
  5202.459      58.0     0.999     0.070
  5202.471     607.0     0.129    -4.072               7.650
  5202.502      23.0     1.893    -3.451
  5202.556 106.00112     3.303    -2.920               3.456
  5202.559 106.00113     3.463    -2.899               3.456
  5202.564     607.0     1.415    -3.755               7.650
  5202.567      24.1     6.285    -2.171
  5202.574     607.0     1.086    -3.756               7.650
  5202.583 106.00113     3.319    -2.847               3.456
  5202.586     607.0     0.294    -3.835               7.650
  5202.588      58.0     0.589    -0.336
  5202.591      26.1    10.381    -0.720
  5202.637      76.0     1.260    -1.730
  5202.647     607.0     1.086    -2.771               7.650
  5202.655     607.0     0.294    -4.816               7.650
  5202.686      24.0     4.616    -3.041
  5202.700      62.1     0.333    -2.230
  5202.704     607.0     0.203    -3.641               7.650
  5202.714      22.0     3.108    -2.818
  5202.718     607.0     1.055    -3.320               7.650
  5202.749     607.0     1.055    -2.952               7.650
  5202.781 106.00112     3.221    -2.931               3.456
  5202.881      70.1     7.275    -2.010
  5202.927      23.1     2.601    -2.968
  5203.003 106.00113     3.319    -2.835               3.456
  5203.091      26.0     4.652    -5.097
  5203.112      22.0     2.250    -4.790
  5203.134     607.0     1.107    -2.459               7.650
  5203.175     607.0     1.107    -3.608               7.650
  5203.182      26.0     4.209    -4.797
  5203.195 106.00112     3.303    -2.931               3.456
  5203.217      41.0     1.079    -1.470
  5203.221     607.0     1.034    -3.710               7.650
  5203.238      76.0     1.411    -2.500
  5203.238      27.0     3.170    -3.740
  5203.244      74.0     2.422    -1.070
  5203.258      42.0     2.623    -2.342
  5203.270      58.0     0.294    -0.540
  5203.277     607.0     1.261    -3.810               7.650
  5203.325      45.0     1.999    -2.390
  5203.394      22.0     3.294    -3.724
  5203.409 106.00112     3.221    -2.942               3.456
  5203.430      58.1     0.417    -2.470
  5203.531     607.0     1.390    -2.881               7.650
  5203.601      23.0     2.578    -4.097
  5203.634      26.1    10.391    -0.110
  5203.654     607.0     1.282    -2.629               7.650
  5203.663     607.0     1.070    -2.895               7.650
  5203.690      26.0     3.884    -3.843
  5203.726      23.0     3.815    -3.152
  5203.726     607.0     1.596    -4.015               7.650
  5203.787      22.0     2.472    -3.828
  5203.788      28.0     5.284    -1.163
  5203.788 106.00113     3.303    -2.920               3.456
  5203.796 106.00113     3.221    -2.931               3.456
  5203.818      21.1     8.356    -1.842
  5203.853 106.00113     3.711    -2.506               3.456
  5203.918 106.00112     3.384    -2.909               3.456
  5203.933      42.0     3.168    -1.329
  5203.943      23.0     2.578    -2.717
  5203.943     607.0     1.040    -4.548               7.650
  5203.964      22.0     3.559    -2.471
  5203.970      23.0     3.911    -4.381
  5203.985      69.1     4.301    -1.640
  5204.010      22.0     3.583    -2.500
  5204.073 106.00113     3.711    -2.516               3.456
  5204.130      57.1     2.304    -0.194
  5204.164      58.1     1.355    -2.010
  5204.211 106.00113     3.303    -2.931               3.456
  5204.214 106.00113     3.221    -2.942               3.456
  5204.265      58.0     0.548    -0.289
  5204.269      58.1     1.696    -1.810
  5204.287      23.1     7.704    -3.008
  5204.313      92.1     0.779    -1.838
  5204.353     607.0     1.415    -3.749               7.650
  5204.373      60.0     0.000    -0.767
  5204.395      24.1     8.469    -4.940
  5204.433 106.00112     3.140    -2.942               3.456
  5204.474 106.00113     1.507    -4.007               3.456
  5204.495 106.00113     1.334    -4.899               3.456
  5204.497     607.0     1.255    -4.510               7.650
  5204.503      74.0     2.533    -0.860
  5204.511      69.1     3.422    -0.384
  5204.511      24.0     0.941    -0.208
  5204.552      42.0     3.359    -1.870
  5204.568 106.00112     3.385    -2.920               3.456
  5204.583      26.0     0.087    -4.332
  5204.593      23.0     3.299    -1.383
  5204.607     607.0     1.255    -2.629               7.650
  5204.629      22.0     2.480    -3.384
  5204.650 106.00113     1.507    -3.989               3.456
  5204.665      58.1     3.395    -1.280
  5204.694      26.0     2.949    -4.409
  5204.704     607.0     1.097    -3.588               7.650
  5204.717      58.0     0.493    -0.540
  5204.743     607.0     1.097    -2.459               7.650
  5204.947      26.0     2.990    -4.409
  5204.985     607.0     1.178    -4.048               7.650
  5205.008      39.0     1.853    -1.870
  5205.018      69.1     3.715    -1.580
  5205.035      23.0     1.893    -2.780
  5205.047      26.1     9.100    -3.558
  5205.048 106.00112     3.140    -2.953               3.456
  5205.067     607.0     1.178    -2.393               7.650
  5205.116 106.00113     1.334    -2.651               3.456
  5205.127      41.0     1.157    -2.070
  5205.134      58.0     0.411    -0.621
  5205.203      26.0     4.991    -2.444
  5205.204      42.0     3.395    -1.706
  5205.208 106.00113     1.334    -2.600               3.456
  5205.238 106.00113     3.140    -2.942               3.456
  5205.259      22.0     3.569    -2.423
  5205.265 106.00112     3.319    -2.847               3.456
  5205.276      24.1     8.763    -3.830
  5205.290      26.0     4.260    -2.707
  5205.302      69.1     4.606    -1.130
  5205.313     607.0     1.566    -4.670               7.650
  5205.330      26.0     4.652    -4.720
  5205.362      26.0     3.301    -4.988
  5205.373 106.00113     3.384    -2.909               3.456
  5205.376 106.00112     1.507    -3.989               3.456
  5205.413      26.0     4.913    -2.708
  5205.428 106.00112     1.507    -4.007               3.456
  5205.449 106.00112     2.976    -2.965               3.456
  5205.465 106.00112     2.976    -2.977               3.456
  5205.473     607.0     1.176    -2.618               7.650
  5205.497      58.1     1.247    -0.830
  5205.526     607.0     1.176    -3.405               7.650
  5205.559      58.1     1.962    -1.490
  5205.563      58.1     0.495    -3.490
  5205.573      58.1     3.963    -2.740
  5205.578      70.1     5.517    -1.660
  5205.644 106.00113     3.140    -2.953               3.456
  5205.662      69.1     4.744    -1.180
  5205.663      66.0     2.504     0.128
  5205.663 106.00113     2.976    -2.977               3.456
  5205.698      69.1     3.483    -1.690
  5205.699 106.00112     3.319    -2.835               3.456
  5205.701      21.1     8.255    -3.964
  5205.724      39.1     1.033    -0.340
  5205.747      25.0     5.384    -3.734
  5205.777      24.0     3.850    -4.220
  5205.779      90.1     1.903    -1.371
  5205.802 106.00113     3.385    -2.920               3.456
  5205.826 106.00113     1.334    -4.922               3.456
  5205.845 106.00113     2.976    -2.965               3.456
  5205.880      69.1     4.387    -2.540
  5205.888      22.0     3.439    -3.971
  5205.915 106.00112     3.545    -2.899               3.456
  5205.931      69.1     3.484    -3.880
  5205.951      58.1     1.694    -1.440
  5205.953      26.0     3.252    -3.990
  5205.989 106.00112     3.545    -2.889               3.456
  5206.027      26.1     9.112    -2.295
  5206.037      24.0     0.941     0.019
  5206.037     607.0     1.164    -2.610               7.650
  5206.071     607.0     0.294    -3.817               7.650
  5206.089      22.0     2.487    -0.214
  5206.119      58.1     3.728    -1.960
  5206.136      42.0     2.988    -2.140
  5206.181 106.00112     3.711    -2.506               3.456
  5206.187      74.0     2.458    -0.930
  5206.195      24.0     2.708    -1.283
  5206.229     607.0     1.062    -3.323               7.650
  5206.261     607.0     1.062    -2.918               7.650
  5206.268      58.1     1.930    -3.590
  5206.283      58.1     1.533    -3.560
  5206.332      26.0     5.070    -4.966
  5206.340      24.0     5.288    -1.689
  5206.401 106.00112     3.711    -2.516               3.456
  5206.409      25.0     4.827    -3.257
  5206.420     607.0     1.104    -2.766               7.650
  5206.428      63.0     2.060     0.240
  5206.458      24.0     3.845    -2.532
  5206.462      58.1     1.088    -3.400
  5206.474      22.0     3.551    -2.720
  5206.489      71.0     0.247    -2.380
  5206.496      90.1     0.770    -2.093
  5206.517 106.00113     1.654    -3.623               3.456
  5206.519      68.0     0.000    -0.049
  5206.536      69.1     4.459    -3.830
  5206.541      24.0     3.435    -1.251
  5206.553      27.1     3.420    -4.548
  5206.560      59.1     0.950    -0.158
  5206.580      23.0     2.253    -0.925
  5206.593      23.0     3.278    -3.141
  5206.597      26.0     4.294    -2.795
  5206.607      23.0     2.269    -2.820
  5206.612      58.1     0.902    -2.470
  5206.626      22.1     7.832    -3.030
  5206.650       8.1    26.561    -0.266
  5206.663      90.1     1.323    -1.550
  5206.668      58.1     1.676    -3.880
  5206.702 106.00113     1.654    -3.604               3.456
  5206.711     607.0     0.203    -3.624               7.650
  5206.712      15.0     6.954    -3.500
  5206.800      26.0     4.283    -2.660
  5206.828     607.0     0.152    -4.038               7.650
  5206.957     607.0     0.140    -4.716               7.650
  5207.005     607.0     0.140    -4.050               7.650
  5207.007     607.0     1.041    -3.703               7.650
  5207.046 106.00112     3.466    -2.899               3.456
  5207.050     607.0     1.118    -2.436               7.650
  5207.093     607.0     1.118    -3.615               7.650
  5207.120      69.0     2.164    -1.400
  5207.160      23.0     3.056    -3.804
  5207.201      22.0     0.818    -4.048
  5207.217      24.0     5.671    -0.686
  5207.255 106.00113     2.441    -3.194               3.456
  5207.355 106.00112     3.059    -2.953               3.456
  5207.379      24.0     3.556    -2.339
  5207.398      22.0     3.678    -3.313
  5207.404     607.0     0.311    -3.822               7.650
  5207.434 106.00113     3.648    -3.781               3.456
  5207.444     607.0     0.217    -3.624               7.650
  5207.475     607.0     0.311    -4.824               7.650
  5207.502 106.00113     3.648    -3.772               3.456
  5207.572 106.00113     2.441    -3.207               3.456
  5207.578     607.0     1.277    -3.817               7.650
  5207.597 106.00113     3.545    -2.899               3.456
  5207.645      26.0     5.086    -5.006
  5207.662 106.00112     2.441    -3.194               3.456
  5207.662      23.0     2.359    -0.948
  5207.667 106.00112     1.654    -3.604               3.456
  5207.684 106.00112     1.654    -3.623               3.456
  5207.705 106.00112     3.466    -2.909               3.456
  5207.749      58.1     3.706    -1.930
  5207.765     607.0     1.079    -2.866               7.650
  5207.849      22.0     2.085    -0.840
  5207.863 106.00113     2.165    -3.405               3.456
  5207.863      70.1     6.303    -3.040
  5207.880      63.0     1.639    -1.290
  5207.895      59.1     0.795    -0.580
  5207.901 106.00113     3.545    -2.889               3.456
  5207.903      21.1     8.244    -4.041
  5207.903      21.1     8.244    -3.931
  5207.911      22.0     3.104    -1.662
  5207.938      26.0     3.635    -2.580
  5207.952 106.00113     3.059    -2.953               3.456
  5207.958 106.00112     3.059    -2.964               3.456
  5207.979     607.0     1.206    -3.396               7.650
  5207.982      20.0     5.875    -3.709
  5207.985      24.0     3.122    -4.004