4502
  4502.200  25.0  2.920  -0.912
  4502.207  25.0  2.920  -1.830
  4502.210  25.0  2.920  -1.052
  4502.212  25.0  2.920  -3.047
  4502.215  25.0  2.920  -1.654
  4502.217  25.0  2.920  -1.210
  4502.219  25.0  2.920  -2.695
  4502.221  25.0  2.920  -1.628
  4502.223  25.0  2.920  -1.394 
  4502.224  25.0  2.920  -2.570
  4502.226  25.0  2.920  -1.695
  4502.227  25.0  2.920  -1.616
  4502.228  25.0  2.920  -2.650
  4502.229  25.0  2.920  -1.871
  4502.230  25.0  2.920  -1.901

4672
  4671.651  25.0  2.888  -2.237
  4671.656  25.0  2.888  -3.155
  4671.661  25.0  2.888  -4.372
  4671.667  25.0  2.888  -2.377
  4671.672  25.0  2.888  -2.979
  4671.675  25.0  2.888  -4.020
  4671.680  25.0  2.888  -2.535
  4671.684  25.0  2.888  -2.953
  4671.687  25.0  2.888  -3.895
  4671.690  25.0  2.888  -2.719
  4671.693  25.0  2.888  -3.020
  4671.695  25.0  2.888  -3.974
  4671.697  25.0  2.888  -2.941
  4671.699  25.0  2.888  -3.196
  4671.701  25.0  2.888  -3.226

4701
  4701.111  25.0  2.920  -2.165
  4701.114  25.0  2.920  -2.854
  4701.117  25.0  2.920  -3.808
  4701.130  25.0  2.920  -2.377
  4701.133  25.0  2.920  -2.708
  4701.135  25.0  2.920  -3.428
  4701.145  25.0  2.920  -2.650
  4701.147  25.0  2.920  -2.729
  4701.148  25.0  2.920  -3.252
  4701.155  25.0  2.920  -3.060
  4701.156  25.0  2.920  -2.884
  4701.157  25.0  2.920  -3.206

4710
  470.9693 -0.340 25.00   23296.670  3.5 (5D)4s a4D   44523.450  3.5 (5D)4p z4F  7.77 -6.15 -7.79MFW  0 0 55-0.609 55 0.000  -35   52F6 -6 0    1427 1240     0
  470.9698 -0.340 25.00   23296.670  3.5 (5D)4s a4D   44523.450  3.5 (5D)4p z4F  7.77 -6.15 -7.79MFW  0 0 55-1.601 55 0.000  -11   52F5 -6 0    1427 1240     0
  470.9701 -0.340 25.00   23296.670  3.5 (5D)4s a4D   44523.450  3.5 (5D)4p z4F  7.77 -6.15 -7.79MFW  0 0 55-1.601 55 0.000  -35   16F6 -5 0    1427 1240     0
  470.9706 -0.340 25.00   23296.670  3.5 (5D)4s a4D   44523.450  3.5 (5D)4p z4F  7.77 -6.15 -7.79MFW  0 0 55-0.780 55 0.000  -11   16F5 -5 0    1427 1240     0
  470.9711 -0.340 25.00   23296.670  3.5 (5D)4s a4D   44523.450  3.5 (5D)4p z4F  7.77 -6.15 -7.79MFW  0 0 55-1.419 55 0.000    9   16F4 -5 0    1427 1240     0
  470.9713 -0.340 25.00   23296.670  3.5 (5D)4s a4D   44523.450  3.5 (5D)4p z4F  7.77 -6.15 -7.79MFW  0 0 55-1.419 55 0.000  -11  -13F5 -4 0    1427 1240     0
  470.9717 -0.340 25.00   23296.670  3.5 (5D)4s a4D   44523.450  3.5 (5D)4p z4F  7.77 -6.15 -7.79MFW  0 0 55-0.965 55 0.000    9  -13F4 -4 0    1427 1240     0
  470.9721 -0.340 25.00   23296.670  3.5 (5D)4s a4D   44523.450  3.5 (5D)4p z4F  7.77 -6.15 -7.79MFW  0 0 55-1.388 55 0.000   25  -13F3 -4 0    1427 1240     0
  470.9723 -0.340 25.00   23296.670  3.5 (5D)4s a4D   44523.450  3.5 (5D)4p z4F  7.77 -6.15 -7.79MFW  0 0 55-1.388 55 0.000    9  -37F4 -3 0    1427 1240     0
  470.9726 -0.340 25.00   23296.670  3.5 (5D)4s a4D   44523.450  3.5 (5D)4p z4F  7.77 -6.15 -7.79MFW  0 0 55-1.157 55 0.000   25  -37F3 -3 0    1427 1240     0
  470.9729 -0.340 25.00   23296.670  3.5 (5D)4s a4D   44523.450  3.5 (5D)4p z4F  7.77 -6.15 -7.79MFW  0 0 55-1.453 55 0.000   37  -37F2 -3 0    1427 1240     0
  470.9730 -0.340 25.00   23296.670  3.5 (5D)4s a4D   44523.450  3.5 (5D)4p z4F  7.77 -6.15 -7.79MFW  0 0 55-1.453 55 0.000   25  -55F3 -2 0    1427 1240     0
  470.9733 -0.340 25.00   23296.670  3.5 (5D)4s a4D   44523.450  3.5 (5D)4p z4F  7.77 -6.15 -7.79MFW  0 0 55-1.332 55 0.000   37  -55F2 -2 0    1427 1240     0
  470.9735 -0.340 25.00   23296.670  3.5 (5D)4s a4D   44523.450  3.5 (5D)4p z4F  7.77 -6.15 -7.79MFW  0 0 55-1.651 55 0.000   45  -55F1 -2 0    1427 1240     0
  470.9736 -0.340 25.00   23296.670  3.5 (5D)4s a4D   44523.450  3.5 (5D)4p z4F  7.77 -6.15 -7.79MFW  0 0 55-1.651 55 0.000   37  -67F2 -1 0    1427 1240     0
  470.9737 -0.340 25.00   23296.670  3.5 (5D)4s a4D   44523.450  3.5 (5D)4p z4F  7.77 -6.15 -7.79MFW  0 0 55-1.396 55 0.000   45  -67F1 -1 0    1427 1240     0

4727
  4727.442  25.0  2.920  -1.052
  4727.446  25.0  2.920  -1.830
  4727.454  25.0  2.920  -1.830
  4727.457  25.0  2.920  -1.315
  4727.460  25.0  2.920  -1.667
  4727.466  25.0  2.920  -1.667
  4727.469  25.0  2.920  -1.646
  4727.471  25.0  2.920  -1.662
  4727.475  25.0  2.920  -1.662
  4727.477  25.0  2.920  -2.093
  4727.479  25.0  2.920  -1.764
  4727.482  25.0  2.920  -1.764
  4727.483  25.0  2.920  -2.792
  4727.484  25.0  2.920  -2.026
  4727.485  25.0  2.920  -2.026

4739
  4739.072  25.0  2.941  -1.518
  4739.072  25.0  2.941  -1.041
  4739.088  25.0  2.941  -1.416
  4739.088  25.0  2.941  -1.590
  4739.088  25.0  2.941  -1.518
  4739.100  25.0  2.941  -1.416
  4739.101  25.0  2.941  -1.548
  4739.101  25.0  2.941  -3.125
  4739.109  25.0  2.941  -1.916
  4739.109  25.0  2.941  -1.548

4754
  4753.887  25.0  2.282  -2.521
  4753.888  25.0  2.282  -2.199
  4753.888  25.0  2.282  -2.567
  4753.889  25.0  2.282  -2.375
  4753.889  25.0  2.282  -2.044
  4753.889  25.0  2.282  -2.743
  4753.891  25.0  2.282  -1.965
  4753.891  25.0  2.282  -2.023
  4753.891  25.0  2.282  -3.123
  4753.894  25.0  2.282  -1.692
  4753.894  25.0  2.282  -2.169
  4753.897  25.0  2.282  -1.480
  
  4754.022  25.0  2.282  -0.653
  4754.033  25.0  2.282  -0.793
  4754.043  25.0  2.282  -0.951
  4754.051  25.0  2.282  -1.135
  4754.054  25.0  2.282  -1.571
  4754.059  25.0  2.282  -1.357
  4754.060  25.0  2.282  -1.395
  4754.064  25.0  2.282  -1.369
  4754.066  25.0  2.282  -1.642
  4754.068  25.0  2.282  -1.436
  4754.070  25.0  2.282  -1.612
  4754.079  25.0  2.282  -2.391
  4754.081  25.0  2.282  -2.311
  4754.081  25.0  2.282  -2.788
  4754.082  25.0  2.282  -2.436

4761
  4761.499  25.0  2.953  -1.025
  4761.507  25.0  2.953  -0.564
  4761.511  25.0  2.953  -0.928
  4761.519  25.0  2.953  -1.041
  4761.524  25.0  2.953  -0.928
  4761.536  25.0  2.953  -1.472

4762
  4762.347  25.0  2.889   -0.177
  4762.355  25.0  2.889   -1.273
  4762.360  25.0  2.889   -0.281
  4762.361  25.0  2.889   -2.688
  4762.367  25.0  2.889   -1.085
  4762.371  25.0  2.889   -0.394
  4762.373  25.0  2.889   -2.353
  4762.377  25.0  2.889   -1.047
  4762.381  25.0  2.889   -0.516
  4762.382  25.0  2.889   -2.256
  4762.385  25.0  2.889   -1.102
  4762.388  25.0  2.889   -0.646
  4762.389  25.0  2.889   -2.387
  4762.391  25.0  2.889   -1.290
  4762.393  25.0  2.889   -0.779

4765
  4765.831  25.0  2.941   -0.595
  4765.842  25.0  2.941   -1.284
  4765.843  25.0  2.941   -0.807
  4765.851  25.0  2.941   -2.238
  4765.852  25.0  2.941   -1.080
  4765.852  25.0  2.941   -1.138
  4765.859  25.0  2.941   -1.490
  4765.859  25.0  2.941   -1.159
  4765.859  25.0  2.941   -1.858
  4765.863  25.0  2.941   -1.682
  4765.864  25.0  2.941   -1.314
  4765.866  25.0  2.941   -1.636

4766
  4766.402  25.0  2.920   -0.467
  4766.410  25.0  2.920   -1.385
  4766.414  25.0  2.920   -0.607
  4766.417  25.0  2.920   -2.602
  4766.420  25.0  2.920   -1.209
  4766.423  25.0  2.920   -0.765
  4766.426  25.0  2.920   -2.250
  4766.429  25.0  2.920   -1.183
  4766.431  25.0  2.920   -0.949
  4766.433  25.0  2.920   -2.125
  4766.435  25.0  2.920   -1.250
  4766.436  25.0  2.920   -1.171
  4766.437  25.0  2.920   -2.204
  4766.439  25.0  2.920   -1.456
  4766.439  25.0  2.920   -1.426

4783
  4783.391  25.0  2.300   -1.559
  4783.403  25.0  2.300   -1.377
  4783.414  25.0  2.300   -1.346
  4783.415  25.0  2.300   -0.567
  4783.423  25.0  2.300   -1.411
  4783.424  25.0  2.300   -0.738
  4783.430  25.0  2.300   -0.923
  4783.431  25.0  2.300   -1.609
  4783.436  25.0  2.300   -1.115
  4783.439  25.0  2.300   -1.290
  4783.442  25.0  2.300   -1.354
  4783.448  25.0  2.300   -1.559
  4783.450  25.0  2.300   -1.609
  4783.451  25.0  2.300   -1.377
  4783.452  25.0  2.300   -1.411
  4783.452  25.0  2.300   -1.346

4823
  4823.469  25.0  2.320   -2.969
  4823.484  25.0  2.320   -2.634
  4823.490  25.0  2.320   -1.554
  4823.498  25.0  2.320   -2.537
  4823.502  25.0  2.320   -1.366
  4823.510  25.0  2.320   -2.668
  4823.512  25.0  2.320   -1.328
  4823.515  25.0  2.320   -0.458
  4823.521  25.0  2.320   -1.383
  4823.523  25.0  2.320   -0.562
  4823.527  25.0  2.320   -1.571
  4823.530  25.0  2.320   -0.675
  4823.535  25.0  2.320   -0.797
  4823.537  25.0  2.320   -0.927
  4823.538  25.0  2.320   -1.060

4942
  494.2399 -2.790 25.00   23296.670  3.5 (5D)4s a4D   43524.080  3.5 (5D)4p z6F  7.76 -6.15 -7.83MFW  0 0 55-0.609 55 0.000  -35    0F6 -6z0    1427 1395     0
  494.2405 -2.790 25.00   23296.670  3.5 (5D)4s a4D   43524.080  3.5 (5D)4p z6F  7.76 -6.15 -7.83MFW  0 0 55-1.419 55 0.000  -11    0F5 -4z0    1427 1395     0
  494.2405 -2.790 25.00   23296.670  3.5 (5D)4s a4D   43524.080  3.5 (5D)4p z6F  7.76 -6.15 -7.83MFW  0 0 55-0.780 55 0.000  -11    0F5 -5z0    1427 1395     0
  494.2405 -2.790 25.00   23296.670  3.5 (5D)4s a4D   43524.080  3.5 (5D)4p z6F  7.76 -6.15 -7.83MFW  0 0 55-1.601 55 0.000  -11    0F5 -6z0    1427 1395     0
  494.2409 -2.790 25.00   23296.670  3.5 (5D)4s a4D   43524.080  3.5 (5D)4p z6F  7.76 -6.15 -7.83MFW  0 0 55-1.388 55 0.000    9    0F4 -3z0    1427 1395     0
  494.2409 -2.790 25.00   23296.670  3.5 (5D)4s a4D   43524.080  3.5 (5D)4p z6F  7.76 -6.15 -7.83MFW  0 0 55-0.965 55 0.000    9    0F4 -4z0    1427 1395     0
  494.2409 -2.790 25.00   23296.670  3.5 (5D)4s a4D   43524.080  3.5 (5D)4p z6F  7.76 -6.15 -7.83MFW  0 0 55-1.419 55 0.000    9    0F4 -5z0    1427 1395     0
  494.2413 -2.790 25.00   23296.670  3.5 (5D)4s a4D   43524.080  3.5 (5D)4p z6F  7.76 -6.15 -7.83MFW  0 0 55-1.453 55 0.000   25    0F3 -2z0    1427 1395     0
  494.2413 -2.790 25.00   23296.670  3.5 (5D)4s a4D   43524.080  3.5 (5D)4p z6F  7.76 -6.15 -7.83MFW  0 0 55-1.157 55 0.000   25    0F3 -3z0    1427 1395     0
  494.2413 -2.790 25.00   23296.670  3.5 (5D)4s a4D   43524.080  3.5 (5D)4p z6F  7.76 -6.15 -7.83MFW  0 0 55-1.388 55 0.000   25    0F3 -4z0    1427 1395     0
  494.2416 -2.790 25.00   23296.670  3.5 (5D)4s a4D   43524.080  3.5 (5D)4p z6F  7.76 -6.15 -7.83MFW  0 0 55-1.651 55 0.000   37    0F2 -1z0    1427 1395     0
  494.2416 -2.790 25.00   23296.670  3.5 (5D)4s a4D   43524.080  3.5 (5D)4p z6F  7.76 -6.15 -7.83MFW  0 0 55-1.332 55 0.000   37    0F2 -2z0    1427 1395     0
  494.2416 -2.790 25.00   23296.670  3.5 (5D)4s a4D   43524.080  3.5 (5D)4p z6F  7.76 -6.15 -7.83MFW  0 0 55-1.453 55 0.000   37    0F2 -3z0    1427 1395     0
  494.2418 -2.790 25.00   23296.670  3.5 (5D)4s a4D   43524.080  3.5 (5D)4p z6F  7.76 -6.15 -7.83MFW  0 0 55-1.396 55 0.000   45    0F1 -1z0    1427 1395     0
  494.2418 -2.790 25.00   23296.670  3.5 (5D)4s a4D   43524.080  3.5 (5D)4p z6F  7.76 -6.15 -7.83MFW  0 0 55-1.651 55 0.000   45    0F1 -2z0    1427 1395     0

4965
  4965.844  25.0  2.888  -4.503
  4965.844  25.0  2.888  -3.088
  4965.844  25.0  2.888  -1.992
  4965.850  25.0  2.888  -4.168
  4965.850  25.0  2.888  -2.900
  4965.850  25.0  2.888  -2.096
  4965.855  25.0  2.888  -4.071
  4965.855  25.0  2.888  -2.862
  4965.855  25.0  2.888  -2.209
  4965.859  25.0  2.888  -4.202
  4965.859  25.0  2.888  -2.917
  4965.859  25.0  2.888  -2.331
  4965.862  25.0  2.888  -3.105
  4965.862  25.0  2.888  -2.461
  4965.864  25.0  2.888  -2.594

4987
  498.7056 -3.040 25.00   23549.200  2.5 (5D)4s a4D   43595.500  2.5 (5D)4p z6F  7.75 -6.15 -7.83MFW  0 0 55-1.360 55 0.000  -19    0F5 -4z0    1368 1310     0
  498.7056 -3.040 25.00   23549.200  2.5 (5D)4s a4D   43595.500  2.5 (5D)4p z6F  7.75 -6.15 -7.83MFW  0 0 55-0.582 55 0.000  -19    0F5 -5z0    1368 1310     0
  498.7059 -3.040 25.00   23549.200  2.5 (5D)4s a4D   43595.500  2.5 (5D)4p z6F  7.75 -6.15 -7.83MFW  0 0 55-1.197 55 0.000   -4    0F4 -3z0    1368 1310     0
  498.7059 -3.040 25.00   23549.200  2.5 (5D)4s a4D   43595.500  2.5 (5D)4p z6F  7.75 -6.15 -7.83MFW  0 0 55-0.845 55 0.000   -4    0F4 -4z0    1368 1310     0
  498.7059 -3.040 25.00   23549.200  2.5 (5D)4s a4D   43595.500  2.5 (5D)4p z6F  7.75 -6.15 -7.83MFW  0 0 55-1.360 55 0.000   -4    0F4 -5z0    1368 1310     0
  498.7062 -3.040 25.00   23549.200  2.5 (5D)4s a4D   43595.500  2.5 (5D)4p z6F  7.75 -6.15 -7.83MFW  0 0 55-1.192 55 0.000    8    0F3 -2z0    1368 1310     0
  498.7062 -3.040 25.00   23549.200  2.5 (5D)4s a4D   43595.500  2.5 (5D)4p z6F  7.75 -6.15 -7.83MFW  0 0 55-1.176 55 0.000    8    0F3 -3z0    1368 1310     0
  498.7062 -3.040 25.00   23549.200  2.5 (5D)4s a4D   43595.500  2.5 (5D)4p z6F  7.75 -6.15 -7.83MFW  0 0 55-1.197 55 0.000    8    0F3 -4z0    1368 1310     0
  498.7065 -3.040 25.00   23549.200  2.5 (5D)4s a4D   43595.500  2.5 (5D)4p z6F  7.75 -6.15 -7.83MFW  0 0 55-1.294 55 0.000   17    0F2 -1z0    1368 1310     0
  498.7065 -3.040 25.00   23549.200  2.5 (5D)4s a4D   43595.500  2.5 (5D)4p z6F  7.75 -6.15 -7.83MFW  0 0 55-1.623 55 0.000   17    0F2 -2z0    1368 1310     0
  498.7065 -3.040 25.00   23549.200  2.5 (5D)4s a4D   43595.500  2.5 (5D)4p z6F  7.75 -6.15 -7.83MFW  0 0 55-1.192 55 0.000   17    0F2 -3z0    1368 1310     0
  498.7066 -3.040 25.00   23549.200  2.5 (5D)4s a4D   43595.500  2.5 (5D)4p z6F  7.75 -6.15 -7.83MFW  0 0 55-1.556 55 0.000   23    0F1 -0z0    1368 1310     0
  498.7066 -3.040 25.00   23549.200  2.5 (5D)4s a4D   43595.500  2.5 (5D)4p z6F  7.75 -6.15 -7.83MFW  0 0 55-2.322 55 0.000   23    0F1 -1z0    1368 1310     0
  498.7066 -3.040 25.00   23549.200  2.5 (5D)4s a4D   43595.500  2.5 (5D)4p z6F  7.75 -6.15 -7.83MFW  0 0 55-1.294 55 0.000   23    0F1 -2z0    1368 1310     0
  498.7067 -3.040 25.00   23549.200  2.5 (5D)4s a4D   43595.500  2.5 (5D)4p z6F  7.75 -6.15 -7.83MFW  0 0 55-1.556 55 0.000   26    0F0 -1z0    1368 1310     0

5005
  5004.887  25.0  2.920  -4.332
  5004.887  25.0  2.920  -3.115
  5004.887  25.0  2.920  -2.197
  5004.891  25.0  2.920  -3.980
  5004.891  25.0  2.920  -2.939
  5004.891  25.0  2.920  -2.337
  5004.894  25.0  2.920  -3.855
  5004.894  25.0  2.920  -2.913
  5004.894  25.0  2.920  -2.495
  5004.896  25.0  2.920  -3.934
  5004.896  25.0  2.920  -2.980
  5004.896  25.0  2.920  -2.679
  5004.898  25.0  2.920  -3.186
  5004.898  25.0  2.920  -3.156
  5004.898  25.0  2.920  -2.901

5030
  5029.795  25.0  2.941  -4.048
  5029.795  25.0  2.941  -3.094
  5029.795  25.0  2.941  -2.405
  5029.796  25.0  2.941  -3.446
  5029.796  25.0  2.941  -3.124
  5029.796  25.0  2.941  -3.300
  5029.796  25.0  2.941  -3.492
  5029.796  25.0  2.941  -2.969
  5029.796  25.0  2.941  -2.890
  5029.796  25.0  2.941  -3.668
  5029.796  25.0  2.941  -2.948
  5029.796  25.0  2.941  -2.617

5042
  5042.566  25.0  2.953  -3.303
  5042.566  25.0  2.953  -3.190
  5042.566  25.0  2.953  -3.287
  5042.594  25.0  2.953  -3.734
  5042.594  25.0  2.953  -3.190
  5042.594  25.0  2.953  -2.826

5117
  5117.902  25.0  3.134  -3.298
  5117.906  25.0  3.134  -2.918
  5117.909  25.0  3.134  -2.742
  5117.913  25.0  3.134  -2.696
  5117.919  25.0  3.134  -2.374
  5117.920  25.0  3.134  -2.219
  5117.921  25.0  3.134  -2.198
  5117.923  25.0  3.134  -2.344
  5117.929  25.0  3.134  -2.550
  5117.935  25.0  3.134  -2.140
  5117.942  25.0  3.134  -1.867
  5117.949  25.0  3.134  -1.655

5149
  5149.130  25.0  3.134  -3.456
  5149.130  25.0  3.134  -3.194
  5149.133  25.0  3.134  -3.092
  5149.136  25.0  3.134  -4.222
  5149.138  25.0  3.134  -3.456
  5149.138  25.0  3.134  -3.097
  5149.141  25.0  3.134  -3.523
  5149.146  25.0  3.134  -3.194
  5149.146  25.0  3.134  -3.260
  5149.149  25.0  3.134  -3.076
  5149.157  25.0  3.134  -3.092
  5149.159  25.0  3.134  -2.745
  5149.170  25.0  3.134  -3.097
  5149.172  25.0  3.134  -2.482
  5149.186  25.0  3.134  -3.260

5150
  5150.905  25.0  3.135  -3.334
  5150.905  25.0  3.135  -3.255
  5150.906  25.0  3.135  -3.380
  5150.908  25.0  3.135  -3.732
  5150.911  25.0  3.135  -2.556
  5150.913  25.0  3.135  -2.586
  5150.913  25.0  3.135  -2.380
  5150.917  25.0  3.135  -2.313
  5150.918  25.0  3.135  -2.301
  5150.921  25.0  3.135  -2.339
  5150.925  25.0  3.135  -2.079
  5150.928  25.0  3.135  -2.515
  5150.932  25.0  3.135  -1.895
  5150.941  25.0  3.135  -1.737

5196
  5196.554  25.0  3.135  -3.742
  5196.558  25.0  3.135  -3.611
  5196.559  25.0  3.135  -2.645
  5196.562  25.0  3.135  -2.134
  5196.565  25.0  3.135  -2.457
  5196.565  25.0  3.135  -3.708
  5196.570  25.0  3.135  -2.001
  5196.573  25.0  3.135  -2.402
  5196.573  25.0  3.135  -4.043
  5196.579  25.0  3.135  -1.871
  5196.582  25.0  3.135  -2.440
  5196.590  25.0  3.135  -1.749
  5196.594  25.0  3.135  -2.628
  5196.604  25.0  3.135  -1.636
  5196.619  25.0  3.135  -1.532

5197
  5197.188  25.0  3.135  -3.461
  5197.191  25.0  3.135  -3.206
  5197.191  25.0  3.135  -3.263
  5197.196  25.0  3.135  -3.142
  5197.196  25.0  3.135  -3.198
  5197.199  25.0  3.135  -3.461
  5197.203  25.0  3.135  -2.967
  5197.204  25.0  3.135  -3.229
  5197.207  25.0  3.135  -3.263
  5197.212  25.0  3.135  -2.775
  5197.214  25.0  3.135  -3.411
  5197.218  25.0  3.135  -3.198
  5197.223  25.0  3.135  -2.590
  5197.232  25.0  3.135  -3.229
  5197.237  25.0  3.135  -2.419
  5197.247  25.0  3.135  -3.411

5255
  5255.275  25.0  3.133  -3.963
  5255.280  25.0  3.133  -2.641
  5255.283  25.0  3.133  -3.804
  5255.284  25.0  3.133  -1.842
  5255.290  25.0  3.133  -2.447
  5255.293  25.0  3.133  -3.884
  5255.295  25.0  3.133  -1.748
  5255.301  25.0  3.133  -2.395
  5255.306  25.0  3.133  -4.206
  5255.308  25.0  3.133  -1.653
  5255.316  25.0  3.133  -2.439
  5255.324  25.0  3.133  -1.561
  5255.332  25.0  3.133  -2.632
  5255.342  25.0  3.133  -1.473
  5255.362  25.0  3.133  -1.390

5260
  5260.736  25.0  3.135  -3.782
  5260.740  25.0  3.135  -3.138
  5260.742  25.0  3.135  -3.585
  5260.747  25.0  3.135  -3.084
  5260.749  25.0  3.135  -3.529
  5260.751  25.0  3.135  -3.782
  5260.756  25.0  3.135  -2.978
  5260.759  25.0  3.135  -3.570
  5260.762  25.0  3.135  -3.585
  5260.767  25.0  3.135  -2.854
  5260.771  25.0  3.135  -3.760
  5260.774  25.0  3.135  -3.529
  5260.781  25.0  3.135  -2.726
  5260.789  25.0  3.135  -3.570
  5260.797  25.0  3.135  -2.601
  5260.807  25.0  3.135  -3.760

5292
  529.2865 -2.900 25.00   27281.850  0.5 d5 4s2 a4P   46169.930  0.5 (5D)4p z4D  7.85 -5.27 -7.83MFW  0 0 55-0.489 55 0.000    0   24F2z-3 0    2666    0     0
  529.2865 -2.900 25.00   27281.850  0.5 d5 4s2 a4P   46169.930  0.5 (5D)4p z4D  7.85 -5.27 -7.83MFW  0 0 55-0.586 55 0.000    0   24F3z-3 0    2666    0     0
  529.2881 -2.900 25.00   27281.850  0.5 d5 4s2 a4P   46169.930  0.5 (5D)4p z4D  7.85 -5.27 -7.83MFW  0 0 55-1.033 55 0.000    0  -33F2z-2 0    2666    0     0
  529.2881 -2.900 25.00   27281.850  0.5 d5 4s2 a4P   46169.930  0.5 (5D)4p z4D  7.85 -5.27 -7.83MFW  0 0 55-0.489 55 0.000    0  -33F3z-2 0    2666    0     0

5317
  531.7084 -2.230 25.00   27281.850  0.5 d5 4s2 a4P   46083.890  1.5 (5D)4p z4D  7.85 -5.50 -7.83MFW  0 0 55-0.426 55 0.000    0   30F3z-4 0    2666 1200     0
  531.7093 -2.230 25.00   27281.850  0.5 d5 4s2 a4P   46083.890  1.5 (5D)4p z4D  7.85 -5.50 -7.83MFW  0 0 55-0.887 55 0.000    0   -2F2z-3 0    2666 1200     0
  531.7093 -2.230 25.00   27281.850  0.5 d5 4s2 a4P   46083.890  1.5 (5D)4p z4D  7.85 -5.50 -7.83MFW  0 0 55-0.790 55 0.000    0   -2F3z-3 0    2666 1200     0
  531.7100 -2.230 25.00   27281.850  0.5 d5 4s2 a4P   46083.890  1.5 (5D)4p z4D  7.85 -5.50 -7.83MFW  0 0 55-0.790 55 0.000    0  -26F2z-2 0    2666 1200     0
  531.7100 -2.230 25.00   27281.850  0.5 d5 4s2 a4P   46083.890  1.5 (5D)4p z4D  7.85 -5.50 -7.83MFW  0 0 55-1.334 55 0.000    0  -26F3z-2 0    2666 1200     0
  531.7104 -2.230 25.00   27281.850  0.5 d5 4s2 a4P   46083.890  1.5 (5D)4p z4D  7.85 -5.50 -7.83MFW  0 0 55-0.903 55 0.000    0  -42F2z-1 0    2666 1200     0

5334
  533.4858 -2.860 25.00   27201.540  2.5 d5 4s2 a4P   45940.930  2.5 (5D)4p z4D  7.85 -4.64 -7.83MFW  0 0 55-1.360 55 0.000    0   37F4z-5 0    1597 1372     0
  533.4858 -2.860 25.00   27201.540  2.5 d5 4s2 a4P   45940.930  2.5 (5D)4p z4D  7.85 -4.64 -7.83MFW  0 0 55-0.582 55 0.000    0   37F5z-5 0    1597 1372     0
  533.4867 -2.860 25.00   27201.540  2.5 d5 4s2 a4P   45940.930  2.5 (5D)4p z4D  7.85 -4.64 -7.83MFW  0 0 55-1.197 55 0.000    0    7F3z-4 0    1597 1372     0
  533.4867 -2.860 25.00   27201.540  2.5 d5 4s2 a4P   45940.930  2.5 (5D)4p z4D  7.85 -4.64 -7.83MFW  0 0 55-0.845 55 0.000    0    7F4z-4 0    1597 1372     0
  533.4867 -2.860 25.00   27201.540  2.5 d5 4s2 a4P   45940.930  2.5 (5D)4p z4D  7.85 -4.64 -7.83MFW  0 0 55-1.360 55 0.000    0    7F5z-4 0    1597 1372     0
  533.4874 -2.860 25.00   27201.540  2.5 d5 4s2 a4P   45940.930  2.5 (5D)4p z4D  7.85 -4.64 -7.83MFW  0 0 55-1.192 55 0.000    0  -16F2z-3 0    1597 1372     0
  533.4874 -2.860 25.00   27201.540  2.5 d5 4s2 a4P   45940.930  2.5 (5D)4p z4D  7.85 -4.64 -7.83MFW  0 0 55-1.176 55 0.000    0  -16F3z-3 0    1597 1372     0
  533.4874 -2.860 25.00   27201.540  2.5 d5 4s2 a4P   45940.930  2.5 (5D)4p z4D  7.85 -4.64 -7.83MFW  0 0 55-1.197 55 0.000    0  -16F4z-3 0    1597 1372     0
  533.4879 -2.860 25.00   27201.540  2.5 d5 4s2 a4P   45940.930  2.5 (5D)4p z4D  7.85 -4.64 -7.83MFW  0 0 55-1.294 55 0.000    0  -34F1z-2 0    1597 1372     0
  533.4879 -2.860 25.00   27201.540  2.5 d5 4s2 a4P   45940.930  2.5 (5D)4p z4D  7.85 -4.64 -7.83MFW  0 0 55-1.623 55 0.000    0  -34F2z-2 0    1597 1372     0
  533.4879 -2.860 25.00   27201.540  2.5 d5 4s2 a4P   45940.930  2.5 (5D)4p z4D  7.85 -4.64 -7.83MFW  0 0 55-1.192 55 0.000    0  -34F3z-2 0    1597 1372     0
  533.4882 -2.860 25.00   27201.540  2.5 d5 4s2 a4P   45940.930  2.5 (5D)4p z4D  7.85 -4.64 -7.83MFW  0 0 55-1.556 55 0.000    0  -46F0z-1 0    1597 1372     0
  533.4882 -2.860 25.00   27201.540  2.5 d5 4s2 a4P   45940.930  2.5 (5D)4p z4D  7.85 -4.64 -7.83MFW  0 0 55-2.322 55 0.000    0  -46F1z-1 0    1597 1372     0
  533.4882 -2.860 25.00   27201.540  2.5 d5 4s2 a4P   45940.930  2.5 (5D)4p z4D  7.85 -4.64 -7.83MFW  0 0 55-1.294 55 0.000    0  -46F2z-1 0    1597 1372     0
  533.4884 -2.860 25.00   27201.540  2.5 d5 4s2 a4P   45940.930  2.5 (5D)4p z4D  7.85 -4.64 -7.83MFW  0 0 55-1.556 55 0.000    0  -52F1z-0 0    1597 1372     0

5348
  5348.118  25.0  3.378  -2.295
  5348.127  25.0  3.378  -2.507
  5348.127  25.0  3.378  -2.984
  5348.133  25.0  3.378  -2.780
  5348.133  25.0  3.378  -2.838
  5348.133  25.0  3.378  -3.938
  5348.139  25.0  3.378  -3.190
  5348.139  25.0  3.378  -2.859
  5348.139  25.0  3.378  -3.558
  5348.142  25.0  3.378  -3.014
  5348.142  25.0  3.378  -3.382
  5348.144  25.0  3.378  -3.336

5388
  5388.531  25.0  3.373  -2.257
  5388.540  25.0  3.373  -2.397
  5388.540  25.0  3.373  -3.175
  5388.547  25.0  3.373  -2.555
  5388.547  25.0  3.373  -2.999
  5388.547  25.0  3.373  -4.392
  5388.553  25.0  3.373  -2.739
  5388.553  25.0  3.373  -2.973
  5388.553  25.0  3.373  -4.040
  5388.557  25.0  3.373  -2.961
  5388.557  25.0  3.373  -3.040
  5388.557  25.0  3.373  -3.915
  5388.560  25.0  3.373  -3.246
  5388.560  25.0  3.373  -3.216
  5388.560  25.0  3.373  -3.994

5394
  5394.626  25.0  0.000  -4.070
  5394.657  25.0  0.000  -4.988
  5394.661  25.0  0.000  -4.210
  5394.684  25.0  0.000  -6.205
  5394.687  25.0  0.000  -4.812
  5394.690  25.0  0.000  -4.368
  5394.709  25.0  0.000  -5.853
  5394.712  25.0  0.000  -4.786
  5394.714  25.0  0.000  -4.552
  5394.728  25.0  0.000  -5.728
  5394.730  25.0  0.000  -4.853
  5394.731  25.0  0.000  -4.774
  5394.741  25.0  0.000  -5.807
  5394.742  25.0  0.000  -5.029
  5394.743  25.0  0.000  -5.059

5399
  539.9450 -0.287 25.00   49591.510  1.5 5S)s5s e4S   31076.420  1.5 (6S)sp z4P  7.96 -5.42 -7.60K88  0 0 55-1.058 55 0.000  257   89F1 -2 0    1998 1732     0
  539.9455 -0.287 25.00   49591.510  1.5 5S)s5s e4S   31076.420  1.5 (6S)sp z4P  7.96 -5.42 -7.60K88  0 0 55-0.926 55 0.000  159    8F2 -3 0    1998 1732     0
  539.9465 -0.287 25.00   49591.510  1.5 5S)s5s e4S   31076.420  1.5 (6S)sp z4P  7.96 -5.42 -7.60K88  0 0 55-1.426 55 0.000  257  143F1 -1 0    1998 1732     0
  539.9465 -0.287 25.00   49591.510  1.5 5S)s5s e4S   31076.420  1.5 (6S)sp z4P  7.96 -5.42 -7.60K88  0 0 55-1.028 55 0.000   12 -103F3 -4 0    1998 1732     0
  539.9478 -0.287 25.00   49591.510  1.5 5S)s5s e4S   31076.420  1.5 (6S)sp z4P  7.96 -5.42 -7.60K88  0 0 55-2.635 55 0.000  159   89F2 -2 0    1998 1732     0
  539.9494 -0.287 25.00   49591.510  1.5 5S)s5s e4S   31076.420  1.5 (6S)sp z4P  7.96 -5.42 -7.60K88  0 0 55-1.058 55 0.000  159  143F2 -1 0    1998 1732     0
  539.9497 -0.287 25.00   49591.510  1.5 5S)s5s e4S   31076.420  1.5 (6S)sp z4P  7.96 -5.42 -7.60K88  0 0 55-1.100 55 0.000   12    8F3 -3 0    1998 1732     0
  539.9521 -0.287 25.00   49591.510  1.5 5S)s5s e4S   31076.420  1.5 (6S)sp z4P  7.96 -5.42 -7.60K88  0 0 55-0.926 55 0.000   12   89F3 -2 0    1998 1732     0
  539.9522 -0.287 25.00   49591.510  1.5 5S)s5s e4S   31076.420  1.5 (6S)sp z4P  7.96 -5.42 -7.60K88  0 0 55-0.551 55 0.000 -184 -103F4 -4 0    1998 1732     0
  539.9555 -0.287 25.00   49591.510  1.5 5S)s5s e4S   31076.420  1.5 (6S)sp z4P  7.96 -5.42 -7.60K88  0 0 55-1.028 55 0.000 -184    8F4 -3 0    1998 1732     0

5407
  5407.325  25.0  2.143  -3.139
  5407.332  25.0  2.143  -3.394
  5407.333  25.0  2.143  -3.394
  5407.341  25.0  2.143  -3.075
  5407.353  25.0  2.143  -3.196
  5407.354  25.0  2.143  -3.196
  5407.366  25.0  2.143  -2.900
  5407.382  25.0  2.143  -3.131
  5407.384  25.0  2.143  -3.131
  5407.400  25.0  2.143  -2.708
  5407.420  25.0  2.143  -3.162
  5407.422  25.0  2.143  -3.162
  5407.442  25.0  2.143  -2.523
  5407.468  25.0  2.143  -3.344
  5407.469  25.0  2.143  -3.344
  5407.494  25.0  2.143  -2.352

5420
  5420.256  25.0  2.143  -3.016
  5420.261  25.0  2.143  -2.986
  5420.270  25.0  2.143  -2.731
  5420.272  25.0  2.143  -3.764
  5420.281  25.0  2.143  -2.810
  5420.295  25.0  2.143  -2.509
  5420.298  25.0  2.143  -3.685
  5420.311  25.0  2.143  -2.743
  5420.329  25.0  2.143  -2.325
  5420.333  25.0  2.143  -3.810
  5420.351  25.0  2.143  -2.769
  5420.374  25.0  2.143  -2.167
  5420.379  25.0  2.143  -4.162
  5420.402  25.0  2.143  -2.945
  5420.429  25.0  2.143  -2.027

5432
  5432.506  25.0  0.000  -4.377
  5432.510  25.0  0.000  -5.155
  5432.535  25.0  0.000  -5.155
  5432.538  25.0  0.000  -4.640
  5432.541  25.0  0.000  -4.992
  5432.561  25.0  0.000  -4.992
  5432.564  25.0  0.000  -4.971
  5432.566  25.0  0.000  -4.987
  5432.580  25.0  0.000  -4.987
  5432.583  25.0  0.000  -5.418
  5432.584  25.0  0.000  -5.089
  5432.594  25.0  0.000  -5.089
  5432.595  25.0  0.000  -6.117
  5432.596  25.0  0.000  -5.351
  5432.601  25.0  0.000  -5.351

5504
  550.4151 -2.540 25.00   25265.740  5.5 d5 4s2 a4G   43428.580  4.5 (5D)4p z6F  7.77 -6.28 -7.83MFW  0 0 55-1.079 55 0.000 -220    0F3 -2z0    1270 1431     0
  550.4151 -2.540 25.00   25265.740  5.5 d5 4s2 a4G   43428.580  4.5 (5D)4p z6F  7.77 -6.28 -7.83MFW  0 0 55-1.878 55 0.000 -220    0F3 -3z0    1270 1431     0
  550.4151 -2.540 25.00   25265.740  5.5 d5 4s2 a4G   43428.580  4.5 (5D)4p z6F  7.77 -6.28 -7.83MFW  0 0 55-3.200 55 0.000 -220    0F3 -4z0    1270 1431     0
  550.4168 -2.540 25.00   25265.740  5.5 d5 4s2 a4G   43428.580  4.5 (5D)4p z6F  7.77 -6.28 -7.83MFW  0 0 55-0.985 55 0.000 -166    0F4 -3z0    1270 1431     0
  550.4168 -2.540 25.00   25265.740  5.5 d5 4s2 a4G   43428.580  4.5 (5D)4p z6F  7.77 -6.28 -7.83MFW  0 0 55-1.684 55 0.000 -166    0F4 -4z0    1270 1431     0
  550.4168 -2.540 25.00   25265.740  5.5 d5 4s2 a4G   43428.580  4.5 (5D)4p z6F  7.77 -6.28 -7.83MFW  0 0 55-3.041 55 0.000 -166    0F4 -5z0    1270 1431     0
  550.4188 -2.540 25.00   25265.740  5.5 d5 4s2 a4G   43428.580  4.5 (5D)4p z6F  7.77 -6.28 -7.83MFW  0 0 55-0.890 55 0.000  -98    0F5 -4z0    1270 1431     0
  550.4188 -2.540 25.00   25265.740  5.5 d5 4s2 a4G   43428.580  4.5 (5D)4p z6F  7.77 -6.28 -7.83MFW  0 0 55-1.632 55 0.000  -98    0F5 -5z0    1270 1431     0
  550.4188 -2.540 25.00   25265.740  5.5 d5 4s2 a4G   43428.580  4.5 (5D)4p z6F  7.77 -6.28 -7.83MFW  0 0 55-3.121 55 0.000  -98    0F5 -6z0    1270 1431     0
  550.4213 -2.540 25.00   25265.740  5.5 d5 4s2 a4G   43428.580  4.5 (5D)4p z6F  7.77 -6.28 -7.83MFW  0 0 55-0.798 55 0.000  -17    0F6 -5z0    1270 1431     0
  550.4213 -2.540 25.00   25265.740  5.5 d5 4s2 a4G   43428.580  4.5 (5D)4p z6F  7.77 -6.28 -7.83MFW  0 0 55-1.676 55 0.000  -17    0F6 -6z0    1270 1431     0
  550.4213 -2.540 25.00   25265.740  5.5 d5 4s2 a4G   43428.580  4.5 (5D)4p z6F  7.77 -6.28 -7.83MFW  0 0 55-3.443 55 0.000  -17    0F6 -7z0    1270 1431     0
  550.4241 -2.540 25.00   25265.740  5.5 d5 4s2 a4G   43428.580  4.5 (5D)4p z6F  7.77 -6.28 -7.83MFW  0 0 55-0.710 55 0.000   78    0F7 -6z0    1270 1431     0
  550.4241 -2.540 25.00   25265.740  5.5 d5 4s2 a4G   43428.580  4.5 (5D)4p z6F  7.77 -6.28 -7.83MFW  0 0 55-1.869 55 0.000   78    0F7 -7z0    1270 1431     0
  550.4274 -2.540 25.00   25265.740  5.5 d5 4s2 a4G   43428.580  4.5 (5D)4p z6F  7.77 -6.28 -7.83MFW  0 0 55-0.627 55 0.000  186    0F8 -7z0    1270 1431     0

5510
  551.0136 -3.440 25.00   25285.430  4.5 d5 4s2 a4G   43428.580  4.5 (5D)4p z6F  7.77 -6.28 -7.83MFW  0 0 55-1.168 55 0.000 -181    0F2 -2z0    1173 1431     0
  551.0136 -3.440 25.00   25285.430  4.5 d5 4s2 a4G   43428.580  4.5 (5D)4p z6F  7.77 -6.28 -7.83MFW  0 0 55-1.812 55 0.000 -181    0F2 -3z0    1173 1431     0
  551.0148 -3.440 25.00   25285.430  4.5 d5 4s2 a4G   43428.580  4.5 (5D)4p z6F  7.77 -6.28 -7.83MFW  0 0 55-1.812 55 0.000 -142    0F3 -2z0    1173 1431     0
  551.0148 -3.440 25.00   25285.430  4.5 d5 4s2 a4G   43428.580  4.5 (5D)4p z6F  7.77 -6.28 -7.83MFW  0 0 55-1.114 55 0.000 -142    0F3 -3z0    1173 1431     0
  551.0148 -3.440 25.00   25285.430  4.5 d5 4s2 a4G   43428.580  4.5 (5D)4p z6F  7.77 -6.28 -7.83MFW  0 0 55-1.615 55 0.000 -142    0F3 -4z0    1173 1431     0
  551.0164 -3.440 25.00   25285.430  4.5 d5 4s2 a4G   43428.580  4.5 (5D)4p z6F  7.77 -6.28 -7.83MFW  0 0 55-1.615 55 0.000  -89    0F4 -3z0    1173 1431     0
  551.0164 -3.440 25.00   25285.430  4.5 d5 4s2 a4G   43428.580  4.5 (5D)4p z6F  7.77 -6.28 -7.83MFW  0 0 55-1.008 55 0.000  -89    0F4 -4z0    1173 1431     0
  551.0164 -3.440 25.00   25285.430  4.5 d5 4s2 a4G   43428.580  4.5 (5D)4p z6F  7.77 -6.28 -7.83MFW  0 0 55-1.559 55 0.000  -89    0F4 -5z0    1173 1431     0
  551.0184 -3.440 25.00   25285.430  4.5 d5 4s2 a4G   43428.580  4.5 (5D)4p z6F  7.77 -6.28 -7.83MFW  0 0 55-1.559 55 0.000  -23    0F5 -4z0    1173 1431     0
  551.0184 -3.440 25.00   25285.430  4.5 d5 4s2 a4G   43428.580  4.5 (5D)4p z6F  7.77 -6.28 -7.83MFW  0 0 55-0.884 55 0.000  -23    0F5 -5z0    1173 1431     0
  551.0184 -3.440 25.00   25285.430  4.5 d5 4s2 a4G   43428.580  4.5 (5D)4p z6F  7.77 -6.28 -7.83MFW  0 0 55-1.600 55 0.000  -23    0F5 -6z0    1173 1431     0
  551.0208 -3.440 25.00   25285.430  4.5 d5 4s2 a4G   43428.580  4.5 (5D)4p z6F  7.77 -6.28 -7.83MFW  0 0 55-1.600 55 0.000   56    0F6 -5z0    1173 1431     0
  551.0208 -3.440 25.00   25285.430  4.5 d5 4s2 a4G   43428.580  4.5 (5D)4p z6F  7.77 -6.28 -7.83MFW  0 0 55-0.756 55 0.000   56    0F6 -6z0    1173 1431     0
  551.0208 -3.440 25.00   25285.430  4.5 d5 4s2 a4G   43428.580  4.5 (5D)4p z6F  7.77 -6.28 -7.83MFW  0 0 55-1.790 55 0.000   56    0F6 -7z0    1173 1431     0
  551.0236 -3.440 25.00   25285.430  4.5 d5 4s2 a4G   43428.580  4.5 (5D)4p z6F  7.77 -6.28 -7.83MFW  0 0 55-1.790 55 0.000  148    0F7 -6z0    1173 1431     0
  551.0236 -3.440 25.00   25285.430  4.5 d5 4s2 a4G   43428.580  4.5 (5D)4p z6F  7.77 -6.28 -7.83MFW  0 0 55-0.631 55 0.000  148    0F7 -7z0    1173 1431     0

5516
  5516.699  25.0  2.178  -3.273
  5516.709  25.0  2.178  -2.905
  5516.718  25.0  2.178  -2.905
  5516.728  25.0  2.178  -4.482
  5516.743  25.0  2.178  -2.773
  5516.757  25.0  2.178  -2.773
  5516.771  25.0  2.178  -2.947
  5516.790  25.0  2.178  -2.875
  5516.809  25.0  2.178  -2.875
  5516.828  25.0  2.178  -2.398

5537
  553.6429 -0.462 25.00   62753.370  2.5 (5D)4d e4G   44696.290  2.5 (5D)4p z4F  8.15 -5.96 -7.61K88  0 0 55-1.556 55 0.000    0  -87F1z-0 0     579 1030     0
  553.6432 -0.462 25.00   62753.370  2.5 (5D)4d e4G   44696.290  2.5 (5D)4p z4F  8.15 -5.96 -7.61K88  0 0 55-1.556 55 0.000    0  -77F0z-1 0     579 1030     0
  553.6432 -0.462 25.00   62753.370  2.5 (5D)4d e4G   44696.290  2.5 (5D)4p z4F  8.15 -5.96 -7.61K88  0 0 55-2.322 55 0.000    0  -77F1z-1 0     579 1030     0
  553.6432 -0.462 25.00   62753.370  2.5 (5D)4d e4G   44696.290  2.5 (5D)4p z4F  8.15 -5.96 -7.61K88  0 0 55-1.294 55 0.000    0  -77F2z-1 0     579 1030     0
  553.6439 -0.462 25.00   62753.370  2.5 (5D)4d e4G   44696.290  2.5 (5D)4p z4F  8.15 -5.96 -7.61K88  0 0 55-1.294 55 0.000    0  -57F1z-2 0     579 1030     0
  553.6439 -0.462 25.00   62753.370  2.5 (5D)4d e4G   44696.290  2.5 (5D)4p z4F  8.15 -5.96 -7.61K88  0 0 55-1.623 55 0.000    0  -57F2z-2 0     579 1030     0
  553.6439 -0.462 25.00   62753.370  2.5 (5D)4d e4G   44696.290  2.5 (5D)4p z4F  8.15 -5.96 -7.61K88  0 0 55-1.192 55 0.000    0  -57F3z-2 0     579 1030     0
  553.6448 -0.462 25.00   62753.370  2.5 (5D)4d e4G   44696.290  2.5 (5D)4p z4F  8.15 -5.96 -7.61K88  0 0 55-1.192 55 0.000    0  -27F2z-3 0     579 1030     0
  553.6448 -0.462 25.00   62753.370  2.5 (5D)4d e4G   44696.290  2.5 (5D)4p z4F  8.15 -5.96 -7.61K88  0 0 55-1.176 55 0.000    0  -27F3z-3 0     579 1030     0
  553.6448 -0.462 25.00   62753.370  2.5 (5D)4d e4G   44696.290  2.5 (5D)4p z4F  8.15 -5.96 -7.61K88  0 0 55-1.197 55 0.000    0  -27F4z-3 0     579 1030     0
  553.6460 -0.462 25.00   62753.370  2.5 (5D)4d e4G   44696.290  2.5 (5D)4p z4F  8.15 -5.96 -7.61K88  0 0 55-1.197 55 0.000    0   12F3z-4 0     579 1030     0
  553.6460 -0.462 25.00   62753.370  2.5 (5D)4d e4G   44696.290  2.5 (5D)4p z4F  8.15 -5.96 -7.61K88  0 0 55-0.845 55 0.000    0   12F4z-4 0     579 1030     0
  553.6460 -0.462 25.00   62753.370  2.5 (5D)4d e4G   44696.290  2.5 (5D)4p z4F  8.15 -5.96 -7.61K88  0 0 55-1.360 55 0.000    0   12F5z-4 0     579 1030     0
  553.6475 -0.462 25.00   62753.370  2.5 (5D)4d e4G   44696.290  2.5 (5D)4p z4F  8.15 -5.96 -7.61K88  0 0 55-1.360 55 0.000    0   62F4z-5 0     579 1030     0
  553.6475 -0.462 25.00   62753.370  2.5 (5D)4d e4G   44696.290  2.5 (5D)4p z4F  8.15 -5.96 -7.61K88  0 0 55-0.582 55 0.000    0   62F5z-5 0     579 1030     0

  5537.694  25.0  2.187  -2.920
  5537.713  25.0  2.187  -2.807
  5537.740  25.0  2.187  -3.351
  5537.742  25.0  2.187  -2.904
  5537.769  25.0  2.187  -2.807
  5537.807  25.0  2.187  -2.443

6013
  6013.478  25.0  3.072  -0.766
  6013.499  25.0  3.072  -0.978
  6013.518  25.0  3.072  -1.251
  6013.527  25.0  3.072  -1.455
  6013.533  25.0  3.072  -1.661
  6013.538  25.0  3.072  -1.309
  6013.547  25.0  3.072  -1.330
  6013.552  25.0  3.072  -1.485
  6013.562  25.0  3.072  -1.807
  6013.566  25.0  3.072  -1.853
  6013.566  25.0  3.072  -2.409
  6013.567  25.0  3.072  -2.029

6016
  6016.619  25.0  3.075  -1.576
  6016.645  25.0  3.075  -1.413
  6016.647  25.0  3.075  -0.798
  6016.667  25.0  3.075  -1.408
  6016.668  25.0  3.075  -1.061
  6016.684  25.0  3.075  -1.392
  6016.685  25.0  3.075  -1.510
  6016.696  25.0  3.075  -1.839
  6016.696  25.0  3.075  -1.576
  6016.698  25.0  3.075  -1.772
  6016.704  25.0  3.075  -2.538
  6016.707  25.0  3.075  -1.413
  6016.713  25.0  3.075  -1.408
  6016.714  25.0  3.075  -1.772
  6016.716  25.0  3.075  -1.510

6021
  6021.746  25.0  3.075  -2.668
  6021.772  25.0  3.075  -1.451
  6021.774  25.0  3.075  -2.316
  6021.795  25.0  3.075  -1.275
  6021.798  25.0  3.075  -2.191
  6021.804  25.0  3.075  -0.533
  6021.813  25.0  3.075  -1.249
  6021.817  25.0  3.075  -2.270
  6021.821  25.0  3.075  -0.673
  6021.827  25.0  3.075  -1.316
  6021.834  25.0  3.075  -0.831
  6021.837  25.0  3.075  -1.492
  6021.843  25.0  3.075  -1.015
  6021.846  25.0  3.075  -1.522
  6021.847  25.0  3.075  -1.237

6344
  634.4143 -1.800 25.00   30411.740  0.5 d5 4s2 b4D   46169.930  0.5 (5D)4p z4D  7.85 -5.27 -7.83MFW  0 0 55-0.489 55 0.000    0   24F2z-3 0     111    0     0
  634.4143 -1.800 25.00   30411.740  0.5 d5 4s2 b4D   46169.930  0.5 (5D)4p z4D  7.85 -5.27 -7.83MFW  0 0 55-0.586 55 0.000    0   24F3z-3 0     111    0     0  
  634.4166 -1.800 25.00   30411.740  0.5 d5 4s2 b4D   46169.930  0.5 (5D)4p z4D  7.85 -5.27 -7.83MFW  0 0 55-1.033 55 0.000    0  -33F2z-2 0     111    0     0
  634.4166 -1.800 25.00   30411.740  0.5 d5 4s2 b4D   46169.930  0.5 (5D)4p z4D  7.85 -5.27 -7.83MFW  0 0 55-0.489 55 0.000    0  -33F3z-2 0     111    0     0

6349
  634.9772 -1.840 25.00   30425.710  1.5 d5 4s2 b4D   46169.930  0.5 (5D)4p z4D  7.85 -5.27 -7.83MFW  0 0 55-1.334 55 0.000    0   24F2z-3 0    1211    0     0
  634.9772 -1.840 25.00   30425.710  1.5 d5 4s2 b4D   46169.930  0.5 (5D)4p z4D  7.85 -5.27 -7.83MFW  0 0 55-0.790 55 0.000    0   24F3z-3 0    1211    0     0
  634.9772 -1.840 25.00   30425.710  1.5 d5 4s2 b4D   46169.930  0.5 (5D)4p z4D  7.85 -5.27 -7.83MFW  0 0 55-0.426 55 0.000    0   24F4z-3 0    1211    0     0
  634.9795 -1.840 25.00   30425.710  1.5 d5 4s2 b4D   46169.930  0.5 (5D)4p z4D  7.85 -5.27 -7.83MFW  0 0 55-0.903 55 0.000    0  -33F1z-2 0    1211    0     0
  634.9795 -1.840 25.00   30425.710  1.5 d5 4s2 b4D   46169.930  0.5 (5D)4p z4D  7.85 -5.27 -7.83MFW  0 0 55-0.790 55 0.000    0  -33F2z-2 0    1211    0     0
  634.9795 -1.840 25.00   30425.710  1.5 d5 4s2 b4D   46169.930  0.5 (5D)4p z4D  7.85 -5.27 -7.83MFW  0 0 55-0.887 55 0.000    0  -33F3z-2 0    1211    0     0

6378
  637.8970 -1.830 25.00   30411.740  0.5 d5 4s2 b4D   46083.890  1.5 (5D)4p z4D  7.85 -5.50 -7.83MFW  0 0 55-0.426 55 0.000    0   30F3z-4 0     111 1200     0
  637.8983 -1.830 25.00   30411.740  0.5 d5 4s2 b4D   46083.890  1.5 (5D)4p z4D  7.85 -5.50 -7.83MFW  0 0 55-0.887 55 0.000    0   -2F2z-3 0     111 1200     0
  637.8983 -1.830 25.00   30411.740  0.5 d5 4s2 b4D   46083.890  1.5 (5D)4p z4D  7.85 -5.50 -7.83MFW  0 0 55-0.790 55 0.000    0   -2F3z-3 0     111 1200     0
  637.8993 -1.830 25.00   30411.740  0.5 d5 4s2 b4D   46083.890  1.5 (5D)4p z4D  7.85 -5.50 -7.83MFW  0 0 55-0.790 55 0.000    0  -26F2z-2 0     111 1200     0
  637.8993 -1.830 25.00   30411.740  0.5 d5 4s2 b4D   46083.890  1.5 (5D)4p z4D  7.85 -5.50 -7.83MFW  0 0 55-1.334 55 0.000    0  -26F3z-2 0     111 1200     0
  637.8999 -1.830 25.00   30411.740  0.5 d5 4s2 b4D   46083.890  1.5 (5D)4p z4D  7.85 -5.50 -7.83MFW  0 0 55-0.903 55 0.000    0  -42F2z-1 0     111 1200     0

6382
  638.2175 -1.800 25.00   30419.610  2.5 d5 4s2 b4D   46083.890  1.5 (5D)4p z4D  7.85 -5.50 -7.83MFW  0 0 55-2.158 55 0.000    0   30F3z-4 0    1380 1200     0
  638.2175 -1.800 25.00   30419.610  2.5 d5 4s2 b4D   46083.890  1.5 (5D)4p z4D  7.85 -5.50 -7.83MFW  0 0 55-1.204 55 0.000    0   30F4z-4 0    1380 1200     0
  638.2175 -1.800 25.00   30419.610  2.5 d5 4s2 b4D   46083.890  1.5 (5D)4p z4D  7.85 -5.50 -7.83MFW  0 0 55-0.515 55 0.000    0   30F5z-4 0    1380 1200     0
  638.2188 -1.800 25.00   30419.610  2.5 d5 4s2 b4D   46083.890  1.5 (5D)4p z4D  7.85 -5.50 -7.83MFW  0 0 55-1.778 55 0.000    0   -2F2z-3 0    1380 1200     0
  638.2188 -1.800 25.00   30419.610  2.5 d5 4s2 b4D   46083.890  1.5 (5D)4p z4D  7.85 -5.50 -7.83MFW  0 0 55-1.058 55 0.000    0   -2F3z-3 0    1380 1200     0
  638.2188 -1.800 25.00   30419.610  2.5 d5 4s2 b4D   46083.890  1.5 (5D)4p z4D  7.85 -5.50 -7.83MFW  0 0 55-0.727 55 0.000    0   -2F4z-3 0    1380 1200     0
  638.2197 -1.800 25.00   30419.610  2.5 d5 4s2 b4D   46083.890  1.5 (5D)4p z4D  7.85 -5.50 -7.83MFW  0 0 55-1.602 55 0.000    0  -26F1z-2 0    1380 1200     0
  638.2197 -1.800 25.00   30419.610  2.5 d5 4s2 b4D   46083.890  1.5 (5D)4p z4D  7.85 -5.50 -7.83MFW  0 0 55-1.079 55 0.000    0  -26F2z-2 0    1380 1200     0
  638.2197 -1.800 25.00   30419.610  2.5 d5 4s2 b4D   46083.890  1.5 (5D)4p z4D  7.85 -5.50 -7.83MFW  0 0 55-1.000 55 0.000    0  -26F3z-2 0    1380 1200     0
  638.2204 -1.800 25.00   30419.610  2.5 d5 4s2 b4D   46083.890  1.5 (5D)4p z4D  7.85 -5.50 -7.83MFW  0 0 55-1.556 55 0.000    0  -42F0z-1 0    1380 1200     0
  638.2204 -1.800 25.00   30419.610  2.5 d5 4s2 b4D   46083.890  1.5 (5D)4p z4D  7.85 -5.50 -7.83MFW  0 0 55-1.234 55 0.000    0  -42F1z-1 0    1380 1200     0
  638.2204 -1.800 25.00   30419.610  2.5 d5 4s2 b4D   46083.890  1.5 (5D)4p z4D  7.85 -5.50 -7.83MFW  0 0 55-1.410 55 0.000    0  -42F2z-1 0    1380 1200     0

6384
  6384.661  25.0  3.772  -2.558
  6384.661  25.0  3.772  -2.081
  6384.674  25.0  3.772  -2.456
  6384.674  25.0  3.772  -2.630
  6384.674  25.0  3.772  -2.558
  6384.684  25.0  3.772  -2.588
  6384.684  25.0  3.772  -4.165
  6384.684  25.0  3.772  -2.456
  6384.690  25.0  3.772  -2.956
  6384.690  25.0  3.772  -2.588

6413
  641.3930 -1.910 25.00   30354.210  3.5 d5 4s2 b4D   45940.930  2.5 (5D)4p z4D  7.85 -4.64 -7.83MFW  0 0 55-2.702 55 0.000    0   37F4z-5 0    1425 1372     0
  641.3930 -1.910 25.00   30354.210  3.5 d5 4s2 b4D   45940.930  2.5 (5D)4p z4D  7.85 -4.64 -7.83MFW  0 0 55-1.485 55 0.000    0   37F5z-5 0    1425 1372     0
  641.3930 -1.910 25.00   30354.210  3.5 d5 4s2 b4D   45940.930  2.5 (5D)4p z4D  7.85 -4.64 -7.83MFW  0 0 55-0.567 55 0.000    0   37F6z-5 0    1425 1372     0
  641.3942 -1.910 25.00   30354.210  3.5 d5 4s2 b4D   45940.930  2.5 (5D)4p z4D  7.85 -4.64 -7.83MFW  0 0 55-2.350 55 0.000    0    7F3z-4 0    1425 1372     0
  641.3942 -1.910 25.00   30354.210  3.5 d5 4s2 b4D   45940.930  2.5 (5D)4p z4D  7.85 -4.64 -7.83MFW  0 0 55-1.309 55 0.000    0    7F4z-4 0    1425 1372     0
  641.3942 -1.910 25.00   30354.210  3.5 d5 4s2 b4D   45940.930  2.5 (5D)4p z4D  7.85 -4.64 -7.83MFW  0 0 55-0.707 55 0.000    0    7F5z-4 0    1425 1372     0
  641.3952 -1.910 25.00   30354.210  3.5 d5 4s2 b4D   45940.930  2.5 (5D)4p z4D  7.85 -4.64 -7.83MFW  0 0 55-2.225 55 0.000    0  -16F2z-3 0    1425 1372     0
  641.3952 -1.910 25.00   30354.210  3.5 d5 4s2 b4D   45940.930  2.5 (5D)4p z4D  7.85 -4.64 -7.83MFW  0 0 55-1.283 55 0.000    0  -16F3z-3 0    1425 1372     0
  641.3952 -1.910 25.00   30354.210  3.5 d5 4s2 b4D   45940.930  2.5 (5D)4p z4D  7.85 -4.64 -7.83MFW  0 0 55-0.865 55 0.000    0  -16F4z-3 0    1425 1372     0
  641.3959 -1.910 25.00   30354.210  3.5 d5 4s2 b4D   45940.930  2.5 (5D)4p z4D  7.85 -4.64 -7.83MFW  0 0 55-2.304 55 0.000    0  -34F1z-2 0    1425 1372     0
  641.3959 -1.910 25.00   30354.210  3.5 d5 4s2 b4D   45940.930  2.5 (5D)4p z4D  7.85 -4.64 -7.83MFW  0 0 55-1.350 55 0.000    0  -34F2z-2 0    1425 1372     0
  641.3959 -1.910 25.00   30354.210  3.5 d5 4s2 b4D   45940.930  2.5 (5D)4p z4D  7.85 -4.64 -7.83MFW  0 0 55-1.049 55 0.000    0  -34F3z-2 0    1425 1372     0
  641.3964 -1.910 25.00   30354.210  3.5 d5 4s2 b4D   45940.930  2.5 (5D)4p z4D  7.85 -4.64 -7.83MFW  0 0 55-1.526 55 0.000    0  -46F1z-1 0    1425 1372     0
  641.3964 -1.910 25.00   30354.210  3.5 d5 4s2 b4D   45940.930  2.5 (5D)4p z4D  7.85 -4.64 -7.83MFW  0 0 55-1.271 55 0.000    0  -46F2z-1 0    1425 1372     0
  641.3967 -1.910 25.00   30354.210  3.5 d5 4s2 b4D   45940.930  2.5 (5D)4p z4D  7.85 -4.64 -7.83MFW  0 0 55-1.556 55 0.000    0  -52F1z-0 0    1425 1372     0

6443
  644.3488 -1.760 25.00   30425.710  1.5 d5 4s2 b4D   45940.930  2.5 (5D)4p z4D  7.85 -4.64 -7.83MFW  0 0 55-0.515 55 0.000    0   37F4z-5 0    1211 1372     0
  644.3500 -1.760 25.00   30425.710  1.5 d5 4s2 b4D   45940.930  2.5 (5D)4p z4D  7.85 -4.64 -7.83MFW  0 0 55-0.727 55 0.000    0    7F3z-4 0    1211 1372     0
  644.3500 -1.760 25.00   30425.710  1.5 d5 4s2 b4D   45940.930  2.5 (5D)4p z4D  7.85 -4.64 -7.83MFW  0 0 55-1.204 55 0.000    0    7F4z-4 0    1211 1372     0
  644.3510 -1.760 25.00   30425.710  1.5 d5 4s2 b4D   45940.930  2.5 (5D)4p z4D  7.85 -4.64 -7.83MFW  0 0 55-1.000 55 0.000    0  -16F2z-3 0    1211 1372     0
  644.3510 -1.760 25.00   30425.710  1.5 d5 4s2 b4D   45940.930  2.5 (5D)4p z4D  7.85 -4.64 -7.83MFW  0 0 55-1.058 55 0.000    0  -16F3z-3 0    1211 1372     0
  644.3510 -1.760 25.00   30425.710  1.5 d5 4s2 b4D   45940.930  2.5 (5D)4p z4D  7.85 -4.64 -7.83MFW  0 0 55-2.158 55 0.000    0  -16F4z-3 0    1211 1372     0
  644.3518 -1.760 25.00   30425.710  1.5 d5 4s2 b4D   45940.930  2.5 (5D)4p z4D  7.85 -4.64 -7.83MFW  0 0 55-1.410 55 0.000    0  -34F1z-2 0    1211 1372     0
  644.3518 -1.760 25.00   30425.710  1.5 d5 4s2 b4D   45940.930  2.5 (5D)4p z4D  7.85 -4.64 -7.83MFW  0 0 55-1.079 55 0.000    0  -34F2z-2 0    1211 1372     0
  644.3518 -1.760 25.00   30425.710  1.5 d5 4s2 b4D   45940.930  2.5 (5D)4p z4D  7.85 -4.64 -7.83MFW  0 0 55-1.778 55 0.000    0  -34F3z-2 0    1211 1372     0
  644.3523 -1.760 25.00   30425.710  1.5 d5 4s2 b4D   45940.930  2.5 (5D)4p z4D  7.85 -4.64 -7.83MFW  0 0 55-1.234 55 0.000    0  -46F1z-1 0    1211 1372     0
  644.3523 -1.760 25.00   30425.710  1.5 d5 4s2 b4D   45940.930  2.5 (5D)4p z4D  7.85 -4.64 -7.83MFW  0 0 55-1.602 55 0.000    0  -46F2z-1 0    1211 1372     0
  644.3525 -1.760 25.00   30425.710  1.5 d5 4s2 b4D   45940.930  2.5 (5D)4p z4D  7.85 -4.64 -7.83MFW  0 0 55-1.556 55 0.000    0  -52F1z-0 0    1211 1372     0

6491
  6491.669  25.0  3.763  -2.641
  6491.669  25.0  3.763  -1.649
  6491.682  25.0  3.763  -2.459
  6491.682  25.0  3.763  -1.820
  6491.682  25.0  3.763  -2.641
  6491.692  25.0  3.763  -2.428
  6491.692  25.0  3.763  -2.005
  6491.692  25.0  3.763  -2.459
  6491.701  25.0  3.763  -2.493
  6491.701  25.0  3.763  -2.197
  6491.701  25.0  3.763  -2.428
  6491.707  25.0  3.763  -2.691
  6491.707  25.0  3.763  -2.372
  6491.707  25.0  3.763  -2.493
  6491.711  25.0  3.763  -2.436
  6491.711  25.0  3.763  -2.691

6519
  6519.355  25.0  3.772  -1.817
  6519.368  25.0  3.772  -1.957
  6519.368  25.0  3.772  -2.735
  6519.378  25.0  3.772  -2.115
  6519.378  25.0  3.772  -2.559
  6519.378  25.0  3.772  -3.952
  6519.387  25.0  3.772  -2.299
  6519.387  25.0  3.772  -2.533
  6519.387  25.0  3.772  -3.600
  6519.393  25.0  3.772  -2.521
  6519.393  25.0  3.772  -2.600
  6519.393  25.0  3.772  -3.475
  6519.398  25.0  3.772  -2.806
  6519.398  25.0  3.772  -2.776
  6519.398  25.0  3.772  -3.554