linelist_Mn5394
  5384.008      58.1     1.796    -3.410
  5384.014 106.00112     2.102    -4.929               3.456
  5384.024      58.1     1.406    -1.390
  5384.029      58.1     1.855    -3.830
  5384.055      23.0     3.267    -2.431
  5384.084 106.00112     1.827    -3.764               3.456
  5384.086 106.00112     2.204    -3.185               3.456
  5384.112 106.00113     1.656    -3.281               3.456
  5384.115      58.0     0.517    -0.918
  5384.121      23.0     2.379    -3.196
  5384.144 106.00113     3.545    -3.225               3.456
  5384.156      64.0     1.349    -0.469
  5384.156      23.0     3.872    -3.880
  5384.162 106.00112     2.519    -3.527               3.456
  5384.162 106.00113     1.537    -3.415               3.456
  5384.168 106.00112     2.102    -3.602               3.456
  5384.169     607.0     0.609    -2.922               7.650
  5384.185 106.00112     1.581    -3.760               3.456
  5384.198     607.0     0.715    -3.333               7.650
  5384.215      26.0     3.654    -4.561
  5384.220 106.00112     2.519    -3.541               3.456
  5384.243      24.1     6.803    -4.166
  5384.266 106.00112     1.827    -3.764               3.456
  5384.271      69.1     3.797    -1.420
  5384.272 106.00113     1.832    -3.272               3.456
  5384.281 106.00113     3.136    -2.944               3.456
  5384.298      25.1     6.493    -2.386
  5384.301     607.0     0.752    -3.013               7.650
  5384.307      58.1     1.544    -2.380
  5384.310 106.00113     1.538    -3.403               3.456
  5384.324 106.00112     2.204    -3.172               3.456
  5384.347 106.00113     1.803    -4.787               3.456
  5384.347 106.00113     1.803    -4.787               3.456
  5384.353    27.1      11.451    -0.470
  5384.375     607.0     1.447    -4.642               7.650
  5384.376 106.00113     3.056    -3.307               3.456
  5384.385     607.0     0.912    -4.608               7.650
  5384.400 106.00113     2.160    -3.200               3.456
  5384.446 106.00113     3.056    -3.295               3.456
  5384.460 106.00112     1.581    -4.951               3.456
  5384.487      27.0     4.504    -3.817
  5384.532     607.0     0.630    -2.913               7.650
  5384.542 106.00112     3.070    -2.944               3.456
  5384.580     607.0     0.630    -3.583               7.650
  5384.591      23.0     2.365    -3.099
  5384.605     607.0     0.875    -3.586               7.650
  5384.630      22.0     0.826    -2.910
  5384.639      58.1     1.339    -3.620
  5384.646 106.00112     1.581    -3.698               3.456
  5384.698 106.00112     1.581    -4.951               3.456
  5384.719 106.00112     1.828    -4.779               3.456
  5384.724 106.00113     2.160    -3.185               3.456
  5384.737     607.0     0.875    -4.992               7.650
  5384.756 106.00112     3.070    -2.957               3.456
  5384.809     607.0     0.516    -4.088               7.650
  5384.829 106.00113     3.136    -2.931               3.456
  5384.864 106.00112     1.828    -4.779               3.456
  5384.864      58.1     1.149    -2.080
  5384.875      58.1     3.807    -2.960
  5384.884 106.00112     1.581    -3.698               3.456
  5384.887      23.1     2.276    -2.702
  5384.898      24.0     3.850    -3.213
  5384.907      69.1     4.481    -2.390
  5384.916 106.00112     3.136    -2.944               3.456
  5384.930 106.00112     1.828    -3.687               3.456
  5384.984     107.0     3.573    -2.819               3.450
  5385.041     607.0     1.521    -3.891               7.650
  5385.075 106.00112     1.828    -3.687               3.456
  5385.090     107.0     3.573    -2.819               3.450
  5385.102     607.0     0.483    -4.438               7.650
  5385.133      23.0     2.608    -0.249
  5385.151      40.0     0.519    -0.710
  5385.160      69.0     2.890    -0.870
  5385.160     607.0     1.521    -2.572               7.650
  5385.171     607.0     0.731    -4.008               7.650
  5385.206 106.00113     3.303    -3.259               3.456
  5385.269     607.0     0.574    -2.793               7.650
  5385.285      24.0     3.845    -2.681
  5385.296 106.00112     3.136    -2.931               3.456
  5385.301     607.0     1.478    -2.416               7.650
  5385.305     607.0     0.574    -3.793               7.650
  5385.375      20.0     5.299    -2.439
  5385.388      64.0     2.110     0.269
  5385.415      21.0     3.083    -3.181
  5385.418      27.0     4.259    -0.820
  5385.447      38.1     6.950    -1.188
  5385.499      23.0     2.379    -2.379
  5385.515      58.1     1.796    -1.780
  5385.547      92.0     1.628    -0.756
  5385.553     607.0     0.528    -3.552               7.650
  5385.574     607.0     0.529    -3.427               7.650
  5385.575      26.0     3.694    -3.100
  5385.580 106.00113     3.384    -3.247               3.456
  5385.591     607.0     0.545    -3.280               7.650
  5385.616      24.0     5.347    -3.458
  5385.630      66.1     0.928    -2.177
  5385.717 106.00113     1.832    -3.294               3.456
  5385.792 106.00112     3.545    -3.236               3.456
  5385.795      23.0     2.295    -3.402
  5385.815 106.00113     3.303    -3.270               3.456
  5385.867 106.00112     3.545    -3.225               3.456
  5385.872      20.0     5.300    -2.812
  5385.882      44.0     1.692    -1.540
  5385.888      60.1     0.742    -0.860
  5385.940 106.00113     1.832    -3.272               3.456
  5386.068      70.1     5.828    -1.830
  5386.073 106.00113     3.221    -3.270               3.456
  5386.076      26.0     5.010    -2.413
  5386.090     607.0     0.593    -4.921               7.650
  5386.097      25.1     6.494    -2.958
  5386.190      92.1     1.908    -0.669
  5386.196     607.0     0.593    -3.691               7.650
  5386.201 106.00113     3.385    -3.258               3.456
  5386.226     607.0     0.558    -3.761               7.650
  5386.257     607.0     0.558    -2.825               7.650
  5386.263     607.0     0.651    -2.791               7.650
  5386.288      21.0     5.324    -3.227
  5386.321      58.0     0.302    -0.432
  5386.326 106.00113     1.657    -3.305               3.456
  5386.329 106.00113     1.657    -3.281               3.456
  5386.333      26.0     4.154    -1.900
  5386.349     607.0     0.651    -4.420               7.650
  5386.356      28.0     3.941    -2.627
  5386.389      26.1     8.259    -2.799
  5386.390      25.1     7.760    -2.697
  5386.396 106.00113     2.086    -3.705               3.456
  5386.419      23.0     3.872    -2.969
  5386.424      58.1     1.327    -3.210
  5386.468      23.1     3.799    -2.671
  5386.468 106.00112     2.205    -3.185               3.456
  5386.500      24.0     4.411    -1.910
  5386.515 106.00112     2.205    -3.172               3.456
  5386.555 106.00113     2.161    -3.200               3.456
  5386.573      58.1     1.696    -2.440
  5386.606      69.1     4.647    -1.900
  5386.611      90.0     0.615    -1.647
  5386.639      40.0     0.633    -2.170
  5386.639 106.00112     3.056    -3.295               3.456
  5386.648 106.00112     3.056    -3.307               3.456
  5386.651 106.00113     2.086    -3.705               3.456
  5386.665 106.00113     3.221    -3.282               3.456
  5386.672     607.0     0.561    -3.170               7.650
  5386.689 106.00113     2.086    -4.848               3.456
  5386.706 106.00113     2.161    -3.185               3.456
  5386.717      70.1     5.868    -1.380
  5386.718 106.00113     1.344    -3.774               3.456
  5386.740      69.0     2.318    -1.590
  5386.773 106.00112     1.656    -3.305               3.456
  5386.773      58.1     1.212    -0.970
  5386.784 106.00113     0.994    -4.232               3.456
  5386.785      24.1     6.487    -2.935
  5386.811 106.00112     1.832    -3.294               3.456
  5386.842      58.1     0.295    -2.020
  5386.851 106.00112     1.656    -3.281               3.456
  5386.876     607.0     0.619    -2.901               7.650
  5386.880 106.00112     1.537    -3.415               3.456
  5386.901 106.00113     2.086    -4.848               3.456
  5386.906 106.00112     1.538    -3.403               3.456
  5386.931      20.0     4.430    -4.792
  5386.959 106.00113     2.368    -3.944               3.456
  5386.960      26.0     3.642    -2.961
  5386.962 106.00113     2.368    -3.931               3.456
  5386.967      24.0     3.369    -0.788
  5387.026      58.1     0.737    -2.720
  5387.063    26.1      10.522     0.500
  5387.078 106.00113     0.994    -4.200               3.456
  5387.089 106.00113     2.086    -3.643               3.456
  5387.095 106.00112     1.832    -3.272               3.456
  5387.102      22.0     3.139    -2.490
  5387.115     607.0     0.875    -3.576               7.650
  5387.153 106.00112     2.160    -3.200               3.456
  5387.162 106.00112     3.303    -3.259               3.456
  5387.167      70.1     7.005    -2.340
  5387.173      24.0     4.419    -2.057
  5387.255      69.1     4.459    -2.990
  5387.262      70.1     6.651    -3.610
  5387.266 106.00113     1.344    -3.774               3.456
  5387.290 106.00113     1.344    -3.725               3.456
  5387.301 106.00113     2.086    -3.643               3.456
  5387.335      58.1     4.029    -1.550
  5387.356 106.00113     3.466    -3.236               3.456
  5387.394 106.00112     2.160    -3.185               3.456
  5387.423 106.00113     1.539    -3.403               3.456
  5387.432 106.00113     2.119    -3.217               3.456
  5387.458 106.00112     3.384    -3.247               3.456
  5387.480    26.0       4.140    -2.034
  5387.496 106.00113     1.539    -3.415               3.456
  5387.562      24.0     3.368    -0.933
  5387.626      23.0     1.931    -1.551
  5387.637      69.1     5.012    -1.900
  5387.652      26.0     4.796    -5.009
  5387.658 106.00112     1.803    -4.787               3.456
  5387.658 106.00112     1.803    -4.787               3.456
  5387.670     607.0     0.520    -4.036               7.650
  5387.719     607.0     0.641    -2.893               7.650
  5387.722      58.1     4.044    -1.660
  5387.763 106.00113     2.119    -3.200               3.456
  5387.768      22.0     2.506    -2.910
  5387.769     607.0     0.641    -3.591               7.650
  5387.772 106.00113     1.344    -3.725               3.456
  5387.779      26.0     4.985    -4.498
  5387.844      24.0     2.987    -4.939
  5387.850 106.00112     3.303    -3.270               3.456
  5387.895     607.0     1.710    -4.020               7.650
  5387.928 106.00112     3.626    -4.076               3.456
  5387.948      24.0     4.447    -3.750
  5387.972      26.0     4.991    -2.670
  5387.992 106.00113     3.466    -3.247               3.456
  5388.007      74.0     2.436    -1.390
  5388.021 106.00113     3.140    -3.282               3.456
  5388.027    26.1      10.451    -0.690
  5388.045      62.0     1.658     0.123
  5388.053      24.1     6.484    -3.011
  5388.081     607.0     0.534    -3.542               7.650
  5388.105     607.0     0.534    -3.370               7.650
  5388.108 106.00112     3.221    -3.270               3.456
  5388.132 106.00113     2.522    -3.527               3.456
  5388.152 106.00113     3.623    -4.086               3.456
  5388.158 106.00112     3.385    -3.258               3.456
  5388.164 106.00113     2.976    -3.320               3.456
  5388.202     607.0     0.773    -3.016               7.650
  5388.225 106.00113     2.976    -3.308               3.456
  5388.257      60.1     1.264    -1.290
  5388.283      23.0     2.565    -0.598
  5388.291      41.0     1.121    -2.150
  5388.300     607.0     0.773    -4.214               7.650
  5388.341      28.0     1.935    -3.560
  5388.382     607.0     0.582    -2.763               7.650
  5388.388      39.0     1.919    -1.410
  5388.420     607.0     0.582    -3.798               7.650
  5388.427     607.0     1.478    -3.537               7.650
  5388.454 106.00113     3.701    -4.067               3.456
  5388.457 106.00113     1.816    -3.838               3.456
  5388.489      73.0     3.567    -0.110
  5388.520     607.0     1.478    -2.409               7.650
  5388.524      23.0     3.299    -2.991
  5388.544      26.1     7.604    -3.068
  5388.544      25.0     3.373    -1.690
  5388.556      23.0     2.578    -4.552
  5388.564 106.00113     1.816    -3.838               3.456
  5388.573      24.1     6.805    -3.008
  5388.602 106.00113     2.522    -3.541               3.456
  5388.605 106.00113     3.140    -3.294               3.456
  5388.614      44.0     0.928    -3.230
  5388.622 106.00112     1.832    -3.294               3.456
  5388.665      42.0     3.881    -0.616
  5388.666 106.00112     3.626    -4.086               3.456
  5388.718 106.00113     3.702    -4.076               3.456
  5388.747 106.00113     3.623    -4.076               3.456
  5388.752     607.0     0.566    -3.767               7.650
  5388.765 106.00112     1.832    -3.272               3.456
  5388.782 106.00112     3.221    -3.282               3.456
  5388.785     607.0     0.566    -2.793               7.650
  5388.801     607.0     1.398    -3.858               7.650
  5388.819     607.0     0.745    -4.016               7.650
  5388.830      28.0     3.796    -3.177
  5388.858 106.00113     0.995    -4.232               3.456
  5388.914     607.0     1.706    -2.302               7.650
  5389.000 106.00113     0.995    -4.200               3.456
  5389.019     607.0     0.551    -3.237               7.650
  5389.034     607.0     1.706    -3.606               7.650
  5389.058      26.1     7.139    -4.689
  5389.061      22.1     7.866    -2.906
  5389.070 106.00112     1.657    -3.281               3.456
  5389.078      69.1     4.938    -1.520
  5389.128      23.0     3.286    -2.792
  5389.130      22.0     3.708    -3.073
  5389.146      24.0     4.778    -2.913
  5389.151      22.0     3.583     0.053
  5389.160 106.00112     3.466    -3.236               3.456
  5389.166 106.00112     1.657    -3.305               3.456
  5389.169 106.00113     3.627    -3.225               3.456
  5389.169      22.0     0.813    -2.140
  5389.183 106.00113     1.817    -4.668               3.456
  5389.214     607.0     1.586    -2.054               7.650
  5389.247      26.0     4.956    -3.235
  5389.261 106.00113     1.817    -4.668               3.456
  5389.301      69.1     4.355    -2.200
  5389.311 106.00112     2.161    -3.200               3.456
  5389.314      27.0     3.252    -4.716
  5389.320     607.0     1.587    -3.828               7.650
  5389.334 106.00113     3.627    -3.215               3.456
  5389.337      72.0     1.114    -2.210
  5389.366 106.00113     2.120    -3.217               3.456
  5389.378 106.00112     2.161    -3.185               3.456
  5389.403      24.0     4.532    -1.021
  5389.430      21.1     4.836    -2.503
  5389.461      58.1     0.812    -3.150
  5389.463     107.0     3.569    -2.853               3.450
  5389.479      26.0     4.415    -0.540
  5389.501      64.0     1.311    -0.244
  5389.526     107.0     3.569    -2.853               3.450
  5389.540 106.00113     2.120    -3.200               3.456
  5389.581      66.1     0.000    -2.467
  5389.581 106.00113     3.138    -2.931               3.456
  5389.587 106.00112     0.994    -4.232               3.456
  5389.613 106.00113     1.817    -3.738               3.456
  5389.633 106.00113     3.138    -2.944               3.456
  5389.645 106.00112     2.086    -3.705               3.456
  5389.657 106.00113     1.793    -3.320               3.456
  5389.692 106.00113     1.817    -3.738               3.456
  5389.709 106.00112     2.368    -3.931               3.456
  5389.721 106.00112     0.994    -4.200               3.456
  5389.748     607.0     0.630    -2.882               7.650
  5389.765      26.0     5.064    -3.648
  5389.809      26.0     4.446    -3.697
  5389.810     607.0     0.651    -4.418               7.650
  5389.811 106.00112     2.368    -3.944               3.456
  5389.840 106.00112     1.344    -3.774               3.456
  5389.845      69.1     3.934    -2.840
  5389.845      70.1     4.264    -0.980
  5389.847      92.0     1.283    -0.883
  5389.860      24.1     6.805    -2.729
  5389.872 106.00112     3.466    -3.247               3.456
  5389.896     607.0     0.651    -2.780               7.650
  5389.901 106.00112     2.086    -3.705               3.456
  5389.904 106.00112     3.308    -4.133               3.456
  5389.922     607.0     1.710    -4.016               7.650
  5389.959      22.1     3.124    -3.835
  5389.976      25.1     7.382    -2.713
  5389.988      22.0     1.873    -1.299
  5390.008 106.00113     1.566    -3.818               3.456
  5390.023 106.00112     1.539    -3.403               3.456
  5390.037 106.00113     1.793    -3.295               3.456
  5390.049 106.00112     3.138    -2.931               3.456
  5390.087      23.0     1.711    -2.475
  5390.101 106.00112     2.086    -4.848               3.456
  5390.106      69.1     4.480    -3.610
  5390.139 106.00112     3.140    -3.282               3.456
  5390.143      58.1     1.079    -3.240
  5390.145      69.1     4.836    -2.490
  5390.185      70.1     6.562    -1.580
  5390.200 106.00113     1.567    -3.818               3.456
  5390.217 106.00112     1.539    -3.415               3.456
  5390.241      23.1     6.457    -3.519
  5390.270 106.00112     2.119    -3.217               3.456
  5390.270 106.00112     3.138    -2.944               3.456
  5390.276 106.00112     2.086    -3.643               3.456
  5390.313 106.00112     2.086    -4.848               3.456
  5390.313 106.00112     3.308    -4.120               3.456
  5390.322 106.00112     1.344    -3.725               3.456
  5390.331      69.1     4.096    -2.620
  5390.345      58.1     1.613    -1.580
  5390.379      24.0     3.369    -1.035
  5390.389 106.00112     1.344    -3.774               3.456
  5390.404 106.00113     1.596    -3.601               3.456
  5390.433      45.0     1.279    -1.600
  5390.460      69.0     2.414    -1.610
  5390.467      90.1     0.831    -2.001
  5390.470      27.0     4.049    -0.563
  5390.476 106.00113     2.080    -3.238               3.456
  5390.488 106.00112     2.086    -3.643               3.456
  5390.499 106.00112     2.976    -3.308               3.456
  5390.515      22.0     3.104    -3.180
  5390.517 106.00112     2.976    -3.320               3.456
  5390.517     607.0     0.561    -4.125               7.650
  5390.520 106.00112     2.119    -3.200               3.456
  5390.523      58.1     0.957    -1.740
  5390.549 106.00113     1.567    -4.861               3.456
  5390.558      37.0     1.589    -2.210
  5390.592     607.0     0.561    -3.162               7.650
  5390.610      25.1     6.536    -4.790
  5390.624 106.00112     3.547    -4.096               3.456
  5390.659     607.0     1.655    -3.306               7.650
  5390.684      22.0     0.848    -3.874
  5390.703 106.00113     1.567    -4.861               3.456
  5390.719     607.0     0.524    -3.998               7.650
  5390.726 106.00112     3.547    -4.086               3.456
  5390.726 106.00113     3.548    -3.225               3.456
  5390.755 106.00112     2.522    -3.527               3.456
  5390.767      27.0     4.049    -0.935
  5390.776      78.0     4.231     0.110
  5390.802 106.00112     3.140    -3.294               3.456
  5390.802     607.0     0.539    -3.536               7.650
  5390.805 106.00112     1.344    -3.725               3.456
  5390.812      39.0     1.948    -1.120
  5390.819 106.00113     2.080    -3.217               3.456
  5390.822      69.1     4.833    -1.070
  5390.827     607.0     0.539    -3.318               7.650
  5390.830     607.0     0.740    -3.333               7.650
  5390.835      58.1     0.464    -3.310
  5390.837      58.1     2.129    -2.230
  5390.895 106.00112     3.627    -3.225               3.456
  5390.912 106.00113     3.059    -3.295               3.456
  5390.947      21.0     1.987    -1.759
  5390.958      58.1     1.775    -3.700
  5390.985 106.00112     3.627    -3.215               3.456
  5390.994 106.00113     1.567    -3.741               3.456
  5391.011      69.1     4.435    -3.650
  5391.040      23.0     1.218    -4.018
  5391.049 106.00113     3.308    -4.133               3.456
  5391.056      22.0     1.879    -1.983
  5391.066 106.00113     3.204    -2.931               3.456
  5391.104      22.0     2.472    -3.109
  5391.107     607.0     0.652    -2.873               7.650
  5391.148 106.00113     1.567    -3.741               3.456
  5391.150      69.1     4.364    -2.010
  5391.156 106.00112     3.056    -4.393               3.456
  5391.159     607.0     0.652    -3.599               7.650
  5391.162 106.00112     3.056    -4.404               3.456
  5391.165      40.0     0.623    -2.430
  5391.185      69.1     4.461    -0.810
  5391.200      22.1     5.567    -1.280
  5391.249      26.0     3.573    -3.499
  5391.249 106.00113     1.794    -3.320               3.456
  5391.254      24.0     4.533    -1.299
  5391.265     607.0     0.773    -3.004               7.650
  5391.273      24.1     6.803    -3.207
  5391.274      26.0     5.012    -4.499
  5391.274     607.0     1.596    -2.861               7.650
  5391.313 106.00112     2.522    -3.541               3.456
  5391.321     607.0     1.908    -3.687               7.650
  5391.339      24.0     3.369    -1.173
  5391.348      72.1     2.211    -1.970
  5391.366 106.00113     3.548    -3.236               3.456
  5391.366      24.0     4.535    -4.300
  5391.430      69.1     4.469    -2.830
  5391.459      26.0     4.154    -0.912
  5391.474     607.0     0.574    -3.774               7.650
  5391.479 106.00113     3.059    -3.307               3.456
  5391.499 106.00113     1.794    -3.295               3.456
  5391.510     607.0     0.574    -2.763               7.650
  5391.534 106.00112     3.204    -2.931               3.456
  5391.593      22.0     0.900    -2.712
  5391.600    56.1       5.722    -0.830
  5391.623      26.0     3.634    -4.267
  5391.634      58.1     3.853    -2.320
  5391.642 106.00113     3.204    -2.918               3.456
  5391.645 106.00112     0.995    -4.200               3.456
  5391.656      29.0     5.506    -0.867
  5391.662 106.00112     0.995    -4.232               3.456
  5391.666     607.0     0.591    -2.735               7.650
  5391.694     607.0     0.936    -4.614               7.650
  5391.706     607.0     0.591    -3.804               7.650
  5391.723 106.00112     1.816    -3.838               3.456
  5391.729     607.0     1.706    -2.292               7.650
  5391.735 106.00113     3.308    -4.120               3.456
  5391.785      26.0     2.692    -4.612
  5391.823      58.0     0.732    -0.604
  5391.831 106.00112     1.816    -3.838               3.456
  5391.872      58.0     0.521    -0.730
  5391.887     607.0     1.586    -3.826               7.650
  5391.921 106.00113     3.694    -2.849               3.456
  5391.930      24.0     4.449    -3.433
  5391.939 106.00112     3.204    -2.918               3.456
  5391.959 106.00113     1.138    -3.821               3.456
  5391.965      69.1     3.186    -0.652
  5391.993     607.0     1.587    -2.045               7.650
  5392.015      26.0     4.796    -2.269
  5392.078      21.0     1.987     0.166
  5392.195     607.0     0.498    -4.446               7.650
  5392.200 106.00113     2.081    -3.238               3.456
  5392.206 106.00112     2.120    -3.217               3.456
  5392.208      69.1     4.940    -2.870
  5392.299 106.00112     2.120    -3.200               3.456
  5392.327      28.0     4.154    -1.320
  5392.360 106.00112     3.694    -2.849               3.456
  5392.366      58.1     4.252    -1.320
  5392.378 106.00113     1.138    -3.786               3.456
  5392.398 106.00113     2.081    -3.217               3.456
  5392.453 106.00112     3.548    -3.225               3.456
  5392.469    47.1      15.718     0.240
  5392.482      26.0     5.033    -3.308
  5392.542     607.0     0.616    -3.688               7.650
  5392.564 106.00112     1.817    -4.668               3.456
  5392.573      90.1     0.514    -2.460
  5392.594     607.0     0.760    -4.024               7.650
  5392.606     607.0     0.558    -3.198               7.650
  5392.615      24.0     4.468    -3.050
  5392.636      58.1     1.694    -2.410
  5392.642 106.00112     1.793    -3.320               3.456
  5392.642 106.00112     1.817    -4.668               3.456
  5392.651 106.00113     1.440    -3.789               3.456
  5392.657 106.00113     2.073    -3.764               3.456
  5392.660 106.00113     2.897    -3.334               3.456
  5392.666 106.00113     3.695    -2.838               3.456
  5392.683      62.0     1.850     0.111
  5392.686      23.1     4.244    -4.834
  5392.705     607.0     1.655    -4.867               7.650
  5392.709 106.00113     2.897    -3.321               3.456
  5392.715      24.1     6.803    -3.047
  5392.741 106.00113     1.610    -3.331               3.456
  5392.759      22.0     2.472    -3.565
  5392.768 106.00113     1.440    -3.770               3.456
  5392.782     107.0     3.558    -2.904               3.450
  5392.805      69.1     4.311    -0.260
  5392.807     607.0     0.641    -2.863               7.650
  5392.813     107.0     3.558    -2.904               3.450
  5392.820      23.0     1.712    -2.982
  5392.826 106.00112     1.817    -3.738               3.456
  5392.829 106.00113     2.073    -3.764               3.456
  5392.830      22.0     3.294    -3.324
  5392.869     607.0     1.655    -3.302               7.650
  5392.890      63.0     1.891    -0.240
  5392.904 106.00112     1.817    -3.738               3.456
  5392.907      23.1     3.803    -3.003
  5392.935      69.1     4.708    -1.320
  5392.939 106.00113     1.611    -3.305               3.456
  5392.948 106.00112     1.793    -3.295               3.456
  5392.980 106.00112     3.695    -2.838               3.456
  5393.053 106.00113     1.138    -3.821               3.456
  5393.093 106.00113     2.073    -4.754               3.456
  5393.095      69.1     3.764    -2.730
  5393.111 106.00112     3.059    -3.295               3.456
  5393.118      58.1     1.027    -2.160
  5393.168    26.0       3.239    -0.715
  5393.170     5.1      21.151    -1.100
  5393.172 106.00112     3.548    -3.236               3.456
  5393.225      20.0     5.018    -2.855
  5393.230 106.00113     2.073    -4.754               3.456
  5393.239 106.00112     1.566    -3.818               3.456
  5393.262      23.0     1.873    -1.894
  5393.277     607.0     0.670    -2.780               7.650
  5393.326      69.1     4.940    -2.770
  5393.328      58.1     3.694    -3.500
  5393.365     607.0     0.670    -4.428               7.650
  5393.373 106.00113     1.138    -3.786               3.456
  5393.377      70.1     6.127    -0.640
  5393.390 106.00112     2.080    -3.238               3.456
  5393.392      58.1     1.103    -0.040
  5393.431 106.00112     1.567    -3.818               3.456
  5393.448      58.1     0.740    -2.650
  5393.492 106.00113     2.073    -3.688               3.456
  5393.494      26.0     4.796    -5.080
  5393.498 106.00113     2.044    -3.262               3.456
  5393.517     607.0     0.740    -3.325               7.650
  5393.536      26.1     5.571    -4.128
  5393.542     607.0     1.596    -4.318               7.650
  5393.544 106.00113     2.438    -3.556               3.456
  5393.571 106.00113     2.438    -3.542               3.456
  5393.629 106.00113     2.073    -3.688               3.456
  5393.648      64.1     1.425    -1.510
  5393.661 106.00112     2.080    -3.217               3.456
  5393.686     607.0     1.596    -2.856               7.650
  5393.706     607.0     0.545    -3.533               7.650
  5393.733     607.0     0.545    -3.271               7.650
  5393.739      27.0     4.058    -0.326
  5393.757 106.00112     3.059    -3.307               3.456
  5393.763     607.0     1.547    -2.570               7.650
  5393.802     607.0     0.578    -3.156               7.650
  5393.826      15.0     7.381    -2.300
  5393.830      23.0     0.267    -4.531
  5393.840    26.1      10.451    -0.250
  5393.847      23.1     3.759    -2.310
  5393.850 106.00113     2.044    -3.238               3.456
  5393.914      26.0     3.047    -4.959
  5393.937 106.00112     1.567    -4.861               3.456
  5393.952      23.0     3.131    -4.048
  5393.968     607.0     0.528    -3.969               7.650
  5394.057 106.00113     3.626    -4.076               3.456
  5394.058      58.1     0.969    -3.670
  5394.059 106.00113     2.050    -4.739               3.456
  5394.059 106.00113     2.050    -4.739               3.456
  5394.091 106.00112     1.567    -4.861               3.456
  5394.103      70.1     6.189    -2.070
  5394.128     607.0     0.904    -3.578               7.650
  5394.158      22.0     2.334    -3.252
  5394.158 106.00112     1.567    -3.741               3.456
  5394.237 106.00112     1.794    -3.320               3.456
  5394.242      24.0     2.983    -3.944
  5394.261     607.0     0.904    -4.998               7.650
  5394.304      22.0     3.294    -2.519
  5394.307 106.00113     2.371    -3.931               3.456
  5394.313 106.00112     1.567    -3.741               3.456
  5394.321 106.00113     3.626    -4.086               3.456
  5394.346      26.0     4.835    -2.232
  5394.348 106.00112     3.310    -4.120               3.456
  5394.364     607.0     0.582    -3.781               7.650
  5394.401     607.0     0.582    -2.735               7.650
  5394.412 106.00112     1.794    -3.295               3.456
  5394.420      23.0     2.359    -2.642
  5394.458     607.0     1.834    -2.970               7.650
  5394.464 106.00113     3.056    -4.404               3.456
  5394.476      62.1     1.167    -1.319
  5394.506      42.0     2.595    -1.288
  5394.511     607.0     1.499    -2.405               7.650
  5394.551      23.0     1.853    -3.727
  5394.586 106.00112     3.310    -4.133               3.456
  5394.601      24.1     7.387    -4.896
  5394.618 106.00113     2.979    -3.308               3.456
  5394.626      25.0     0.000    -4.070
  5394.653     607.0     0.664    -2.855               7.650
  5394.657      25.0     0.000    -4.988
  5394.661      25.0     0.000    -4.210
  5394.680      26.0     4.186    -1.750
  5394.684      25.0     0.000    -6.205
  5394.687      25.0     0.000    -4.812
  5394.690      25.0     0.000    -4.368
  5394.707     607.0     0.664    -3.608               7.650
  5394.709      25.0     0.000    -5.853
  5394.712      25.0     0.000    -4.786
  5394.714      25.0     0.000    -4.552
  5394.714      22.1     5.423    -3.106
  5394.728      25.0     0.000    -5.728
  5394.730      25.0     0.000    -4.853
  5394.731      25.0     0.000    -4.774
  5394.741      25.0     0.000    -5.807
  5394.742      25.0     0.000    -5.029
  5394.743      25.0     0.000    -5.059
  5394.761      90.0     0.479    -2.248
  5394.790      24.1     7.774    -4.262
  5394.799 106.00113     2.371    -3.944               3.456
  5394.799      24.1     6.487    -3.180
  5394.814      24.0     4.402    -1.385
  5394.828      26.0     4.988    -2.956
  5394.863      69.1     3.506    -2.340
  5394.867      58.0     1.173     0.293
  5394.889 106.00113     1.611    -3.331               3.456
  5394.898 106.00113     3.056    -4.393               3.456
  5394.930 106.00113     1.611    -3.305               3.456
  5394.940      22.0     3.154    -3.074
  5395.003 106.00112     1.138    -3.821               3.456
  5395.014 106.00113     2.044    -3.262               3.456
  5395.067 106.00112     2.897    -3.321               3.456
  5395.096 106.00112     2.897    -3.334               3.456
  5395.116 106.00112     2.081    -3.238               3.456
  5395.139     607.0     0.600    -2.708               7.650
  5395.139 106.00113     1.758    -3.348               3.456
  5395.154      25.1     9.007    -4.316
  5395.160      58.1     0.587    -3.540
  5395.169 106.00113     2.979    -3.320               3.456
  5395.181     607.0     0.600    -3.810               7.650
  5395.186      58.1     1.666    -1.340
  5395.218      26.0     4.445    -2.300
  5395.238 106.00113     2.044    -3.238               3.456
  5395.241 106.00112     1.440    -3.770               3.456
  5395.241 106.00112     2.081    -3.217               3.456
  5395.252      58.0     0.028    -1.035
  5395.259 106.00113     1.541    -4.882               3.456
  5395.259 106.00113     1.541    -4.882               3.456
  5395.276 106.00112     1.440    -3.789               3.456
  5395.300 106.00112     1.138    -3.786               3.456
  5395.306      24.0     4.389    -3.589
  5395.308      46.0     4.942     0.150
  5395.399     607.0     0.795    -3.007               7.650
  5395.454     607.0     0.616    -4.927               7.650
  5395.500     607.0     0.795    -4.221               7.650
  5395.535 106.00113     1.758    -3.320               3.456
  5395.562     607.0     0.616    -3.682               7.650
  5395.573      23.1     3.803    -2.905
  5395.576      66.0     0.000    -1.728
  5395.591      69.1     4.834    -2.640
  5395.614      24.1     6.805    -2.916
  5395.626      24.1     3.858    -4.382
  5395.629      23.0     3.224    -1.324
  5395.652 106.00113     1.808    -3.955               3.456
  5395.666      26.0     4.988    -4.922
  5395.681 106.00112     1.610    -3.331               3.456
  5395.704 106.00113     1.808    -3.955               3.456
  5395.706      58.0     0.499    -0.667
  5395.728 106.00112     1.596    -3.601               3.456
  5395.733 106.00113     3.310    -4.133               3.456
  5395.742      70.1     5.633    -0.940
  5395.745      58.1     3.855    -3.370
  5395.759      22.0     3.727    -2.290
  5395.771 106.00113     3.310    -4.120               3.456
  5395.786 106.00112     1.611    -3.305               3.456
  5395.818 106.00113     3.547    -4.096               3.456
  5395.844      41.0     0.620    -2.280
  5395.855    26.1      10.600     0.280
  5395.888 106.00113     3.630    -3.215               3.456
  5395.891      40.0     2.211    -0.860
  5395.898      68.1     2.519    -0.590
  5395.969 106.00112     2.073    -3.764               3.456
  5395.972      73.0     1.147    -1.930
  5396.042     607.0     0.652    -2.845               7.650
  5396.098 106.00112     1.138    -3.821               3.456
  5396.141 106.00112     2.073    -3.764               3.456
  5396.153 106.00112     3.550    -4.086               3.456
  5396.226      22.1     1.584    -2.510
  5396.232      26.1     8.248    -2.557
  5396.274      69.1     4.041    -3.180
  5396.287 106.00112     2.438    -3.542               3.456
  5396.296 106.00112     1.138    -3.786               3.456
  5396.331      41.0     1.043    -1.950
  5396.348 106.00112     2.438    -3.556               3.456
  5396.353     607.0     1.547    -3.896               7.650
  5396.357     607.0     0.566    -3.161               7.650
  5396.371 106.00113     3.708    -3.214               3.456
  5396.386 106.00113     3.547    -4.086               3.456
  5396.427 106.00113     3.206    -2.918               3.456
  5396.453 106.00113     2.010    -3.290               3.456
  5396.465      25.1     6.668    -3.464
  5396.475     607.0     1.547    -2.565               7.650
  5396.485 106.00112     2.044    -3.262               3.456
  5396.491 106.00113     3.207    -2.931               3.456
  5396.526 106.00113     1.758    -3.348               3.456
  5396.540 106.00112     2.073    -4.754               3.456
  5396.543 106.00113     3.630    -3.225               3.456
  5396.555 106.00113     3.708    -3.204               3.456
  5396.558      22.1     2.598    -1.770
  5396.568     607.0     0.776    -4.032               7.650
  5396.578      69.1     1.087    -3.290
  5396.593      22.0     0.000    -3.651
  5396.611      22.0     0.021    -4.052
  5396.615      70.1     7.166    -2.970
  5396.628     607.0     0.904    -3.569               7.650
  5396.677 106.00112     2.073    -4.754               3.456
  5396.679      58.1     2.799    -1.070
  5396.724 106.00112     3.206    -2.918               3.456
  5396.750 106.00112     2.073    -3.688               3.456
  5396.767 106.00112     2.044    -3.238               3.456
  5396.776 106.00113     3.696    -2.838               3.456
  5396.791 106.00113     1.483    -3.431               3.456
  5396.792     607.0     0.551    -3.532               7.650
  5396.805 106.00113     1.758    -3.320               3.456
  5396.806     607.0     0.670    -4.425               7.650
  5396.814 106.00113     1.809    -4.527               3.456
  5396.821     607.0     0.551    -3.228               7.650
  5396.829 106.00113     2.010    -3.262               3.456
  5396.846 106.00113     1.809    -4.527               3.456
  5396.856      24.0     4.535    -3.451
  5396.878 106.00112     3.550    -4.096               3.456
  5396.887 106.00112     2.073    -3.688               3.456
  5396.890      24.1     4.476    -4.081
  5396.894     607.0     0.670    -2.769               7.650
  5396.898      26.0     3.017    -4.094
  5396.899 106.00112     2.979    -3.308               3.456
  5396.913 106.00113     1.442    -3.770               3.456
  5396.951 106.00113     3.696    -2.849               3.456
  5396.957 106.00113     1.483    -3.416               3.456
  5396.960 106.00112     3.207    -2.931               3.456
  5396.976      22.0     3.718    -2.498
  5396.985      58.1     3.696    -2.420
  5397.052      69.1     4.924    -1.970
  5397.058      42.0     3.399    -1.657
  5397.062 106.00112     2.371    -3.931               3.456
  5397.063      22.0     1.879    -0.987
  5397.068 106.00113     1.442    -3.789               3.456
  5397.091 106.00112     3.696    -2.838               3.456
  5397.128    26.0       0.914    -1.993
  5397.199      26.0     4.446    -1.292
  5397.207      58.1     4.158    -2.640
  5397.248      23.0     2.678    -2.385
  5397.283 106.00113     1.809    -3.800               3.456
  5397.315 106.00113     1.809    -3.800               3.456
  5397.368      42.0     2.836    -1.423
  5397.391 106.00112     3.696    -2.849               3.456
  5397.394     607.0     0.534    -3.949               7.650
  5397.438     607.0     0.591    -3.788               7.650
  5397.473 106.00112     2.050    -4.739               3.456
  5397.473 106.00112     2.050    -4.739               3.456
  5397.478     607.0     0.591    -2.708               7.650
  5397.528 106.00112     2.979    -3.320               3.456
  5397.529     607.0     1.476    -4.647               7.650
  5397.542     607.0     0.578    -4.133               7.650
  5397.543 106.00112     3.630    -3.215               3.456
  5397.569      73.0     2.136    -1.530
  5397.618      26.0     3.634    -2.610
  5397.620     607.0     0.578    -3.149               7.650
  5397.633     607.0     1.499    -3.544               7.650
  5397.636      58.0     0.274    -0.161
  5397.639 106.00112     3.059    -4.393               3.456
  5397.659 106.00112     2.371    -3.944               3.456
  5397.659      21.1     7.136    -3.783
  5397.708      24.0     4.440    -3.536
  5397.725      58.1     1.412    -1.980
  5397.729     607.0     1.499    -2.399               7.650
  5397.749 106.00113     2.818    -3.347               3.456
  5397.773 106.00113     2.010    -3.290               3.456
  5397.779 106.00112     1.611    -3.305               3.456
  5397.785      23.0     3.877    -4.067
  5397.790 106.00113     2.818    -3.334               3.456
  5397.831 106.00112     1.611    -3.331               3.456
  5397.866      23.0     2.555    -0.795
  5397.909      26.0     5.086    -2.120
  5397.939    26.1      10.523    -0.740
  5397.951      74.0     2.387    -1.590
  5397.953      69.1     4.443    -2.170
  5397.993      58.0     0.926    -0.517
  5398.003 106.00112     2.044    -3.262               3.456
  5398.026 106.00112     3.708    -3.214               3.456
  5398.029 106.00113     2.010    -3.262               3.456
  5398.046      69.1     3.797    -2.080
  5398.084     607.0     1.418    -3.866               7.650
  5398.134 106.00112     3.708    -3.204               3.456
  5398.152      21.1     8.356    -3.391
  5398.152      21.1     8.356    -4.422
  5398.158 106.00112     2.044    -3.238               3.456
  5398.201 106.00112     1.758    -3.348               3.456
  5398.274 106.00112     3.630    -3.225               3.456
  5398.279      26.0     4.445    -0.800
  5398.283 106.00112     3.059    -4.404               3.456
  5398.321 106.00113     1.323    -3.818               3.456
  5398.346      26.0     5.348    -4.791
  5398.348     607.0     1.731    -2.294               7.650
  5398.354     607.0     0.677    -2.837               7.650
  5398.410     607.0     0.677    -3.616               7.650
  5398.420     607.0     0.795    -2.995               7.650
  5398.490      23.0     3.245    -1.266
  5398.508      58.1     1.212    -1.260
  5398.516     607.0     1.610    -2.045               7.650
  5398.528 106.00112     1.758    -3.320               3.456
  5398.554      58.1     1.748    -2.030
  5398.612 106.00112     1.541    -4.882               3.456
  5398.612 106.00112     1.541    -4.882               3.456
  5398.615      14.0     5.614    -3.490
  5398.625     607.0     1.610    -3.834               7.650
  5398.640     607.0     1.444    -4.222               7.650
  5398.650 106.00113     3.484    -3.223               3.456
  5398.721      42.0     2.934    -1.972
  5398.738 106.00113     1.323    -3.818               3.456
  5398.741     607.0     0.609    -2.683               7.650
  5398.746      24.0     3.850    -4.574
  5398.785     607.0     0.609    -3.817               7.650
  5398.812      26.0     5.010    -3.089
  5398.831 106.00113     1.555    -3.892               3.456
  5398.845      14.0     5.614    -2.902
  5398.886 106.00113     2.063    -3.841               3.456
  5398.901      90.0     1.091    -1.343
  5398.907      23.0     0.287    -4.100
  5398.945 106.00113     1.555    -3.892               3.456
  5398.977 106.00112     1.808    -3.955               3.456
  5398.988 106.00113     2.063    -3.841               3.456
  5398.994 106.00113     1.323    -3.763               3.456
  5399.003      22.1     7.832    -4.547
  5399.012 106.00113     2.900    -3.321               3.456
  5399.012     107.0     3.593    -2.716               3.450
  5399.029 106.00112     1.808    -3.955               3.456
  5399.056      58.0     0.646    -0.608
  5399.099      60.1     0.933    -1.419
  5399.123 106.00113     3.484    -3.211               3.456
  5399.163 106.00113     3.274    -2.918               3.456
  5399.171     107.0     3.593    -2.716               3.450
  5399.214      58.1     2.373    -3.140
  5399.215     607.0     0.961    -4.620               7.650
  5399.315 106.00113     1.978    -3.322               3.456
  5399.324      21.0     0.000    -4.038
  5399.328      69.1     4.692    -3.470
  5399.356 106.00113     1.324    -3.763               3.456
  5399.391 106.00112     1.442    -3.770               3.456
  5399.438     607.0     0.664    -2.828               7.650
  5399.461 106.00112     3.274    -2.918               3.456
  5399.472     607.0     0.513    -4.454               7.650
  5399.499      25.0     3.853    -0.287
  5399.510 106.00112     2.010    -3.290               3.456
  5399.517      26.1     8.185    -3.844
  5399.534 106.00113     2.063    -4.649               3.456
  5399.545 106.00113     2.900    -3.334               3.456
  5399.560      58.0     0.911    -0.561
  5399.562      26.1    10.523    -0.750
  5399.589 106.00112     1.758    -3.348               3.456
  5399.594      58.0     0.398    -0.853
  5399.607 106.00113     2.063    -4.649               3.456
  5399.624      25.0     4.273    -4.494
  5399.630 106.00113     1.555    -4.743               3.456
  5399.642 106.00112     1.483    -3.431               3.456
  5399.653      25.0     4.273    -4.294
  5399.667      22.0     3.108    -2.639
  5399.688 106.00112     1.483    -3.416               3.456
  5399.697 106.00112     1.442    -3.789               3.456
  5399.709 106.00113     1.978    -3.291               3.456
  5399.714 106.00113     1.555    -4.743               3.456
  5399.716      70.1     5.517    -0.670
  5399.758      27.0     4.209    -0.379
  5399.770 106.00113     3.274    -2.906               3.456
  5399.799 106.00112     1.758    -3.320               3.456
  5399.817 106.00113     1.484    -3.416               3.456
  5399.819 106.00112     2.010    -3.262               3.456
  5399.834      58.1     1.355    -2.970
  5399.857 106.00113     1.484    -3.431               3.456
  5399.859      69.1     4.736    -1.220
  5399.889 106.00112     3.274    -2.906               3.456
  5399.897      20.0     5.181    -1.620
  5399.936      66.1     0.538    -2.420
  5399.944      70.1     7.211    -2.120
  5399.946      58.1     2.373    -1.910
  5399.948 106.00113     2.063    -3.741               3.456
  5399.948      21.0     3.189    -3.603
  5399.989 106.00113     2.441    -3.542               3.456
  5400.021 106.00113     2.063    -3.741               3.456
  5400.043      22.0     3.148    -3.502
  5400.060     607.0     0.558    -3.533               7.650
  5400.074      26.0     4.415    -2.933
  5400.076      23.0     3.215    -1.564
  5400.082 106.00113     1.555    -3.791               3.456
  5400.091     607.0     0.558    -3.188               7.650
  5400.104    47.1      15.705     1.020
  5400.167 106.00113     1.555    -3.791               3.456
  5400.222 106.00112     1.809    -4.527               3.456
  5400.231 106.00112     2.818    -3.334               3.456
  5400.254 106.00112     1.809    -4.527               3.456
  5400.262     607.0     0.574    -3.128               7.650
  5400.266 106.00112     2.818    -3.347               3.456
  5400.283      26.1     8.266    -4.381
  5400.295      69.1     4.778    -2.840
  5400.321 106.00113     1.724    -3.381               3.456
  5400.333      23.0     2.295    -4.905
  5400.380     607.0     0.766    -3.325               7.650
  5400.400      26.0     4.956    -2.545
  5400.406      24.0     3.422    -4.193
  5400.417     607.0     0.690    -2.769               7.650
  5400.418      24.1     4.497    -3.349
  5400.444 106.00113     2.441    -3.556               3.456
  5400.447 106.00113     1.978    -3.322               3.456
  5400.447      69.1     2.983    -0.780
  5400.459      42.0     2.598    -1.404
  5400.501      26.0     4.371    -0.290
  5400.508     607.0     0.690    -4.435               7.650
  5400.560 106.00112     1.809    -3.800               3.456
  5400.562    10.0      16.671    -2.400
  5400.593 106.00112     1.809    -3.800               3.456
  5400.596      24.0     3.375    -0.470
  5400.600      69.0     2.338    -1.650
  5400.655      26.0     3.635    -2.748
  5400.675      28.0     5.004    -3.068
  5400.697     607.0     0.600    -3.797               7.650
  5400.721 106.00112     3.471    -4.105               3.456
  5400.727     607.0     0.792    -4.040               7.650
  5400.735 106.00113     1.978    -3.291               3.456
  5400.739     607.0     0.600    -2.683               7.650
  5400.744 106.00113     1.724    -3.349               3.456
  5400.752     107.0     3.588    -2.803               3.450
  5400.772      24.0     3.845    -3.455
  5400.782      69.1     4.988    -2.060
  5400.785      23.0     3.226    -2.634
  5400.802      22.0     3.334    -3.216
  5400.803 106.00112     3.471    -4.095               3.456
  5400.832 106.00112     2.010    -3.290               3.456
  5400.851      26.0     4.956    -4.436
  5400.858     107.0     3.588    -2.803               3.450
  5400.905      92.0     1.276    -0.604
  5400.946      92.1     0.670    -2.092
  5400.967      58.1     3.734    -1.970
  5401.021 106.00112     2.010    -3.262               3.456
  5401.023     607.0     0.539    -3.934               7.650
  5401.109     607.0     0.596    -3.143               7.650
  5401.183     607.0     1.610    -3.832               7.650
  5401.185 106.00113     1.568    -3.360               3.456
  5401.202      58.0     0.850    -0.321
  5401.206      58.0     0.460    -0.706
  5401.252      21.0     4.606    -3.272
  5401.262      20.0     5.321    -2.484
  5401.264      58.1     2.799    -0.550
  5401.267      26.0     4.320    -2.050
  5401.274      26.0     5.106    -4.612
  5401.292     607.0     1.610    -2.036               7.650
  5401.352      24.0     2.983    -4.215
  5401.375 106.00112     2.900    -3.321               3.456
  5401.379      22.0     0.818    -2.888
  5401.380      69.1     4.940    -1.490
  5401.389 106.00113     3.059    -4.393               3.456
  5401.398      44.0     1.698    -1.720
  5401.404 106.00113     1.568    -3.331               3.456
  5401.427 106.00113     1.802    -4.017               3.456
  5401.427 106.00113     1.802    -4.017               3.456
  5401.498      28.0     5.019    -3.787
  5401.512 106.00113     1.725    -3.381               3.456
  5401.520      26.0     4.103    -3.744
  5401.544 106.00112     1.323    -3.818               3.456
  5401.593 106.00113     3.059    -4.404               3.456
  5401.700      24.0     4.616    -2.195
  5401.733      69.1     2.185    -3.020
  5401.784      58.1     2.145    -1.770
  5401.820      69.1     4.847    -0.880
  5401.824 106.00113     3.550    -4.086               3.456
  5401.827 106.00113     1.725    -3.349               3.456
  5401.833      23.0     2.684    -2.431
  5401.926      23.0     2.359     0.007
  5401.954      20.0     5.300    -4.025
  5401.961 106.00112     1.323    -3.818               3.456
  5401.986      20.0     5.045    -3.108
  5401.987 106.00112     2.900    -3.334               3.456
  5401.990      27.0     4.240    -0.264
  5402.008      23.1     6.496    -1.628
  5402.043      65.1     0.641    -1.476
  5402.046 106.00112     3.484    -3.223               3.456
  5402.049 106.00113     1.949    -3.360               3.456
  5402.058    26.1      10.562     0.470
  5402.070      26.0     4.913    -2.348
  5402.084 106.00113     3.550    -4.096               3.456
  5402.098      58.1     2.473    -2.280
  5402.122      25.0     5.396    -1.662
  5402.130 106.00112     1.323    -3.763               3.456
  5402.133 106.00112     1.555    -3.892               3.456
  5402.161     607.0     0.640    -3.679               7.650
  5402.199      26.1     9.905    -4.942
  5402.208      20.0     4.680    -2.290
  5402.218      27.0     3.409    -2.835
  5402.244     607.0     0.690    -2.819               7.650
  5402.247 106.00112     1.555    -3.892               3.456
  5402.249      20.0     5.390    -3.920
  5402.259 106.00112     2.063    -3.841               3.456
  5402.303     607.0     0.690    -3.625               7.650
  5402.361 106.00112     2.063    -3.841               3.456
  5402.434 106.00112     1.978    -3.322               3.456
  5402.469 106.00113     1.949    -3.323               3.456
  5402.492 106.00112     1.324    -3.763               3.456
  5402.525      73.0     0.000    -2.040
  5402.532     607.0     0.619    -2.659               7.650
  5402.542      26.0     5.086    -2.781
  5402.551 106.00112     1.484    -3.416               3.456
  5402.551 106.00112     3.484    -3.211               3.456
  5402.559      58.0     0.684    -0.756
  5402.566      71.0     0.000    -1.500
  5402.578     607.0     0.619    -3.825               7.650
  5402.580      25.0     2.920    -3.033
  5402.697      70.1     6.877    -1.760
  5402.703      22.0     0.818    -4.492
  5402.711 106.00112     2.441    -3.542               3.456
  5402.711 106.00112     1.484    -3.431               3.456
  5402.717      21.0     0.000    -3.530
  5402.767      63.0     1.639     0.210
  5402.770 106.00112     1.978    -3.291               3.456
  5402.774      39.1     1.839    -0.510
  5402.775     607.0     0.818    -2.998               7.650
  5402.842      58.1     1.456    -2.110
  5402.879     607.0     0.818    -4.228               7.650
  5402.893    26.1      10.560    -0.590
  5403.003      24.1     8.617    -4.208
  5403.003 106.00113     1.949    -3.360               3.456
  5403.004      23.0     1.942    -4.572
  5403.012 106.00112     2.063    -4.649               3.456
  5403.030     607.0     0.677    -2.811               7.650
  5403.040      26.0     4.985    -4.557
  5403.047     607.0     0.767    -3.317               7.650
  5403.056 106.00112     1.555    -4.743               3.456
  5403.074 106.00113     3.711    -3.204               3.456
  5403.085 106.00112     2.063    -4.649               3.456
  5403.097 106.00113     1.569    -3.360               3.456
  5403.132    47.1      15.706     0.930
  5403.141 106.00112     1.555    -4.743               3.456
  5403.170 106.00113     1.569    -3.331               3.456
  5403.187      92.1     0.718    -2.227
  5403.245      26.0     5.086    -3.308
  5403.255 106.00112     2.441    -3.556               3.456
  5403.269 106.00112     2.063    -3.741               3.456
  5403.280      20.0     4.681    -1.939
  5403.325 106.00112     1.555    -3.791               3.456
  5403.331 106.00113     2.741    -3.362               3.456
  5403.331 106.00113     1.949    -3.323               3.456
  5403.342 106.00112     2.063    -3.741               3.456
  5403.350      26.0     5.106    -1.512
  5403.368 106.00113     2.741    -3.348               3.456
  5403.409 106.00112     1.555    -3.791               3.456
  5403.444      76.0     4.506    -0.200
  5403.453 106.00112     1.724    -3.381               3.456
  5403.509      73.0     1.874    -2.090
  5403.516     607.0     0.566    -3.535               7.650
  5403.550     607.0     0.566    -3.152               7.650
  5403.567 106.00112     1.978    -3.322               3.456
  5403.593 106.00113     2.282    -3.945               3.456
  5403.593 106.00113     2.282    -3.959               3.456
  5403.686      42.0     3.925    -0.611
  5403.699      62.0     0.185    -0.775
  5403.704      14.0     5.616    -2.969
  5403.710      69.1     3.328    -1.160
  5403.722 106.00113     3.486    -3.211               3.456
  5403.736 106.00113     3.711    -3.214               3.456
  5403.798 106.00112     1.978    -3.291               3.456
  5403.798      28.0     5.494    -3.551
  5403.812 106.00112     1.724    -3.349               3.456
  5403.822    26.0       4.073    -1.034
  5403.837     607.0     0.932    -3.571               7.650
  5403.903     607.0     1.520    -2.395               7.650
  5403.935      14.0     5.616    -3.302
  5403.985 106.00113     2.821    -3.334               3.456
  5403.994     607.0     0.690    -4.433               7.650
  5404.013      22.0     2.334    -0.810
  5404.015     607.0     1.749    -4.015               7.650
  5404.046 106.00113     3.486    -3.223               3.456
  5404.085     607.0     0.690    -2.758               7.650
  5404.090      21.1     4.850    -2.180
  5404.099      23.0     2.374    -3.418
  5404.115     607.0     0.609    -3.805               7.650
  5404.117      26.0     4.313     0.117
  5404.152    26.0       4.431     0.523
  5404.159     607.0     0.609    -2.660               7.650
  5404.195      66.0     0.513    -1.354
  5404.218 106.00112     1.568    -3.360               3.456
  5404.309 106.00113     1.803    -4.341               3.456
  5404.309 106.00113     1.803    -4.341               3.456
  5404.351     607.0     0.582    -3.096               7.650
  5404.352      58.0     0.889    -0.186
  5404.353 106.00112     1.568    -3.331               3.456
  5404.458      72.0     2.454    -1.210
  5404.484      58.1     0.621    -3.360
  5404.505 106.00113     2.821    -3.347               3.456
  5404.549      26.0     4.733    -1.665
  5404.563 106.00113     3.276    -2.906               3.456
  5404.576     607.0     1.627    -2.854               7.650
  5404.579      58.1     1.042    -3.490
  5404.622 106.00113     1.922    -3.403               3.456
  5404.633 106.00113     3.276    -2.918               3.456
  5404.645 106.00112     1.725    -3.381               3.456
  5404.657 106.00112     3.711    -3.204               3.456
  5404.665      14.0     5.614    -2.662
  5404.671      22.1     7.866    -3.591
  5404.683 106.00112     3.276    -2.906               3.456
  5404.718      45.0     3.649     0.200
  5404.784      69.1     5.104    -1.890
  5404.803      59.1     1.050    -1.128
  5404.806 106.00112     1.802    -4.017               3.456
  5404.806 106.00112     1.802    -4.017               3.456
  5404.814     607.0     0.596    -4.141               7.650
  5404.826     607.0     0.545    -3.923               7.650
  5404.885 106.00113     1.803    -3.885               3.456
  5404.885 106.00113     1.803    -3.885               3.456
  5404.894     607.0     0.596    -3.136               7.650
  5404.896 106.00112     1.725    -3.349               3.456
  5404.917      73.0     2.136    -1.290
  5404.931 106.00112     3.276    -2.918               3.456
  5404.964 106.00113     2.055    -3.962               3.456
  5404.991      24.0     3.375    -0.989