linelist_Mn5537
  5527.013 106.00113     3.308    -3.877               3.456
  5527.026      26.0     5.033    -5.035
  5527.050      70.1     7.003    -2.000
  5527.066      26.0     3.071    -5.096
  5527.114     607.0     1.277    -3.494               7.650
  5527.185      58.0     0.493    -0.781
  5527.188      27.0     4.209    -0.874
  5527.242 106.00112     0.951    -4.071               3.456
  5527.294 106.00112     0.951    -4.035               3.456
  5527.313 106.00113     3.384    -4.089               3.456
  5527.326      58.1     1.828    -1.900
  5527.405      23.1     8.983    -1.500
  5527.432 106.00113     2.937    -3.322               3.456
  5527.466 106.00113     3.001    -3.322               3.456
  5527.547      39.0     1.398     0.400
  5527.562      58.1     1.962    -1.380
  5527.577     607.0     1.052    -3.741               7.650
  5527.579 106.00113     2.937    -3.337               3.456
  5527.597 106.00113     3.308    -3.864               3.456
  5527.597      22.0     2.427    -1.473
  5527.618      23.0     0.000    -4.000
  5527.656     607.0     1.261    -4.604               7.650
  5527.704      23.0     3.299    -2.350
  5527.713 106.00113     3.385    -4.099               3.456
  5527.747 106.00112     1.596    -3.769               3.456
  5527.761     607.0     1.261    -4.617               7.650
  5527.765 106.00113     1.537    -3.798               3.456
  5527.810      92.1     1.552    -0.942
  5527.863 106.00113     3.001    -3.307               3.456
  5527.863 106.00113     1.538    -3.783               3.456
  5527.936      58.1     3.750    -2.930
  5527.960      26.0     5.070    -2.302
  5527.976 106.00112     1.596    -3.781               3.456
  5527.997 106.00112     3.308    -3.877               3.456
  5528.000     607.0     0.875    -2.336               7.650
  5528.010      66.0     1.569    -0.760
  5528.050     607.0     0.876    -3.527               7.650
  5528.106      69.1     4.706    -1.720
  5528.178      25.1     6.906    -4.914
  5528.214     607.0     0.776    -4.021               7.650
  5528.226      69.1     3.855    -2.850
  5528.230      23.1     5.480    -2.604
  5528.269      69.1     3.379    -1.540
  5528.312      58.1     2.167    -2.250
  5528.324      58.1     3.411    -2.520
  5528.330      60.1     0.823    -1.310
  5528.333       6.0     8.640    -4.330
  5528.341     607.0     1.062    -2.551               7.650
  5528.348      69.0     2.780    -0.013
  5528.358      73.0     0.491    -3.080
  5528.362     607.0     0.948    -2.503               7.650
  5528.365      24.0     3.551    -3.377
  5528.405    12.0       4.346    -0.498
  5528.419 106.00112     3.308    -3.864               3.456
  5528.424     607.0     0.948    -3.326               7.650
  5528.435      40.0     2.266    -0.200
  5528.633      25.0     4.345    -2.051
  5528.673       6.0     8.848    -3.640
  5528.682      24.0     5.529    -1.266
  5528.701      22.0     3.441    -1.663
  5528.738     607.0     0.820    -3.234               7.650
  5528.775     607.0     0.820    -2.818               7.650
  5528.794      26.0     4.835    -3.711
  5528.823 106.00113     3.346    -4.087               3.456
  5528.892     607.0     0.934    -2.495               7.650
  5528.898      26.0     4.473    -2.150
  5528.899      69.1     4.440    -2.350
  5528.982 106.00113     3.345    -4.076               3.456
  5529.052    26.1      10.523    -0.260
  5529.057      24.0     5.793    -1.198
  5529.069      60.0     0.140    -1.083
  5529.077      70.1     6.257    -0.490
  5529.129 106.00113     2.475    -3.526               3.456
  5529.160      26.0     3.642    -2.860
  5529.165 106.00113     2.475    -4.417               3.456
  5529.204      58.1     0.902    -2.850
  5529.278      42.0     3.904    -1.248
  5529.381     607.0     1.177    -2.877               7.650
  5529.385      22.0     3.724    -3.121
  5529.424      26.0     4.966    -4.664
  5529.441      24.0     5.504    -4.061
  5529.496      26.0     5.064    -3.051
  5529.529      23.1     9.031    -1.150
  5529.546     607.0     0.865    -3.508               7.650
  5529.568      24.0     2.544    -4.156
  5529.594     607.0     0.865    -2.337               7.650
  5529.600      24.0     5.529    -2.030
  5529.627 106.00112     2.667    -4.449               3.456
  5529.696      58.1     1.694    -3.740
  5529.721      20.0     5.049    -4.217
  5529.722      23.1     8.995    -3.363
  5529.753       6.0     8.643    -2.930
  5529.786      20.0     6.013    -4.334
  5529.790      26.0     2.858    -4.793
  5529.809      24.0     4.855    -4.223
  5529.872      57.0     1.235    -1.050
  5529.914      70.1     5.985    -0.640
  5529.932      26.1     6.729    -1.813
  5529.985      22.1     1.582    -3.600
  5530.092      24.1     6.487    -3.417
  5530.132      23.1     5.468    -1.618
  5530.147     607.0     0.836    -2.766               7.650
  5530.149      69.1     5.012    -0.650
  5530.178 106.00112     2.474    -3.526               3.456
  5530.211 106.00112     2.667    -4.462               3.456
  5530.249     607.0     0.860    -2.696               7.650
  5530.270     607.0     1.230    -4.184               7.650
  5530.337    26.1      10.545    -0.650
  5530.358 106.00112     2.937    -3.322               3.456
  5530.377     607.0     0.798    -3.612               7.650
  5530.392 106.00112     3.001    -3.322               3.456
  5530.413 106.00112     2.474    -4.417               3.456
  5530.440      22.0     3.351    -0.302
  5530.474      58.1     1.645    -2.160
  5530.486     607.0     0.956    -2.324               7.650
  5530.543      26.1     6.729    -4.299
  5530.560 106.00112     2.937    -3.337               3.456
  5530.576      21.1     8.399    -3.486
  5530.582     607.0     0.956    -4.002               7.650
  5530.637      21.1     8.399    -3.821
  5530.661      58.1     3.325    -1.460
  5530.661      24.0     3.890    -3.737
  5530.666      20.0     5.181    -4.210
  5530.689      69.1     4.940    -1.400
  5530.725 106.00112     1.647    -4.077               3.456
  5530.738 106.00112     3.001    -3.307               3.456
  5530.770    27.0       1.710    -2.060
  5530.790 106.00112     1.647    -4.096               3.456
  5530.847      20.0     5.490    -4.613
  5530.915      23.0     3.933    -4.194
  5530.933 106.00112     3.274    -4.098               3.456
  5531.007      44.0     2.595    -1.450
  5531.145 106.00113     1.539    -3.783               3.456
  5531.198      42.0     3.156    -1.760
  5531.265      92.0     0.975    -1.263
  5531.279 106.00113     1.539    -3.798               3.456
  5531.307      21.0     3.172    -2.074
  5531.359 106.00113     2.667    -4.449               3.456
  5531.380      74.0     2.246    -1.760
  5531.396 106.00112     3.274    -4.087               3.456
  5531.487     607.0     1.114    -3.239               7.650
  5531.521      24.1     6.487    -3.052
  5531.536 106.00113     2.667    -4.462               3.456
  5531.624      42.0     3.390    -1.670
  5531.660      26.0     4.209    -4.963
  5531.682     607.0     1.246    -4.617               7.650
  5531.686 106.00112     1.537    -3.798               3.456
  5531.724      42.0     2.523    -2.411
  5531.729 106.00112     1.538    -3.783               3.456
  5531.784     607.0     1.246    -4.630               7.650
  5531.815      23.1     2.372    -2.926
  5531.836      25.0     5.349    -3.119
  5531.839 106.00113     3.310    -3.864               3.456
  5531.937 106.00113     3.310    -3.877               3.456
  5531.939     607.0     0.795    -4.566               7.650
  5531.956      27.0     4.572    -3.978
  5531.981      26.0     4.913    -1.740
  5531.985      22.0     3.691    -3.331
  5531.988      58.1     3.267    -1.860
  5532.032      58.1     1.696    -1.290
  5532.086    26.1      10.523    -0.100
  5532.090      21.0     3.083    -3.349
  5532.118      70.1     5.572    -2.650
  5532.120      26.0     2.845    -4.620
  5532.188     607.0     1.069    -3.748               7.650
  5532.210 106.00113     1.649    -4.077               3.456
  5532.256      40.0     0.651    -2.370
  5532.265      26.0     5.070    -2.221
  5532.272      58.1     0.175    -2.680
  5532.326     607.0     0.886    -2.315               7.650
  5532.378     607.0     0.886    -3.535               7.650
  5532.386      22.0     3.590    -3.922
  5532.407      26.0     5.012    -3.710
  5532.528 106.00113     0.910    -4.110               3.456
  5532.531 106.00113     1.649    -4.096               3.456
  5532.566      39.0     2.406    -1.440
  5532.583      22.0     2.154    -2.912
  5532.632 106.00113     2.519    -4.414               3.456
  5532.663 106.00112     3.310    -3.864               3.456
  5532.697      75.0     2.700    -1.000
  5532.729     607.0     0.828    -3.238               7.650
  5532.747      26.0     3.573    -2.280
  5532.749 106.00113     3.003    -3.307               3.456
  5532.766      20.0     5.390    -3.418
  5532.767     607.0     0.828    -2.786               7.650
  5532.767 106.00112     2.475    -3.526               3.456
  5532.773 106.00112     2.475    -4.417               3.456
  5532.806     607.0     0.961    -2.487               7.650
  5532.845     607.0     1.039    -2.632               7.650
  5532.859 106.00113     0.910    -4.072               3.456
  5532.864      26.1     6.730    -2.720
  5532.866      26.0     4.446    -1.652
  5532.870     607.0     0.961    -3.335               7.650
  5532.899 106.00113     2.519    -4.466               3.456
  5532.917 106.00113     3.003    -3.322               3.456
  5532.923 106.00112     3.310    -3.877               3.456
  5532.973     607.0     1.039    -4.534               7.650
  5533.024      27.0     4.240    -1.314
  5533.031      42.0     1.335    -0.069
  5533.040     607.0     0.948    -2.479               7.650
  5533.127      70.1     7.005    -1.530
  5533.135      15.0     7.404    -2.500
  5533.140      69.1     1.087    -3.790
  5533.161     607.0     1.085    -2.554               7.650
  5533.165      20.0     4.769    -0.960
  5533.180      25.0     4.345    -1.306
  5533.182      70.1     6.014    -3.670
  5533.187      24.0     4.411    -1.867
  5533.249      26.0     5.033    -2.860
  5533.269      63.0     1.618    -1.000
  5533.271     607.0     1.085    -3.793               7.650
  5533.303      23.0     3.933    -3.387
  5533.361 106.00113     3.068    -3.306               3.456
  5533.373      64.0     0.865    -1.297
  5533.382      60.1     1.160    -1.330
  5533.395      58.1     0.977    -3.370
  5533.416      24.0     5.529    -2.402
  5533.486      58.1     0.709    -2.390
  5533.524     607.0     0.875    -3.517               7.650
  5533.545       6.0     8.848    -3.130
  5533.550      58.1     1.709    -1.980
  5533.566       6.0     8.643    -3.880
  5533.574      58.1     1.582    -2.140
  5533.574     607.0     0.876    -2.315               7.650
  5533.590     107.0     3.491    -4.535               3.450
  5533.602      58.1     3.058    -2.850
  5533.625     607.0     0.956    -3.999               7.650
  5533.634      21.1     7.143    -2.005
  5533.646      23.1     8.991    -1.067
  5533.647     607.0     0.962    -3.583               7.650
  5533.670     607.0     1.114    -3.233               7.650
  5533.680      23.0     2.638    -3.426
  5533.716      69.1     3.934    -2.350
  5533.722     607.0     0.956    -2.314               7.650
  5533.729 106.00113     3.274    -4.098               3.456
  5533.781 106.00113     3.068    -3.292               3.456
  5533.787      60.0     0.293    -0.280
  5533.818      23.0     2.374    -0.668
  5533.820      60.1     0.559    -1.230
  5533.832      69.1     5.151    -0.830
  5533.875     607.0     0.912    -2.985               7.650
  5534.045     607.0     0.860    -3.708               7.650
  5534.055      58.1     0.559    -2.740
  5534.124      23.1     8.995    -1.222
  5534.131     607.0     0.860    -2.689               7.650
  5534.139 106.00113     0.709    -4.565               3.456
  5534.159      58.1     1.925    -2.570
  5534.192      24.0     4.446    -3.305
  5534.194 106.00113     0.911    -4.110               3.456
  5534.249      26.0     5.064    -4.239
  5534.250      20.0     5.299    -1.995
  5534.259       6.0     8.640    -3.552
  5534.314      26.0     4.991    -3.074
  5534.390 106.00113     0.911    -4.072               3.456
  5534.415      24.1     8.215    -2.235
  5534.482 106.00113     0.709    -4.565               3.456
  5534.516      26.0     4.435    -3.060
  5534.556 106.00113     1.483    -3.818               3.456
  5534.569      24.0     5.789    -1.287
  5534.599 106.00112     2.874    -4.181               3.456
  5534.602 106.00113     3.274    -4.087               3.456
  5534.629 106.00112     2.874    -4.194               3.456
  5534.636       6.0     8.851    -3.280
  5534.645      21.0     5.557    -2.694
  5534.659      26.0     3.640    -2.712
  5534.666 106.00113     1.483    -3.801               3.456
  5534.673       6.0     8.647    -3.690
  5534.674     107.0     3.491    -4.535               3.450
  5534.690      58.1     1.274    -3.260
  5534.735     607.0     0.805    -3.608               7.650
  5534.752     607.0     0.845    -2.738               7.650
  5534.764      21.0     5.385    -3.369
  5534.774      58.1     3.550    -3.570
  5534.775      20.0     5.300    -2.460
  5534.780      26.0     4.186    -3.912
  5534.794    38.0       2.271    -0.283
  5534.807      22.0     0.900    -4.092
  5534.817       6.0     8.643    -2.740
  5534.847      26.1     3.245    -2.865
  5534.856      23.0     4.087    -4.133
  5534.881      23.1     8.995    -1.502
  5534.894    26.1      10.545    -0.440
  5534.916      26.0     4.186    -4.585
  5534.942       6.0     8.851    -3.870
  5535.015 106.00112     1.539    -3.783               3.456
  5535.025      23.0     3.224    -3.359
  5535.031      45.0     3.703     0.330
  5535.077 106.00113     0.709    -4.498               3.456
  5535.166      59.1     0.922    -0.495
  5535.169      25.1     6.573    -4.220
  5535.196     607.0     1.039    -4.532               7.650
  5535.205 106.00112     1.539    -3.798               3.456
  5535.242      58.0     0.384    -0.274
  5535.300      66.0     1.781    -1.830
  5535.315      60.1     1.410    -0.830
  5535.325     607.0     1.039    -2.624               7.650
  5535.346      23.0     0.017    -3.610
  5535.360     7.1      25.507     0.398
  5535.368 106.00113     0.709    -4.498               3.456
  5535.379      24.0     3.892    -4.279
  5535.413      26.0     3.252    -4.970
  5535.418    26.0       4.183    -1.158
  5535.433      58.1     4.105    -2.410
  5535.448 106.00113     2.520    -4.414               3.456
  5535.466 106.00113     2.520    -4.466               3.456
  5535.481    56.0       0.000     0.215
  5535.587      26.0     5.012    -2.719
  5535.619      25.0     5.112    -3.185
  5535.628 106.00112     3.003    -3.307               3.456
  5535.632     607.0     1.231    -4.630               7.650
  5535.656      57.1     1.252    -1.137
  5535.733     607.0     1.231    -4.643               7.650
  5535.766      58.1     0.601    -2.350
  5535.777      92.1     0.285    -2.836
  5535.849 106.00112     3.003    -3.322               3.456
  5535.858      26.0     5.086    -4.453
  5535.867      22.0     3.727    -3.890
  5536.005 106.00112     1.649    -4.077               3.456
  5536.061      26.0     5.012    -3.946
  5536.085     607.0     1.388    -4.698               7.650
  5536.155      69.1     4.684    -2.730
  5536.171 106.00113     2.874    -4.194               3.456
  5536.201     607.0     0.792    -4.029               7.650
  5536.240     607.0     1.085    -2.543               7.650
  5536.242 106.00112     3.068    -3.306               3.456
  5536.245 106.00112     2.519    -4.414               3.456
  5536.252      58.1     1.838    -2.620
  5536.284     607.0     0.962    -3.578               7.650
  5536.288      25.0     3.373    -4.843
  5536.351      22.0     2.662    -2.158
  5536.410 106.00112     1.649    -4.096               3.456
  5536.425 106.00112     3.276    -4.087               3.456
  5536.445      26.0     4.796    -3.637
  5536.456      21.0     2.296    -1.598
  5536.456      25.0     5.542    -0.462
  5536.478 106.00112     2.519    -4.466               3.456
  5536.497      24.0     4.447    -1.509
  5536.499 106.00112     0.910    -4.110               3.456
  5536.533 106.00113     2.874    -4.181               3.456
  5536.580      26.0     2.831    -3.940
  5536.606 106.00112     3.068    -3.292               3.456
  5536.674 106.00112     3.276    -4.098               3.456
  5536.689      69.1     4.860    -1.380
  5536.711      58.1     1.212    -2.390
  5536.741 106.00112     0.910    -4.072               3.456
  5536.818     607.0     0.912    -4.248               7.650
  5536.827     607.0     0.898    -2.295               7.650
  5536.882     607.0     0.898    -3.543               7.650
  5536.904     607.0     0.836    -3.244               7.650
  5536.936     607.0     0.912    -2.979               7.650
  5536.946     607.0     0.836    -2.756               7.650
  5536.997      22.0     3.179    -2.361
  5537.060      62.1     1.670    -0.926
  5537.098      28.0     3.847    -2.200
  5537.099     607.0     1.086    -3.756               7.650
  5537.118      69.1     4.443    -2.280
  5537.130      90.1     1.141    -2.486
  5537.141     607.0     1.311    -3.495               7.650
  5537.144      22.0     3.166    -3.873
  5537.223     607.0     1.206    -2.879               7.650
  5537.233      20.0     5.321    -1.690
  5537.269      69.1     4.254    -2.010
  5537.309      58.1     2.179    -0.670
  5537.365     607.0     1.206    -4.316               7.650
  5537.369     607.0     0.961    -2.464               7.650
  5537.414     607.0     0.975    -2.471               7.650
  5537.429      20.0     6.016    -3.241
  5537.431      40.0     2.160    -0.540
  5537.481     607.0     0.975    -3.343               7.650
  5537.496      23.1     4.020    -3.745
  5537.538      58.0     0.384    -0.708
  5537.669     607.0     0.886    -3.525               7.650
  5537.674 106.00113     1.484    -3.801               3.456
  5537.694      25.0     2.187    -2.920
  5537.713      25.0     2.187    -2.807
  5537.720      58.1     2.470    -2.670
  5537.721     607.0     0.886    -2.295               7.650
  5537.732      74.0     2.387    -1.620
  5537.736      42.0     2.595    -2.492
  5537.736      26.0     4.103    -4.250
  5537.740      25.0     2.187    -3.351
  5537.742      25.0     2.187    -2.904
  5537.767      60.1     0.205    -1.853
  5537.769      25.0     2.187    -2.807
  5537.781 106.00113     1.484    -3.818               3.456
  5537.807      25.0     2.187    -2.443
  5537.844      58.1     3.328    -2.680
  5537.853      22.0     2.677    -2.028
  5537.871      26.0     3.274    -4.574
  5537.899      26.1     7.703    -3.005
  5537.919      23.0     3.283    -0.901
  5537.963      58.1     1.676    -2.690
  5538.017      72.0     2.695    -0.590
  5538.032      24.0     3.000    -4.365
  5538.038      69.1     1.111    -3.360
  5538.055      26.0     4.988    -2.509
  5538.119      21.0     3.083    -1.386
  5538.168 106.00112     0.911    -4.110               3.456
  5538.216      58.1     1.140    -2.080
  5538.240      24.0     3.551    -2.438
  5538.247 106.00112     0.709    -4.565               3.456
  5538.275 106.00112     0.911    -4.072               3.456
  5538.278      72.0     1.306    -1.900
  5538.283     607.0     0.878    -2.684               7.650
  5538.343      64.1     1.288    -1.593
  5538.373      59.0     1.083     0.189
  5538.385      69.1     3.855    -1.850
  5538.445     607.0     0.976    -2.313               7.650
  5538.516      26.0     4.218    -3.374
  5538.522      92.1     1.125    -1.848
  5538.539 106.00112     1.483    -3.818               3.456
  5538.544     607.0     0.976    -4.009               7.650
  5538.568     607.0     1.255    -4.190               7.650
  5538.591 106.00112     0.709    -4.565               3.456
  5538.597 106.00112     1.483    -3.801               3.456
  5538.652      27.0     4.110    -2.955
  5538.726      58.1     3.914    -2.990
  5538.751 106.00113     3.070    -3.292               3.456
  5538.781      23.1     8.983    -1.805
  5538.932 106.00113     3.070    -3.306               3.456
  5538.946      24.0     3.369    -4.208
  5538.978 106.00113     2.566    -4.464               3.456
  5538.980      26.0     4.796    -4.454
  5538.987      58.1     1.966    -1.080
  5539.027      69.1     3.247    -0.617
  5539.040      58.1     3.335    -2.810
  5539.048 106.00112     2.520    -4.466               3.456
  5539.064 106.00112     2.520    -4.414               3.456
  5539.091      25.0     3.133    -3.993
  5539.091 106.00112     0.709    -4.498               3.456
  5539.109     607.0     1.706    -3.949               7.650
  5539.216      26.1     8.307    -3.087
  5539.220      60.1     0.745    -1.448
  5539.245 106.00113     2.566    -4.452               3.456
  5539.262      90.0     1.216    -0.925
  5539.274     607.0     0.812    -3.606               7.650
  5539.280      26.0     3.642    -2.790
  5539.352      21.0     5.559    -3.696
  5539.383 106.00112     0.709    -4.498               3.456
  5539.402      42.0     2.070    -2.022
  5539.426     607.0     1.311    -3.488               7.650
  5539.458      70.1     6.660    -2.180
  5539.475 106.00113     3.276    -4.098               3.456
  5539.478      74.0     2.602    -1.650
  5539.508     607.0     1.217    -4.643               7.650
  5539.538     607.0     0.855    -2.712               7.650
  5539.547      22.0     3.716    -3.054
  5539.569      69.1     3.936    -3.090
  5539.604     607.0     1.217    -4.656               7.650
  5539.638 106.00113     3.276    -4.087               3.456
  5539.684      24.0     5.791    -3.477
  5539.771     607.0     1.206    -2.871               7.650
  5539.789      22.0     2.695    -1.875
  5539.817      26.0     4.294    -2.660
  5539.819      23.0     3.273    -2.965
  5539.825       6.0     8.851    -3.000
  5539.910       6.0     8.640    -3.310
  5539.911      90.1     1.188    -1.673
  5540.039      70.1     5.341    -2.000
  5540.049 106.00113     3.136    -3.291               3.456
  5540.051    38.0       2.259    -0.406
  5540.066      22.0     3.112    -4.101
  5540.147 106.00112     3.300    -4.110               3.456
  5540.153 106.00113     1.576    -4.116               3.456
  5540.184 106.00112     3.300    -4.099               3.456
  5540.184 106.00113     1.576    -4.097               3.456
  5540.184      69.1     4.096    -1.000
  5540.208      58.1     1.482    -2.210
  5540.215 106.00112     2.876    -4.181               3.456
  5540.316      21.1     8.399    -3.138
  5540.372      58.1     1.319    -3.590
  5540.451      23.0     3.226    -1.704
  5540.478      26.1     5.257    -4.672
  5540.494 106.00113     3.136    -3.277               3.456
  5540.537      58.0     1.030    -0.167
  5540.635      70.1     5.073    -2.880
  5540.637      69.1     3.384    -1.530
  5540.648 106.00113     1.430    -3.841               3.456
  5540.669      44.0     1.513    -2.230
  5540.701      24.0     4.449    -1.435
  5540.711      22.0     3.458    -2.564
  5540.743      69.1     5.188    -2.170
  5540.751       6.0     8.643    -2.376
  5540.777 106.00113     1.430    -3.821               3.456
  5540.810 106.00112     2.877    -4.194               3.456
  5540.815      22.0     3.215    -3.159
  5540.846      58.1     1.676    -2.430
  5540.970      26.0     4.796    -4.549
  5541.062      21.0     1.954    -0.818
  5541.062      23.0     1.893    -3.677
  5541.164      22.0     3.709    -3.636
  5541.228      27.0     2.874    -3.739
  5541.237      57.0     1.139    -0.590
  5541.273     607.0     0.845    -3.250               7.650
  5541.289     607.0     1.108    -2.545               7.650
  5541.316     607.0     0.846    -2.728               7.650
  5541.322      28.0     5.019    -3.538
  5541.401     607.0     1.108    -3.799               7.650
  5541.471      41.0     1.269    -2.140
  5541.508 106.00113     3.300    -4.110               3.456
  5541.520     607.0     0.976    -4.007               7.650
  5541.537     607.0     0.910    -2.275               7.650
  5541.543      28.0     3.833    -3.123
  5541.581 106.00112     3.070    -3.292               3.456
  5541.582      20.0     6.018    -3.861
  5541.594      26.0     3.301    -4.218
  5541.594     607.0     0.910    -3.551               7.650
  5541.609 106.00112     1.484    -3.801               3.456
  5541.619     607.0     0.976    -2.303               7.650
  5541.630      39.0     1.948    -0.720
  5541.637      24.0     3.551    -2.895
  5541.641      42.0     3.212    -1.581
  5541.665      24.0     4.402    -1.716
  5541.769 106.00112     1.484    -3.818               3.456
  5541.781      26.1     5.257    -4.406
  5541.818 106.00112     3.070    -3.306               3.456
  5541.861      23.0     1.853    -3.524
  5541.873 106.00113     3.300    -4.099               3.456
  5541.888     607.0     0.975    -2.450               7.650
  5541.917      22.0     3.709    -3.553
  5541.947      25.0     4.332    -3.948
  5541.950      26.1     5.956    -4.133
  5542.017     607.0     0.878    -3.716               7.650
  5542.018 106.00113     2.567    -4.452               3.456
  5542.018      21.1     7.136    -2.837
  5542.018      58.1     1.404    -1.760
  5542.021 106.00113     2.567    -4.464               3.456
  5542.022     607.0     0.898    -3.534               7.650
  5542.077     607.0     0.898    -2.275               7.650
  5542.105     607.0     0.878    -2.677               7.650
  5542.114     607.0     1.104    -3.764               7.650
  5542.139      24.0     3.368    -4.326
  5542.150      25.0     4.320    -3.637
  5542.153 106.00113     2.876    -4.181               3.456
  5542.196      66.0     2.506     0.006
  5542.213      69.1     3.860    -2.630
  5542.243     607.0     0.990    -2.457               7.650
  5542.313     607.0     0.990    -3.352               7.650
  5542.355 106.00113     2.877    -4.194               3.456
  5542.362      25.0     4.320    -4.100
  5542.376     607.0     0.818    -4.572               7.650
  5542.378      14.0     4.930    -3.808
  5542.448      23.0     2.115    -3.974
  5542.488      24.1     6.869    -2.172
  5542.515      23.1     9.031    -1.067
  5542.531      63.0     2.150    -0.330
  5542.564 106.00112     2.566    -4.464               3.456
  5542.571      58.1     1.092    -3.060
  5542.609      22.0     3.439    -3.762
  5542.649      22.0     2.175    -4.584
  5542.718      23.0     0.017    -4.352
  5542.725      58.0     0.699    -0.766
  5542.773      21.1     7.143    -2.713
  5542.775      69.1     4.324    -2.740
  5542.798 106.00112     2.566    -4.452               3.456
  5542.841 106.00113     0.872    -4.152               3.456
  5542.844      46.0     4.584     0.240
  5542.869      58.0     1.055    -0.476
  5542.872 106.00113     3.372    -3.864               3.456
  5542.881 106.00112     3.136    -3.291               3.456
  5542.890      90.0     1.305    -1.258
  5542.932      69.1     4.531    -3.550
  5542.935      22.0     3.090    -1.800
  5542.979      23.0     2.374    -1.032
  5543.030      26.0     4.191    -4.100
  5543.046      26.0     3.695    -3.871
  5543.105      58.1     1.279    -2.850
  5543.113      42.0     2.597    -1.387
  5543.147      26.0     3.695    -1.700
  5543.189      26.0     4.913    -2.543
  5543.191 106.00112     3.204    -4.110               3.456
  5543.212    47.1      15.811    -0.160
  5543.216 106.00113     0.872    -4.111               3.456
  5543.245      60.0     1.091     0.300
  5543.258     607.0     1.066    -2.624               7.650
  5543.271 106.00112     3.136    -3.277               3.456
  5543.283      59.1     0.648    -1.590
  5543.284      23.1     5.468    -2.886
  5543.303     607.0     1.203    -4.656               7.650
  5543.307      24.0     5.787    -1.622
  5543.311      23.1     9.011    -2.502
  5543.348      38.0     2.690    -0.530
  5543.390     607.0     1.066    -4.540               7.650
  5543.397     607.0     1.203    -4.670               7.650
  5543.483      28.0     4.236    -2.512
  5543.496 106.00113     3.372    -3.851               3.456
  5543.511      23.1     8.991    -1.265
  5543.514 106.00113     1.432    -3.821               3.456
  5543.576      22.0     0.826    -4.697
  5543.580      26.0     4.835    -5.047
  5543.585 106.00113     1.432    -3.841               3.456
  5543.628 106.00112     3.204    -4.098               3.456
  5543.661      58.1     1.626    -2.320
  5543.699 106.00112     3.372    -3.864               3.456
  5543.722      58.1     1.212    -1.410
  5543.755      26.1     5.237    -4.071
  5543.756      69.1     4.899    -2.940
  5543.806       6.0     8.647    -2.380
  5543.807     607.0     1.146    -3.233               7.650
  5543.936      26.0     4.217    -1.270
  5543.940      58.1     3.038    -1.730
  5543.955      26.1     5.571    -3.127
  5543.957      70.1     6.562    -1.470
  5544.000      58.1     1.212    -2.680
  5544.020      24.0     3.375    -4.335
  5544.027     607.0     0.820    -3.606               7.650
  5544.031      42.0     3.983    -0.479
  5544.074 106.00112     1.576    -4.097               3.456
  5544.096      26.0     4.733    -3.757
  5544.126 106.00112     1.576    -4.116               3.456
  5544.154 106.00112     3.372    -3.851               3.456
  5544.180      70.1     5.168    -3.110
  5544.195     107.0     3.544    -4.498               3.450
  5544.201    26.1      10.623    -0.230
  5544.250      82.1     9.581     0.450
  5544.267      27.0     3.530    -2.232
  5544.270 106.00113     0.873    -4.152               3.456
  5544.288      70.1     7.251    -2.170
  5544.345     607.0     1.108    -2.534               7.650
  5544.378     607.0     0.936    -2.977               7.650
  5544.386     607.0     0.808    -4.037               7.650
  5544.459      58.1     1.613    -3.250
  5544.466      24.0     5.793    -2.086
  5544.482      42.0     3.395    -0.844
  5544.496     607.0     0.865    -2.687               7.650
  5544.505      39.0     1.900    -0.440
  5544.526 106.00113     0.873    -4.111               3.456
  5544.593      45.0     3.703     0.180
  5544.611      39.1     1.738    -1.090
  5544.625      58.0     0.516    -0.844
  5544.686 106.00112     1.430    -3.841               3.456
  5544.758    26.1      10.522     0.140
  5544.769 106.00112     1.430    -3.821               3.456
  5544.774      26.1     5.569    -4.297
  5544.807      92.1     0.569    -2.314
  5544.815      27.0     4.572    -3.081
  5544.864      23.0     1.051    -2.420
  5544.892      57.0     1.205    -0.970
  5544.915      26.1     6.724    -4.109
  5544.995      64.1     1.314    -1.620
  5545.005      59.1     0.922    -0.844
  5545.050       6.0     8.640    -2.376
  5545.061       6.0     8.647    -3.900
  5545.172      73.0     1.595    -2.390
  5545.175 106.00113     1.578    -4.097               3.456
  5545.255      27.0     4.232    -1.456
  5545.356      40.0     2.211    -0.430
  5545.381      20.0     5.821    -4.603
  5545.439     107.0     3.544    -4.498               3.450
  5545.470 106.00113     1.578    -4.116               3.456
  5545.525 106.00113     3.138    -3.277               3.456
  5545.574 106.00112     2.567    -4.452               3.456
  5545.596 106.00113     3.204    -4.110               3.456
  5545.611 106.00112     2.567    -4.464               3.456
  5545.624 106.00113     2.615    -4.450               3.456
  5545.630     607.0     1.066    -4.538               7.650
  5545.703      26.0     5.070    -3.021
  5545.714      58.1     2.108    -2.070
  5545.716 106.00113     3.138    -3.291               3.456
  5545.762     607.0     1.066    -2.617               7.650
  5545.796      23.0     3.286    -2.425
  5545.831     607.0     0.855    -3.257               7.650
  5545.872      69.1     4.110    -3.490
  5545.875      26.1     7.706    -4.140
  5545.877     607.0     0.855    -2.702               7.650
  5545.894 106.00113     2.615    -4.427               3.456
  5545.919      23.0     1.064    -1.860
  5545.934      27.0     4.113    -0.601
  5545.981     607.0     1.146    -3.226               7.650
  5546.000     607.0     0.991    -3.576               7.650
  5546.008 106.00113     1.381    -3.868               3.456
  5546.009      39.1     1.748    -1.100
  5546.051      69.1     5.004    -0.610
  5546.070      23.1     6.796    -3.449
  5546.137      24.0     3.369    -4.454
  5546.152      58.1     1.796    -1.970
  5546.162 106.00113     1.381    -3.845               3.456
  5546.224      69.1     4.946    -1.690
  5546.373      58.1     0.823    -3.110
  5546.385     607.0     0.922    -2.256               7.650
  5546.404      69.1     4.839    -2.600
  5546.421       6.0     8.643    -4.310
  5546.421      23.0     1.043    -3.469
  5546.424      21.0     1.969    -1.829
  5546.436 106.00113     3.204    -4.098               3.456
  5546.439      25.1     6.865    -4.839
  5546.444     607.0     0.922    -3.559               7.650
  5546.506      26.0     4.371    -1.440
  5546.512      58.0     0.691    -0.672
  5546.513     607.0     0.897    -2.672               7.650
  5546.566     607.0     0.910    -3.543               7.650
  5546.574      58.1     1.406    -2.240
  5546.585     607.0     0.990    -2.436               7.650
  5546.598      26.0     5.100    -4.119
  5546.622     607.0     0.997    -2.303               7.650
  5546.622     607.0     0.910    -2.257               7.650
  5546.691      25.1     6.865    -3.633
  5546.709      24.0     5.789    -2.272
  5546.714      24.0     2.983    -3.826
  5546.723     607.0     0.997    -4.016               7.650
  5546.778      23.1     9.031    -0.441
  5546.784      23.1     6.496    -2.919
  5546.836      76.0     4.231    -0.150
  5546.910 106.00112     0.872    -4.152               3.456
  5546.920     607.0     1.420    -4.703               7.650
  5546.942      15.0     7.417    -2.693
  5546.965      27.0     4.232    -0.748
  5546.991      26.0     4.217    -2.040
  5547.009      22.0     3.148    -1.902
  5547.022     607.0     1.189    -4.670               7.650
  5547.058      46.0     4.584     0.060
  5547.061      23.0     1.081    -1.272
  5547.078      58.1     1.274    -2.030
  5547.098      27.0     4.504    -3.855
  5547.114     607.0     1.189    -4.685               7.650
  5547.159 106.00113     0.693    -4.624               3.456
  5547.171      70.1     5.169    -0.850
  5547.175 106.00112     3.303    -4.099               3.456
  5547.177      70.1     6.189    -1.890
  5547.198     607.0     1.005    -2.442               7.650
  5547.202 106.00112     0.872    -4.111               3.456
  5547.235      22.0     3.709    -3.130
  5547.257     607.0     0.936    -4.254               7.650
  5547.267      66.0     0.000    -1.630
  5547.267       6.0     8.640    -2.252
  5547.270     607.0     1.005    -3.360               7.650
  5547.282      25.1     6.913    -4.196
  5547.350 106.00113     0.999    -4.906               3.456
  5547.369      21.0     4.423    -2.569
  5547.370      58.1     1.365    -3.360
  5547.377     607.0     0.936    -2.971               7.650
  5547.390 106.00113     0.693    -4.624               3.456
  5547.430      63.0     1.602    -0.040
  5547.501      58.0     0.782    -0.747
  5547.510 106.00112     1.432    -3.821               3.456
  5547.572 106.00113     0.999    -4.906               3.456
  5547.621 106.00113     3.204    -3.277               3.456
  5547.627 106.00112     1.432    -3.841               3.456
  5547.633      25.1     6.186    -4.367
  5547.660     607.0     1.122    -3.771               7.650
  5547.713 106.00113     3.374    -3.851               3.456
  5547.821 106.00113     3.374    -3.864               3.456
  5547.851     607.0     1.235    -2.872               7.650
  5547.898 106.00112     3.303    -4.110               3.456
  5547.918      69.1     5.004    -1.400
  5547.997     607.0     1.235    -4.321               7.650