linelist_Mn4754
  4744.005 106.00112     3.463    -1.336               3.456
  4744.082 106.00113     3.221    -4.215               3.456
  4744.107      21.1     8.023    -1.588
  4744.118     107.0     2.887    -3.657               3.450
  4744.125      26.0     4.387    -4.749
  4744.139      58.1     1.406    -1.270
  4744.140      23.0     2.332    -2.842
  4744.149 106.00113     3.218    -4.215               3.456
  4744.163      59.0     0.000    -0.357
  4744.163      24.1     9.971    -1.430
  4744.167 106.00113     3.198    -1.299               3.456
  4744.172     607.0     0.037    -4.856               7.650
  4744.174 106.00113     3.463    -4.215               3.456
  4744.180      69.1     4.301    -2.010
  4744.206 106.00113     3.548    -4.095               3.456
  4744.224 106.00112     3.463    -4.215               3.456
  4744.243     107.0     3.307    -4.921               3.450
  4744.282      27.1     8.785    -3.863
  4744.296      24.0     4.099    -4.164
  4744.319     607.0     1.108    -3.424               7.650
  4744.322     107.0     3.252    -4.477               3.450
  4744.345      19.0     1.610    -2.880
  4744.352      24.0     3.011    -4.205
  4744.354     607.0     0.961    -3.977               7.650
  4744.356     607.0     0.990    -3.210               7.650
  4744.365      28.0     4.419    -4.244
  4744.433 106.00112     3.463    -1.326               3.456
  4744.434      24.0     5.155    -4.084
  4744.465 106.00112     2.976    -2.538               3.456
  4744.467 106.00113     3.198    -1.288               3.456
  4744.540      26.1     7.695    -4.151
  4744.551      69.1     4.512    -1.870
  4744.644      23.0     2.616    -4.565
  4744.645      41.0     1.532    -1.010
  4744.647     107.0     3.307    -4.904               3.450
  4744.671      69.1     4.461    -1.520
  4744.710      20.0     4.531    -2.611
  4744.778 106.00112     2.976    -2.526               3.456
  4744.801      58.0     0.965     0.143
  4744.823      20.0     5.018    -3.400
  4744.842     607.0     0.922    -4.315               7.650
  4744.848      28.0     4.165    -1.392
  4744.869      26.0     3.301    -4.507
  4744.872      69.1     4.778    -3.680
  4744.884     607.0     0.922    -3.013               7.650
  4744.890      69.1     2.947    -3.630
  4744.890 106.00112     3.221    -1.431               3.456
  4744.906      59.1     0.204    -1.178
  4744.910      66.0     0.874    -1.940
  4744.929      20.0     5.932    -3.507
  4744.941      26.0     3.267    -2.944
  4744.944      58.1     0.446    -1.000
  4745.009      58.1     0.655    -3.870
  4745.082 106.00112     3.221    -1.443               3.456
  4745.113 106.00112     3.464    -2.090               3.456
  4745.116      45.0     0.966    -1.980
  4745.121     607.0     0.043    -4.822               7.650
  4745.122 106.00113     3.381    -1.081               3.456
  4745.128      26.0     2.223    -4.300
  4745.135     107.0     3.198    -4.895               3.450
  4745.149     607.0     0.842    -4.928               7.650
  4745.183      25.0     4.685    -2.343
  4745.185      24.0     3.113    -2.113
  4745.186      69.1     4.301    -0.300
  4745.197 106.00113     3.464    -4.930               3.456
  4745.233 106.00112     3.221    -4.215               3.456
  4745.244     107.0     3.198    -4.910               3.450
  4745.271 106.00112     3.464    -2.100               3.456
  4745.272      68.0     0.863    -0.643
  4745.307      24.0     2.708    -1.220
  4745.328     607.0     0.934    -3.013               7.650
  4745.339     607.0     0.031    -4.716               7.650
  4745.359      23.0     2.253    -4.423
  4745.361     607.0     0.072    -4.751               7.650
  4745.361 106.00113     1.611    -4.758               3.456
  4745.373     607.0     0.934    -4.330               7.650
  4745.381     607.0     1.005    -3.216               7.650
  4745.422      25.0     4.685    -3.425
  4745.433     607.0     1.005    -4.121               7.650
  4745.480 106.00112     3.464    -4.930               3.456
  4745.484      70.1     6.165    -1.270
  4745.521 106.00113     3.382    -1.070               3.456
  4745.534     107.0     3.252    -4.439               3.450
  4745.570      58.1     0.902    -3.120
  4745.577      74.0     2.246    -1.430
  4745.680      62.1     0.104    -0.930
  4745.726 106.00113     1.610    -2.729               3.456
  4745.742      66.1     0.928    -1.734
  4745.742      26.0     3.301    -4.513
  4745.800    26.0       3.651    -1.270
  4745.814 106.00113     2.441    -4.693               3.456
  4745.821      25.0     4.640    -3.246
  4745.827     607.0     0.886    -3.415               7.650
  4745.828      64.0     0.881    -0.415
  4745.840      26.0     4.103    -2.931
  4745.913      73.0     2.155    -1.120
  4745.921     607.0     0.875    -4.034               7.650
  4745.948      69.1     3.934    -3.760
  4745.956      20.0     6.023    -3.697
  4745.958     607.0     0.876    -3.428               7.650
  4746.019 106.00113     1.611    -2.721               3.456
  4746.026      25.0     4.755    -2.339
  4746.030 106.00112     2.598    -2.979               3.456
  4746.057      23.1     6.478    -4.504
  4746.072     607.0     1.104    -4.523               7.650
  4746.104      21.0     1.986    -4.156
  4746.111      27.0     3.930    -0.242
  4746.152 106.00112     2.598    -2.995               3.456
  4746.152      21.0     2.614    -1.566
  4746.204 106.00113     3.218    -1.102               3.456
  4746.222     607.0     0.049    -4.790               7.650
  4746.238     607.0     0.916    -4.608               7.650
  4746.258 106.00112     3.198    -1.299               3.456
  4746.271      20.0     4.535    -2.156
  4746.276      26.0     4.191    -2.121
  4746.280      27.1     5.467    -3.449
  4746.289 106.00112     3.381    -1.081               3.456
  4746.300      20.0     4.532    -2.748
  4746.306     607.0     0.916    -3.544               7.650
  4746.318      24.0     5.080    -3.178
  4746.341 106.00112     3.548    -0.920               3.456
  4746.378      69.1     4.660    -3.590
  4746.386      23.1     2.372    -1.774
  4746.393 106.00113     1.520    -2.417               3.456
  4746.415 106.00113     1.520    -2.401               3.456
  4746.433 106.00112     3.198    -4.095               3.456
  4746.476 106.00112     3.381    -4.215               3.456
  4746.483      25.0     4.794    -2.316
  4746.490 106.00112     3.218    -1.102               3.456
  4746.496 106.00113     2.976    -2.538               3.456
  4746.501 106.00112     3.382    -4.215               3.456
  4746.533 106.00112     1.610    -2.729               3.456
  4746.535 106.00112     3.548    -4.095               3.456
  4746.538      26.0     5.033    -2.442
  4746.562 106.00113     3.463    -1.336               3.456
  4746.578 106.00112     3.548    -4.095               3.456
  4746.607 106.00112     3.198    -1.288               3.456
  4746.614 106.00113     3.218    -1.091               3.456
  4746.616      23.0     2.029    -0.590
  4746.641      21.0     3.083    -4.211
  4746.654 106.00112     3.218    -4.090               3.456
  4746.668      26.0     4.415    -3.523
  4746.676      70.1     5.747    -0.680
  4746.681 106.00112     1.611    -4.758               3.456
  4746.684 106.00112     3.218    -4.215               3.456
  4746.688 106.00112     3.382    -1.070               3.456
  4746.715      25.1     5.380    -4.453
  4746.720      23.1     6.146    -2.504
  4746.744 106.00112     1.611    -2.721               3.456
  4746.765      22.0     3.334    -3.768
  4746.771 106.00112     3.548    -0.911               3.456
  4746.807     607.0     0.010    -4.966               7.650
  4746.823 106.00113     3.198    -4.095               3.456
  4746.846 106.00112     1.520    -2.401               3.456
  4746.846      23.0     2.115    -4.820
  4746.848 106.00112     3.218    -1.091               3.456
  4746.883     607.0     1.093    -3.631               7.650
  4746.902 106.00113     1.611    -4.758               3.456
  4746.916      59.1     0.630    -0.674
  4746.918 106.00112     1.520    -2.417               3.456
  4746.982      26.0     4.733    -2.497
  4747.019 106.00113     2.976    -2.526               3.456
  4747.028      58.1     1.456    -1.810
  4747.050      24.0     3.092    -2.166
  4747.059      58.1     1.581    -1.050
  4747.062 106.00113     3.548    -0.920               3.456
  4747.116      23.0     2.578    -0.926
  4747.136      69.1     3.331    -3.630
  4747.143     607.0     0.037    -4.668               7.650
  4747.147     107.0     3.046    -3.483               3.450
  4747.155 106.00113     1.875    -2.266               3.456
  4747.167      58.1     0.320    -1.270
  4747.188 106.00113     3.463    -1.326               3.456
  4747.229     607.0     0.080    -4.723               7.650
  4747.240      24.0     4.616    -1.942
  4747.257      22.0     1.067    -2.470
  4747.259      22.0     3.430    -3.883
  4747.260      58.1     0.902    -3.210
  4747.265      26.0     4.580    -3.675
  4747.326     107.0     2.785    -4.001               3.450
  4747.371     107.0     2.785    -4.001               3.450
  4747.389 106.00113     1.611    -2.729               3.456
  4747.398 106.00112     3.373    -2.064               3.456
  4747.407      26.1     9.742    -3.067
  4747.414 106.00113     1.875    -2.281               3.456
  4747.446     607.0     0.845    -4.378               7.650
  4747.452     607.0     0.056    -4.760               7.650
  4747.454      24.0     3.410    -4.055
  4747.480      26.0     4.584    -4.377
  4747.488 106.00112     1.875    -2.266               3.456
  4747.555     607.0     0.013    -4.893               7.650
  4747.560 106.00113     1.611    -2.721               3.456
  4747.588      24.1     5.662    -4.062
  4747.590 106.00113     3.548    -0.911               3.456
  4747.646      24.0     4.208    -1.876
  4747.671      38.1     5.919    -1.815
  4747.673      22.0     2.249    -0.820
  4747.678 106.00112     2.441    -4.693               3.456
  4747.678 106.00113     1.208    -4.598               3.456
  4747.707      21.0     4.196    -3.288
  4747.721 106.00113     1.034    -4.956               3.456
  4747.734     107.0     3.046    -3.483               3.450
  4747.740      20.0     5.045    -2.563
  4747.793 106.00113     3.381    -4.215               3.456
  4747.811      20.0     4.532    -2.575
  4747.830      26.1     9.962    -4.483
  4747.838 106.00112     1.875    -2.281               3.456
  4747.896 106.00112     3.374    -2.074               3.456
  4747.901      27.0     4.058    -4.314
  4747.901 106.00113     1.208    -2.701               3.456
  4747.936      69.1     3.091    -2.220
  4747.941    11.0       2.102    -2.379
  4747.966      58.1     1.254    -2.560
  4747.978      27.0     4.058    -3.172
  4747.984 106.00113     3.384    -4.215               3.456
  4747.993      14.0     4.930    -2.056
  4748.011 106.00113     1.034    -4.956               3.456
  4748.012      26.0     4.607    -2.674
  4748.093      24.0     3.845    -4.030
  4748.096      70.1     5.954    -2.660
  4748.129 106.00113     1.795    -2.297               3.456
  4748.131 106.00113     1.208    -2.678               3.456
  4748.160 106.00113     1.795    -2.281               3.456
  4748.163      21.1     4.878    -2.917
  4748.176      25.0     4.827    -2.671
  4748.196 106.00112     1.611    -2.729               3.456
  4748.209      24.0     3.013    -4.178
  4748.223 106.00112     1.611    -4.758               3.456
  4748.243      58.1     1.706    -1.600
  4748.287 106.00112     1.611    -2.721               3.456
  4748.300      69.1     2.620    -2.180
  4748.359      58.1     1.244    -2.130
  4748.361 106.00113     3.056    -4.693               3.456
  4748.378      26.1     7.845    -3.483
  4748.386      75.0     2.024    -1.420
  4748.453     607.0     0.017    -4.828               7.650
  4748.492      70.1     6.877    -3.310
  4748.501     607.0     1.178    -4.375               7.650
  4748.503      23.0     2.040    -0.620
  4748.509     607.0     1.005    -3.196               7.650
  4748.584 106.00112     1.795    -2.281               3.456
  4748.607      25.1     6.133    -3.105
  4748.624      58.1     1.339    -1.990
  4748.631      26.0     4.387    -4.665
  4748.638 106.00112     1.795    -2.297               3.456
  4748.638 106.00113     3.635    -4.930               3.456
  4748.670 106.00113     3.218    -4.090               3.456
  4748.694     607.0     1.235    -3.887               7.650
  4748.695      24.1     8.525    -3.575
  4748.697      70.1     5.815    -2.100
  4748.704 106.00113     0.685    -4.911               3.456
  4748.726      57.1     0.927    -0.540
  4748.760 106.00113     1.208    -4.598               3.456
  4748.774     607.0     1.093    -3.623               7.650
  4748.787      23.0     3.056    -2.725
  4748.805      23.0     1.955    -2.974
  4748.810      23.1     8.583    -4.304
  4748.823 106.00112     1.208    -2.701               3.456
  4748.836     607.0     0.064    -4.732               7.650
  4748.850      27.0     4.149    -2.930
  4748.863     607.0     0.934    -4.323               7.650
  4748.900      25.1     6.111    -4.958
  4748.907     607.0     0.934    -2.996               7.650
  4748.925      69.1     4.531    -2.550
  4748.961 106.00112     1.034    -4.956               3.456
  4748.968      21.0     1.996    -1.946
  4748.979 106.00112     1.208    -2.678               3.456
  4748.984     607.0     1.131    -3.427               7.650
  4749.010      26.0     4.796    -3.188
  4749.022 106.00112     1.208    -4.598               3.456
  4749.022      75.0     1.763    -2.060
  4749.046      70.1     6.020    -2.360
  4749.068     607.0     1.131    -4.682               7.650
  4749.076 106.00113     1.208    -2.701               3.456
  4749.083 106.00113     0.685    -2.870               3.456
  4749.097     607.0     0.043    -4.625               7.650
  4749.102      20.0     4.680    -2.876
  4749.112      25.1     6.186    -2.000
  4749.137      64.0     2.078     0.202
  4749.200      90.0     0.966    -1.288
  4749.209      24.0     3.369    -1.956
  4749.214 106.00113     1.208    -2.678               3.456
  4749.224     607.0     0.089    -4.696               7.650
  4749.229      69.1     4.571    -2.310
  4749.234      58.1     1.212    -1.460
  4749.252 106.00112     1.034    -4.956               3.456
  4749.253      26.0     4.256    -4.131
  4749.254      23.1     1.679    -4.211
  4749.254 106.00113     3.221    -4.215               3.456
  4749.277      24.0     4.204    -1.583
  4749.279 106.00113     3.373    -2.064               3.456
  4749.290 106.00113     0.685    -2.845               3.456
  4749.297      23.1     2.276    -3.066
  4749.304 106.00113     3.466    -4.215               3.456
  4749.347      27.0     4.049    -2.269
  4749.354 106.00112     3.466    -4.215               3.456
  4749.367 106.00112     3.168    -2.789               3.456
  4749.369     107.0     2.801    -3.951               3.450
  4749.404      42.0     3.187    -1.839
  4749.410      66.0     1.447    -2.090
  4749.412      27.0     2.871    -3.968
  4749.444     107.0     2.801    -3.951               3.450
  4749.489      27.0     3.409    -2.147
  4749.506     607.0     0.021    -4.770               7.650
  4749.508      58.1     1.582    -0.770
  4749.518     107.0     3.219    -4.996               3.450
  4749.527      70.1     6.456    -2.300
  4749.550      22.1     5.638    -1.780
  4749.560      60.1     0.559    -1.632
  4749.563 106.00112     3.466    -1.326               3.456
  4749.593      26.0     1.608    -5.114
  4749.608 106.00113     3.374    -2.074               3.456
  4749.619      24.0     4.618    -3.894
  4749.624     607.0     0.948    -2.995               7.650
  4749.649      27.1     8.853    -4.397
  4749.651      26.0     4.154    -4.667
  4749.669      27.0     3.053    -0.321
  4749.670     607.0     0.948    -4.338               7.650
  4749.701      41.0     1.429    -0.660
  4749.703      74.0     2.422    -0.840
  4749.706 106.00112     3.168    -2.777               3.456
  4749.713     607.0     1.020    -3.202               7.650
  4749.730 106.00112     3.466    -1.336               3.456
  4749.735 106.00112     2.979    -2.526               3.456
  4749.748      60.0     0.456     0.130
  4749.762      27.0     4.149    -2.983
  4749.766     607.0     1.020    -4.129               7.650
  4749.769      23.0     2.365    -2.402
  4749.776      24.1     6.605    -2.733
  4749.791      69.1     4.003    -2.810
  4749.800      27.0     4.049    -1.794
  4749.818      58.1     1.140    -2.080
  4749.884      70.1     7.047    -1.760
  4749.891 106.00112     0.685    -2.870               3.456
  4749.895 106.00112     2.979    -2.538               3.456
  4749.920      27.0     4.025    -2.050
  4749.926      22.0     2.305    -4.021
  4749.931      20.0     4.681    -3.514
  4749.948      26.0     4.558    -1.470
  4749.948      70.1     7.393    -0.410
  4749.961      24.0     3.368    -1.971
  4749.971      90.0     1.006    -1.343
  4749.999 106.00112     1.208    -2.701               3.456
  4750.001 106.00112     0.685    -2.845               3.456
  4750.020      60.1     0.205    -2.090
  4750.034     607.0     0.886    -4.042               7.650
  4750.062 106.00112     1.208    -2.678               3.456
  4750.072     607.0     0.886    -3.406               7.650
  4750.073 106.00112     0.685    -4.911               3.456
  4750.105 106.00112     1.208    -4.598               3.456
  4750.117      42.0     3.393    -1.705
  4750.191     607.0     1.018    -4.898               7.650
  4750.196      26.0     4.473    -3.792
  4750.258 106.00113     3.168    -2.789               3.456
  4750.261 106.00113     0.686    -4.911               3.456
  4750.267     607.0     1.018    -3.174               7.650
  4750.286     607.0     0.898    -3.393               7.650
  4750.292 106.00113     2.444    -4.693               3.456
  4750.304 106.00113     0.910    -4.629               3.456
  4750.350      70.1     6.562    -2.730
  4750.372     607.0     0.072    -4.705               7.650
  4750.386      69.1     3.824    -2.020
  4750.390      42.0     2.523    -0.924
  4750.421      57.0     1.230    -0.430
  4750.425 106.00113     3.551    -4.095               3.456
  4750.448 106.00113     3.201    -1.288               3.456
  4750.450 106.00113     3.548    -4.095               3.456
  4750.543 106.00113     0.910    -2.733               3.456
  4750.556     107.0     3.071    -4.926               3.450
  4750.557     607.0     0.936    -3.540               7.650
  4750.586     607.0     1.235    -3.878               7.650
  4750.588      22.0     3.409    -3.614
  4750.588      22.0     2.292    -3.497
  4750.599      58.1     1.533    -3.260
  4750.658 106.00113     3.384    -1.070               3.456
  4750.660     607.0     1.122    -4.530               7.650
  4750.666      22.0     3.334    -3.639
  4750.667 106.00113     3.202    -1.299               3.456
  4750.683      27.0     4.209    -3.038
  4750.695     607.0     0.026    -4.718               7.650
  4750.724      62.0     0.282    -0.444
  4750.733 106.00113     3.168    -2.777               3.456
  4750.750      69.1     3.255    -0.670
  4750.760 106.00113     0.686    -2.870               3.456
  4750.775      23.0     2.256    -3.992
  4750.789 106.00112     3.548    -2.341               3.456
  4750.793 106.00113     0.910    -2.709               3.456
  4750.827 106.00112     3.548    -2.332               3.456
  4750.831      58.0     0.274    -0.852
  4750.832      70.1     7.520    -2.370
  4750.836 106.00113     3.385    -1.081               3.456
  4750.848 106.00113     0.686    -2.845               3.456
  4750.895      20.0     4.535    -2.467
  4750.917     607.0     1.345    -4.637               7.650
  4750.974 106.00113     1.522    -2.401               3.456
  4750.981      23.0     2.055    -0.340
  4750.986     607.0     0.987    -3.974               7.650
  4751.008      23.0     2.332    -3.442
  4751.055      24.0     4.186    -1.395
  4751.084      26.0     4.186    -1.90
  4751.106      26.0     4.733    -2.10
  4751.110 106.00113     1.568    -4.740               3.456
  4751.112      42.0     2.476    -2.128
  4751.112      23.0     1.950    -3.908
  4751.130      23.0     0.287    -4.159
  4751.131      24.0     3.369    -1.519
  4751.156     607.0     0.049    -4.585               7.650
  4751.229 106.00113     1.523    -2.417               3.456
  4751.237     607.0     1.131    -3.416               7.650
  4751.243      23.0     2.242    -4.728
  4751.271     8.1      26.249    -0.762
  4751.272      23.0     2.365    -2.135
  4751.349     607.0     0.098    -4.671               7.650
  4751.360 106.00113     1.142    -2.351               3.456
  4751.364      58.1     2.213    -1.660
  4751.365      26.0     4.435    -2.817
  4751.390 106.00112     3.056    -4.693               3.456
  4751.405 106.00112     1.522    -2.401               3.456
  4751.423 106.00113     1.568    -2.737               3.456
  4751.432 106.00113     0.911    -4.629               3.456
  4751.433      41.0     2.105    -0.530
  4751.439      23.0     2.359    -3.361
  4751.453 106.00112     0.910    -2.733               3.456
  4751.473 106.00113     1.142    -3.303               3.456
  4751.480     107.0     3.220    -4.535               3.450
  4751.507      27.0     4.049    -0.70
  4751.514      70.1     5.912    -2.400
  4751.547      58.1     1.244    -0.40
  4751.559 106.00112     0.686    -2.845               3.456
  4751.568 106.00112     0.686    -2.870               3.456
  4751.573      23.0     1.931    -0.650
  4751.622 106.00112     0.910    -2.709               3.456
  4751.631 106.00112     0.686    -4.911               3.456
  4751.638 106.00113     3.635    -1.745               3.456
  4751.640      69.1     3.295    -3.240
  4751.640 106.00112     3.384    -4.215               3.456
  4751.663 106.00112     0.910    -4.629               3.456
  4751.679      26.0     4.835    -3.833
  4751.690     107.0     2.922    -3.607               3.450
  4751.692      23.0     1.950    -3.177
  4751.724 106.00113     3.221    -1.091               3.456
  4751.726 106.00113     1.568    -2.726               3.456
  4751.755 106.00112     1.523    -2.417               3.456
  4751.771 106.00113     0.911    -2.733               3.456
  4751.775     607.0     0.855    -4.382               7.650
  4751.793      69.1     3.349    -2.290
  4751.794 106.00112     3.221    -4.215               3.456
  4751.794      24.0     3.422    -2.789
  4751.814      21.1     7.981    -4.118
  4751.822    11.0       2.104    -2.00
  4751.828 106.00112     3.384    -1.070               3.456
  4751.846      23.0     2.130    -1.869
  4751.850 106.00113     3.221    -1.102               3.456
  4751.853 106.00112     3.635    -1.745               3.456
  4751.885      58.1     0.900    -3.930
  4751.909      40.0     0.623    -1.890
  4751.923 106.00113     0.911    -2.709               3.456
  4751.932 106.00113     2.979    -2.538               3.456
  4751.953      69.1     4.340    -2.230
  4751.959 106.00112     3.221    -1.091               3.456
  4751.972 106.00112     3.463    -2.055               3.456
  4751.981 106.00113     2.979    -2.526               3.456
  4751.986 106.00112     3.462    -2.064               3.456
  4752.004 106.00113     1.142    -4.476               3.456
  4752.004     607.0     0.031    -4.670               7.650
  4752.006 106.00112     3.385    -1.081               3.456
  4752.033     107.0     2.922    -3.607               3.450
  4752.043     607.0     0.080    -4.680               7.650
  4752.043     107.0     3.220    -4.511               3.450
  4752.051 106.00112     3.635    -4.930               3.456
  4752.087      24.0     4.186     0.60
  4752.088      58.1     0.857    -1.880
  4752.098      26.1     7.988    -3.795
  4752.106 106.00112     3.635    -4.930               3.456
  4752.112      28.0     3.679    -1.772
  4752.121      27.0     4.146    -2.701
  4752.137 106.00112     3.221    -1.102               3.456
  4752.137 106.00113     3.635    -1.735               3.456
  4752.145     607.0     0.860    -4.936               7.650
  4752.160 106.00112     2.444    -4.693               3.456
  4752.169      76.0     4.261    -0.090
  4752.194 106.00112     3.385    -4.215               3.456
  4752.198      58.1     1.767    -2.120
  4752.203      74.0     2.353    -1.150
  4752.205      58.1     0.536    -2.010
  4752.264      58.1     1.520    -1.100
  4752.290      58.1     2.004    -0.870
  4752.293 106.00113     3.466    -1.336               3.456
  4752.302 106.00112     3.221    -4.090               3.456
  4752.304 106.00112     3.635    -1.735               3.456
  4752.309 106.00112     1.568    -2.737               3.456
  4752.324      24.0     4.186    -4.237
  4752.325 106.00113     3.466    -1.326               3.456
  4752.325      23.0     2.616    -2.978
  4752.373      69.1     4.744    -2.970
  4752.402      23.0     2.379    -1.831
  4752.414      90.1     0.770    -0.971
  4752.415      28.0     3.658    -0.700
  4752.426      23.0     1.942    -4.214
  4752.469 106.00112     1.568    -4.740               3.456
  4752.476 106.00113     1.569    -4.740               3.456
  4752.490 106.00113     1.798    -2.281               3.456
  4752.526      65.1     0.000    -0.30
  4752.533      23.0     2.581    -1.449
  4752.535 106.00112     1.568    -2.726               3.456
  4752.576      58.0     0.384    -0.743
  4752.576      74.0     1.650    -1.850
  4752.578      58.1     3.411    -2.790
  4752.594 106.00112     3.201    -1.288               3.456
  4752.624      24.0     4.532    -0.30
  4752.632     607.0     1.345    -4.630               7.650
  4752.658      69.1     2.951    -1.800
  4752.681     8.1      26.249    -1.531
  4752.682 106.00112     0.911    -2.733               3.456
  4752.740      24.1     8.614    -4.182
  4752.740 106.00113     1.798    -2.297               3.456
  4752.752 106.00112     0.911    -2.709               3.456
  4752.761 106.00112     3.551    -4.095               3.456
  4752.763 106.00112     3.202    -1.299               3.456
  4752.784     607.0     1.020    -3.183               7.650
  4752.787      39.0     1.900     0.080
  4752.792 106.00112     0.911    -4.629               3.456
  4752.794      26.0     4.301    -3.338
  4752.897      24.0     3.369    -1.50
  4752.897     107.0     3.231    -4.820               3.450
  4752.903 106.00113     1.569    -2.737               3.456
  4752.908      21.0     3.083    -3.446
  4752.909      70.1     4.014    -1.610
  4752.914 106.00112     1.798    -2.281               3.456
  4752.921      25.0     3.771    -3.182
  4752.939 106.00112     3.202    -4.095               3.456
  4752.998 106.00112     3.551    -0.911               3.456
  4753.061      40.0     1.875    -0.500
  4753.065     607.0     0.948    -4.332               7.650
  4753.093 106.00113     1.569    -2.726               3.456
  4753.111     607.0     0.948    -2.979               7.650
  4753.134 106.00112     3.551    -0.920               3.456
  4753.161      21.0     0.000    -1.95
  4753.164     607.0     0.987    -3.968               7.650
  4753.173     607.0     0.936    -4.615               7.650
  4753.179      25.1     6.133    -4.636
  4753.226      25.0     4.755    -2.437
  4753.243     607.0     0.936    -3.533               7.650
  4753.251 106.00112     1.798    -2.297               3.456
  4753.299 106.00113     2.897    -1.495               3.456
  4753.321      27.0     4.232    -3.304
  4753.330 106.00113     3.202    -4.095               3.456
  4753.340      42.0     2.623    -2.066
  4753.346     107.0     3.220    -4.469               3.450
  4753.357     607.0     0.056    -4.549               7.650
  4753.371 106.00112     3.551    -4.095               3.456
  4753.392     607.0     0.037    -4.627               7.650
  4753.414      24.1     8.490    -3.964
  4753.459      25.0     4.435    -4.165
  4753.500      24.1     8.469    -1.973
  4753.500     107.0     3.260    -4.944               3.450
  4753.513 106.00113     3.385    -4.215               3.456
  4753.516 106.00113     2.897    -1.482               3.456
  4753.590      23.0     1.942    -4.438
  4753.605     607.0     0.108    -4.647               7.650
  4753.632      58.1     1.279    -0.80
  4753.654     107.0     3.335    -3.696               3.450
  4753.692      27.1     3.868    -3.949
  4753.720      69.1     3.744    -1.630
  4753.744      25.1     6.528    -4.469
  4753.789 106.00112     1.569    -2.737               3.456
  4753.818 106.00113     3.551    -0.911               3.456
  4753.825 106.00113     1.720    -2.314               3.456
  4753.836 106.00112     1.569    -4.740               3.456
  4753.857 106.00113     3.551    -0.920               3.456
  4753.861 106.00113     1.720    -2.297               3.456
  4753.867     607.0     0.089    -4.656               7.650
  4753.870 106.00113     3.462    -2.064               3.456
  4753.884 106.00113     3.059    -4.693               3.456
  4753.893      25.0     5.214    -0.965
  4753.902 106.00112     1.569    -2.726               3.456
  4753.929      23.0     2.074    -0.290
  4753.934      19.0     1.617    -2.960
  4753.944     107.0     3.260    -4.926               3.450
  4753.960     607.0     1.052    -4.711               7.650
  4753.997      70.1     5.321    -2.850
  4754.010      24.0     3.375    -1.152
  4754.022      25.0     2.282    -0.653 
  4754.033      25.0     2.282    -0.793
  4754.033 106.00113     3.463    -2.055               3.456
  4754.036      26.0     4.733    -1.970
  4754.043      25.0     2.282    -0.951
  4754.051      25.0     2.282    -1.135
  4754.053      26.0     4.103    -3.155
  4754.054      25.0     2.282    -1.571
  4754.056      25.1     6.139    -3.081
  4754.058 106.00112     3.171    -2.777               3.456
  4754.059      25.0     2.282    -1.357
  4754.060      25.0     2.282    -1.395
  4754.064      25.0     2.282    -1.369
  4754.066      25.0     2.282    -1.642
  4754.068      25.0     2.282    -1.436
  4754.070      25.0     2.282    -1.612
  4754.079      25.0     2.282    -2.391
  4754.079     607.0     0.961    -2.979               7.650
  4754.081      25.0     2.282    -2.311
  4754.081      25.0     2.282    -2.788
  4754.082      25.0     2.282    -2.436
  4754.126      21.0     3.101    -3.469
  4754.127     607.0     0.961    -4.346               7.650
  4754.151      58.1     1.709    -1.550
  4754.204      69.1     4.140    -1.720
  4754.221      23.1     2.026    -4.873
  4754.232 106.00112     3.171    -2.789               3.456
  4754.253     607.0     1.036    -3.189               7.650
  4754.277      22.1     1.231    -9.99
  4754.308     607.0     1.036    -4.137               7.650
  4754.315      26.0     4.260    -4.619
  4754.323 106.00113     3.221    -4.090               3.456
  4754.330     607.0     0.898    -4.049               7.650
  4754.338      27.0     3.231    -1.20
  4754.358      22.0     2.160    -1.601
  4754.370     607.0     0.898    -3.384               7.650
  4754.372 106.00112     1.720    -2.297               3.456
  4754.381      20.0     5.049    -0.50
  4754.409      22.0     3.458    -4.010
  4754.416     107.0     3.096    -3.449               3.450
  4754.420 106.00112     1.720    -2.314               3.456
  4754.468      22.0     3.062    -2.383
  4754.569      23.0     2.278    -3.483
  4754.577     107.0     3.260    -4.900               3.450
  4754.590      69.0     2.076    -1.400
  4754.700      25.0     3.772    -2.021
  4754.740      24.0     3.092    -1.360
  4754.756      28.0     3.635    -0.970
  4754.774      58.1     1.412    -3.670
  4754.825 106.00113     1.441    -2.433               3.456
  4754.849 106.00113     1.442    -2.417               3.456
  4754.875     607.0     0.910    -3.373               7.650
  4754.920 106.00113     3.639    -4.930               3.456
  4754.946      42.0     3.395    -1.701
  4754.957     107.0     3.335    -3.696               3.450
  4754.992      66.1     2.417    -0.090
  4755.037      25.0     3.373    -4.435
  4755.053      27.1     9.008    -2.871
  4755.062 106.00112     1.142    -2.351               3.456
  4755.087 106.00113     3.171    -2.777               3.456
  4755.100 106.00112     1.142    -4.476               3.456
  4755.103     107.0     3.096    -3.449               3.450
  4755.125 106.00113     3.171    -2.789               3.456
  4755.140      24.0     3.011    -1.450
  4755.141 106.00113     3.635    -4.930               3.456
  4755.152      26.0     4.559    -4.251
  4755.168      26.0     4.584    -3.398
  4755.193 106.00113     2.897    -4.090               3.456
  4755.225      69.1     4.563    -1.130
  4755.243 106.00112     1.142    -3.303               3.456
  4755.276      14.0     4.920    -2.90
  4755.313      41.0     1.630    -1.400
  4755.325      42.0     3.302    -1.717
  4755.343      64.1     2.449    -0.235
  4755.347      25.1     6.493    -4.314
  4755.370      62.1     0.277    -1.850
  4755.374     607.0     1.140    -4.537               7.650
  4755.376 106.00112     1.442    -2.417               3.456
  4755.386      25.0     3.378    -4.789
  4755.406 106.00113     0.729    -4.993               3.456
  4755.422     107.0     3.244    -4.692               3.450
  4755.444 106.00112     1.441    -2.433               3.456
  4755.444 106.00113     3.548    -2.341               3.456
  4755.451      24.0     3.845    -3.928
  4755.495    38.0       2.498    -0.670
  4755.500      58.1     1.495    -1.640
  4755.503      64.1     2.525    -0.160
  4755.528 106.00112     2.897    -1.495               3.456
  4755.530      58.1     0.721    -1.20
  4755.551 106.00112     3.056    -2.527               3.456
  4755.580      45.0     1.783    -2.090
  4755.595      69.1     0.000    -2.570
  4755.607      28.1     8.775    -1.534
  4755.621     607.0     0.043    -4.586               7.650
  4755.648 106.00112     2.897    -4.090               3.456
  4755.675 106.00113     1.171    -4.548               3.456
  4755.689     607.0     0.064    -4.514               7.650
  4755.700      26.0     4.70     -1.35
  4755.711      20.0     6.028    -3.776
  4755.711 106.00113     0.729    -4.993               3.456
  4755.727      25.1     5.397    -1.242
  4755.735      92.1     0.000    -2.156
  4755.761      28.1     8.899    -1.905
  4755.786 106.00113     3.548    -2.332               3.456
  4755.796      24.0     4.208    -1.564
  4755.804     607.0     1.120    -3.623               7.650
  4755.806     607.0     0.098    -4.633               7.650
  4755.808     607.0     1.052    -4.706               7.650
  4755.808     107.0     3.231    -4.814               3.450
  4755.809 106.00112     2.897    -1.482               3.456
  4755.822      69.1     4.141    -3.08
  4755.840      26.0     4.50     -1.85
  4755.842 106.00113     1.171    -2.722               3.456
  4755.843      60.0     0.456     0.002
  4755.883 106.00112     3.056    -2.516               3.456
  4755.885      42.0     3.318    -1.441
  4755.905      22.0     3.334    -3.839
  4755.933      21.0     3.083    -3.860
  4755.986     607.0     0.118    -4.624               7.650
  4756.033      59.1     0.055    -1.407
  4756.051      24.0     2.987    -2.912
  4756.080      25.0     3.772    -2.352
  4756.103 106.00113     1.171    -2.696               3.456
  4756.112      24.0     3.104     0.15
  4756.116     607.0     1.155    -3.419               7.650
  4756.164      24.0     4.106    -3.511
  4756.202     607.0     1.155    -4.688               7.650
  4756.238      44.0     1.063    -1.810
  4756.273     607.0     0.865    -4.388               7.650
  4756.314      24.0     4.411    -4.185
  4756.337      69.1     4.162    -1.950
  4756.355      26.0     4.60     -1.95
  4756.354      70.1     7.370    -1.940
  4756.431      23.0     2.583    -3.259
  4756.456      77.0     4.200    -0.150
  4756.510      28.0     3.480    -0.270
  4756.512      73.0     0.491    -1.610
  4756.521      26.0     4.076    -3.522
  4756.582      58.1     0.956    -2.530
  4756.601 106.00113     1.172    -4.548               3.456
  4756.662 106.00112     0.729    -4.993               3.456
  4756.721      27.0     3.930    -0.60
  4756.750      25.1     6.494    -3.991
  4756.757     107.0     3.294    -4.443               3.450
  4756.806      92.0     0.077    -1.014
  4756.838 106.00112     1.171    -2.722               3.456
  4756.852 106.00113     1.172    -2.722               3.456
  4756.869      70.1     7.166    -2.800
  4756.884      26.1     5.569    -4.386
  4756.920 106.00112     3.059    -4.693               3.456
  4756.964      26.0     4.260    -3.685
  4756.967 106.00112     0.729    -4.993               3.456
  4756.979      22.1     5.885    -2.060
  4757.003      23.0     3.066    -2.368
  4757.004      24.0     3.551    -1.962
  4757.025      69.1     4.003    -3.860
  4757.028 106.00112     1.171    -2.696               3.456
  4757.028 106.00113     1.172    -2.696               3.456
  4757.040 106.00113     1.528    -4.678               3.456
  4757.058 106.00112     1.171    -4.548               3.456
  4757.065 106.00112     3.551    -2.332               3.456
  4757.069      23.0     2.359    -3.027
  4757.121      70.1     4.964    -2.810
  4757.151      42.0     3.395    -1.417
  4757.208     107.0     3.260    -4.592               3.450
  4757.237     607.0     0.049    -4.549               7.650
  4757.247     607.0     1.036    -3.171               7.650
  4757.255 106.00113     3.551    -4.095               3.456
  4757.257      28.1     8.973    -3.548
  4757.261      26.1     8.073    -4.730
  4757.302 106.00113     1.528    -2.748               3.456
  4757.305      26.0     4.40     -2.50
  4757.334      21.1     8.015    -1.878
  4757.348      23.0     2.097    -0.907
  4757.348      27.0     4.149    -3.010
  4757.356      24.0     4.239    -0.550
  4757.374      19.0     1.617    -3.580
  4757.387      19.0     1.617    -2.620
  4757.427      58.1     1.500    -1.270
  4757.442     607.0     0.961    -4.341               7.650
  4757.474      23.0     2.029    -0.290
  4757.490     607.0     0.961    -2.963               7.650
  4757.510      60.1     0.205    -2.120
  4757.529      69.1     4.174    -2.900
  4757.542      74.0     0.366    -2.430
  4757.578      26.0     3.274    -1.90
  4757.580      26.0     4.260    -4.874
  4757.580     107.0     3.219    -4.827               3.450
  4757.590      24.0     3.551    -0.920
  4757.594 106.00112     3.551    -2.341               3.456
  4757.610      72.0     1.114    -1.830
  4757.619 106.00113     1.528    -2.734               3.456
  4757.651      26.1     6.807    -4.568
  4757.654     607.0     0.956    -3.529               7.650
  4757.674     607.0     1.120    -3.616               7.650
  4757.679      58.1     1.355    -3.250
  4757.748     607.0     1.265    -3.880               7.650
  4757.760     107.0     2.804    -3.951               3.450
  4757.764      44.0     1.125    -2.670
  4757.771      74.0     1.868    -1.710
  4757.779      26.0     3.267    -4.231
  4757.789      64.1     0.662    -1.920
  4757.803 106.00113     3.056    -2.527               3.456
  4757.836     107.0     2.804    -3.951               3.450
  4757.839     107.0     3.245    -4.678               3.450
  4757.841      58.1     0.956    -0.710
  4757.848 106.00112     1.172    -2.722               3.456
  4757.848      44.0     0.928    -0.960
  4757.866     607.0     0.108    -4.612               7.650
  4757.909      59.1     0.204    -1.220
  4757.918      25.1     6.495    -3.321
  4757.954 106.00112     1.172    -2.696               3.456
  4757.966      77.0     2.068    -2.370
  4757.981 106.00113     1.723    -2.297               3.456
  4757.984 106.00112     1.172    -4.548               3.456
  4758.010      26.0     4.549    -4.361
  4758.036      73.0     1.358    -1.700
  4758.058     107.0     3.274    -4.491               3.450
  4758.083      26.1     6.807    -4.677
  4758.118      22.0     2.249     0.425
  4758.133      21.0     2.320    -1.057
  4758.154     607.0     0.072    -4.482               7.650
  4758.172      27.1     8.928    -3.271
  4758.183      23.1     8.583    -3.648
  4758.197      74.0     2.967    -0.730
  4758.215 106.00113     1.723    -2.314               3.456
  4758.230     607.0     0.043    -4.969               7.650
  4758.237 106.00113     1.528    -4.678               3.456
  4758.262      27.0     4.149    -3.559
  4758.262 106.00112     1.528    -2.748               3.456
  4758.267      64.0     0.066    -1.580
  4758.297      69.1     4.708    -2.460
  4758.299      25.1     6.139    -3.322
  4758.313     107.0     3.278    -4.511               3.450
  4758.342 106.00112     3.639    -4.930               3.456
  4758.353 106.00113     3.056    -2.516               3.456
  4758.353      28.0     3.465    -4.314
  4758.389     607.0     1.155    -3.408               7.650
  4758.412 106.00113     2.900    -1.482               3.456
  4758.415      28.0     3.847    -2.110
  4758.418      24.0     4.535    -3.445
  4758.428 106.00113     3.639    -1.735               3.456
  4758.437 106.00112     1.528    -4.678               3.456
  4758.470      65.1     1.104    -0.800
  4758.493 106.00112     1.723    -2.297               3.456
  4758.501      42.0     3.692    -0.037
  4758.504      60.0     0.000    -1.091
  4758.505 106.00113     3.639    -1.745               3.456
  4758.507 106.00112     1.528    -2.734               3.456
  4758.508     607.0     0.129    -4.603               7.650
  4758.530      58.1     1.706    -2.590
  4758.595 106.00112     3.639    -1.735               3.456
  4758.604 106.00113     1.528    -2.748               3.456
  4758.606      28.0     3.679    -3.452
  4758.647 106.00113     2.900    -1.495               3.456
  4758.666      23.0     1.931    -0.968
  4758.668     107.0     2.825    -3.906               3.450
  4758.678     607.0     0.975    -2.963               7.650
  4758.699 106.00113     2.946    -2.567               3.456
  4758.704      64.0     0.881     0.045
  4758.720 106.00112     3.639    -1.745               3.456
  4758.728     607.0     0.975    -4.355               7.650
  4758.725      26.0     4.50     -2.00
  4758.758      23.0     1.218    -2.221
  4758.772     107.0     3.299    -4.443               3.450
  4758.781     107.0     2.825    -3.906               3.450
  4758.782     607.0     0.910    -4.057               7.650
  4758.792      69.1     3.955    -2.950
  4758.810 106.00112     1.723    -2.314               3.456
  4758.813     107.0     3.190    -4.572               3.450
  4758.817 106.00113     1.528    -2.734               3.456
  4758.824     607.0     0.910    -3.364               7.650
  4758.835      75.0     1.436    -2.180
  4758.847     607.0     1.052    -3.176               7.650
  4758.850      69.1     3.884    -1.640
  4758.900      22.0     0.836    -2.170
  4758.904     607.0     1.052    -4.144               7.650
  4758.951      21.0     2.001    -2.955
  4758.967      23.0     2.247    -4.098
  4758.974 106.00112     3.639    -4.930               3.456
  4758.974      25.0     4.640    -4.196
  4758.975      14.0     4.954    -3.00
  4758.996 106.00113     2.946    -2.554               3.456
  4759.000     607.0     1.210    -4.368               7.650
  4759.028      23.0     2.122    -2.096
  4759.055      22.0     3.179    -3.231
  4759.083      60.0     0.456    -0.400
  4759.136     607.0     0.056    -4.515               7.650
  4759.142      22.0     2.778    -2.543
  4759.186 106.00113     1.444    -2.417               3.456
  4759.196      25.1     6.494    -3.195
  4759.200      58.1     1.355    -3.300
  4759.259     107.0     3.260    -4.574               3.450
  4759.269      22.0     2.256     0.514
  4759.298      21.0     2.338    -3.714
  4759.311     607.0     0.878    -4.943               7.650
  4759.323     107.0     3.231    -4.683               3.450
  4759.341      60.0     0.000    -1.121
  4759.427 106.00112     3.467    -2.055               3.456
  4759.427 106.00113     1.444    -2.433               3.456
  4759.460     107.0     3.190    -4.547               3.450
  4759.470      24.0     4.532    -1.684
  4759.504     607.0     0.922    -3.353               7.650
  4759.565 106.00112     1.528    -2.748               3.456
  4759.627     107.0     3.256    -4.491               3.450
  4759.635 106.00112     1.528    -4.678               3.456
  4759.637 106.00113     1.647    -2.331               3.456
  4759.638      22.0     2.175    -1.80
  4759.648     607.0     1.265    -3.872               7.650
  4759.651      27.0     4.209    -3.546
  4759.653      68.1     0.000    -1.75
  4759.654      42.0     3.734    -1.109
  4759.674 106.00113     1.647    -2.314               3.456
  4759.705 106.00112     1.528    -2.734               3.456
  4759.714 106.00112     1.444    -2.417               3.456
  4759.741      58.1     2.008    -1.540
  4759.753      24.0     3.011    -2.119
  4759.785     107.0     3.054    -4.973               3.450
  4759.789 106.00112     2.946    -2.567               3.456
  4759.804      24.0     3.845    -4.184
  4759.850 106.00113     1.255    -2.834               3.456
  4759.859 106.00113     1.255    -2.925               3.456
  4759.893 106.00113     0.872    -4.580               3.456
  4759.900      58.1     1.194    -2.480
  4759.908      69.0     1.893    -0.520
  4759.910      24.0     3.113    -1.80
  4759.927      58.1     1.092    -1.370
  4759.927 106.00112     3.467    -2.064               3.456
  4759.959 106.00113     0.639    -4.857               3.456
  4759.993      25.0     5.087    -1.935
  4760.018     607.0     1.013    -3.966               7.650
  4760.021     607.0     0.118    -4.591               7.650
  4760.025      21.0     3.101    -2.986
  4760.048 106.00112     1.444    -2.433               3.456
  4760.048      66.1     0.538    -2.100
  4760.066 106.00112     2.946    -2.554               3.456
  4760.067      26.0     3.039    -3.60
  4760.070      24.1     6.605    -3.048
  4760.073 106.00113     0.872    -2.755               3.456
  4760.073      21.0     3.057    -3.942
  4760.079     107.0     3.279    -4.491               3.450
  4760.110      42.0     2.276    -1.706
  4760.154      22.0     2.297    -3.920
  4760.169      26.1     5.571    -2.80
  4760.182      42.0     2.646     0.314
  4760.205      28.0     3.699    -2.980
  4760.245     607.0     0.956    -4.622               7.650
  4760.270 106.00112     1.647    -2.314               3.456
  4760.275     607.0     1.159    -4.545               7.650
  4760.279 106.00113     0.639    -2.892               3.456
  4760.279      62.0     0.101     0.042
  4760.313 106.00112     1.647    -2.331               3.456
  4760.316     607.0     0.956    -3.522               7.650
  4760.347      27.0     4.209    -2.468
  4760.351 106.00113     0.872    -2.728               3.456
  4760.356      23.0     2.247    -4.318
  4760.365      23.1     6.837    -4.059
  4760.450      60.0     0.140    -0.680
  4760.476      58.1     1.027    -2.410
  4760.512 106.00113     0.639    -2.866               3.456
  4760.519      23.1     6.470    -4.208
  4760.542      69.1     4.531    -1.180
  4760.546 106.00113     2.900    -4.090               3.456
  4760.579      69.1     4.235    -1.810
  4760.585      27.1     7.884    -4.076
  4760.591     107.0     2.961    -3.561               3.450
  4760.606     607.0     1.211    -4.362               7.650
  4760.708     107.0     3.244    -4.576               3.450
  4760.709 106.00112     2.900    -1.482               3.456
  4760.721 106.00113     1.015    -4.855               3.456
  4760.725      21.0     2.614    -3.201
  4760.730      62.1     0.544    -2.010
  4760.748      28.0     3.699    -2.50
  4760.749      64.0     0.213    -0.845
  4760.752     607.0     0.080    -4.452               7.650
  4760.763      24.0     3.450    -3.165
  4760.775      27.0     2.874    -2.730
  4760.799      58.1     0.328    -2.660
  4760.859 106.00113     0.873    -4.580               3.456
  4760.864      23.0     2.122    -3.662
  4760.867     107.0     3.190    -4.501               3.450
  4760.882 106.00112     2.900    -1.495               3.456
  4760.889      25.0     5.338    -1.699
  4760.913      24.0     4.533    -1.566
  4760.924     607.0     0.875    -4.393               7.650
  4760.925 106.00113     1.015    -4.855               3.456
  4760.927 106.00112     3.059    -2.516               3.456
  4760.975      39.0     0.066    -1.45
  4761.002 106.00112     2.900    -4.090               3.456
  4761.009      23.1     2.050    -3.557
  4761.011     107.0     2.961    -3.561               3.450
  4761.034     607.0     0.049    -4.927               7.650
  4761.063 106.00112     0.872    -2.755               3.456
  4761.083      42.0     3.156    -1.519
  4761.090 106.00112     3.059    -2.527               3.456
  4761.000      26.0     4.95     -2.10
  4761.095      26.0     4.50     -1.90
  4761.110      90.1     2.054    -0.686
  4761.127 106.00113     0.873    -2.755               3.456
  4761.138     607.0     0.140    -4.583               7.650
  4761.140      70.1     5.921    -1.050
  4761.142      26.1     9.757    -3.280
  4761.183 106.00112     0.639    -2.892               3.456
  4761.227      21.0     4.204    -3.764
  4761.227     607.0     0.064    -4.483               7.650
  4761.244      58.1     0.808    -2.630
  4761.244      24.0     3.122    -1.70
  4761.263      28.1     4.029    -3.50
  4761.265 106.00112     0.872    -2.728               3.456
  4761.281      42.0     3.247    -1.771
  4761.294 106.00112     0.872    -4.580               3.456
  4761.317 106.00113     0.873    -2.728               3.456
  4761.324 106.00112     0.639    -2.866               3.456
  4761.326 106.00113     0.640    -4.857               3.456
  4761.339      24.0     4.613    -1.30
  4761.383 106.00112     0.639    -4.857               3.456
  4761.401      23.1     6.713    -3.974
  4761.428      20.0     5.453    -2.854
  4761.428      24.1     5.670    -2.345
  4761.494 106.00113     3.467    -2.055               3.456
  4761.499      25.0     2.953    -1.025
  4761.507      25.0     2.953    -0.564
  4761.511      25.0     2.953    -0.928
  4761.519      25.0     2.953    -1.041
  4761.524      25.0     2.953    -0.928
  4761.536      25.0     2.953    -1.472
  4761.571      42.0     4.329    -0.878
  4761.581     607.0     1.380    -4.632               7.650
  4761.652     107.0     3.260    -4.491               3.450
  4761.730      24.0     3.375    -1.80
  4761.733      58.1     2.415    -1.530
  4761.750      21.1     8.023    -1.356
  4761.757 106.00113     0.640    -2.892               3.456
  4761.818 106.00113     3.467    -2.064               3.456
  4761.823 106.00113     2.663    -2.978               3.456
  4761.829     607.0     1.052    -3.158               7.650
  4761.863      26.0     4.435    -3.883
  4761.880 106.00113     0.640    -2.866               3.456
  4761.898      27.0     2.877    -4.376
  4761.947     607.0     0.975    -4.349               7.650
  4761.966      69.1     4.030    -1.770
  4761.973      25.0     4.273    -2.647
  4761.975 106.00113     2.663    -2.962               3.456
  4761.997     607.0     0.975    -2.948               7.650
  4762.018 106.00113     3.639    -4.930               3.456
  4762.020 106.00112     1.015    -4.855               3.456
  4762.029      26.1     7.845    -3.838
  4762.036 106.00113     3.551    -2.332               3.456
  4762.102      27.0     3.952    -1.20
  4762.118 106.00112     0.873    -2.755               3.456
  4762.119      58.1     1.495    -2.790
  4762.171     607.0     1.013    -3.960               7.650
  4762.206     607.0     0.129    -4.572               7.650
  4762.224 106.00112     1.015    -4.855               3.456
  4762.229      58.1     2.416    -2.590
  4762.231 106.00112     0.873    -2.728               3.456
  4762.260      26.0     2.728    -4.791
  4762.261 106.00112     0.873    -4.580               3.456
  4762.263 106.00113     3.551    -2.341               3.456
  4762.290      22.0     3.351    -3.760
  4762.298      58.1     1.404    -1.140
  4762.308       6.0     7.480    -2.463
  4762.325      24.0     4.096    -3.618
  4762.347      25.0     2.889    -0.177
  4762.351      65.1     0.126    -1.830
  4762.355      25.0     2.889    -1.273
  4762.360      25.0     2.889    -0.281
  4762.361      25.0     2.889    -2.688
  4762.367      25.0     2.889    -1.085
  4762.371      25.0     2.889    -0.394
  4762.373      25.0     2.889    -2.353
  4762.377      25.0     2.889    -1.047
  4762.381      25.0     2.889    -0.516
  4762.382      25.0     2.889    -2.256
  4762.385      25.0     2.889    -1.102
  4762.388      25.0     2.889    -0.646
  4762.389      25.0     2.889    -2.387
  4762.391      25.0     2.889    -1.290
  4762.393      25.0     2.889    -0.779
  4762.403      42.0     3.359    -1.769
  4762.501      69.1     4.311    -1.250
  4762.528       6.0     7.483    -2.05
  4762.546      58.1     3.484    -2.470
  4762.564      26.0     4.652    -4.827
  4762.596     107.0     3.149    -3.417               3.450
  4762.615      26.0     4.473    -3.597
  4762.627      28.0     1.935    -2.420
  4762.642      68.1     2.064    -0.644
  4762.662 106.00112     0.640    -2.892               3.456
  4762.667 106.00113     3.555    -1.144               3.456
  4762.671      23.0     2.575    -2.643
  4762.692 106.00112     0.640    -2.866               3.456
  4762.705      23.0     3.056    -3.559
  4762.710 106.00113     3.555    -1.154               3.456
  4762.724      59.1     0.422    -0.976
  4762.744      23.0     0.275    -4.577
  4762.746      21.0     2.320    -1.722
  4762.751 106.00112     0.640    -4.857               3.456
  4762.753      40.0     1.834    -0.040
  4762.769      69.1     4.571    -3.180
  4762.775      58.1     1.092    -3.790
  4762.776      22.1     1.084    -2.90
  4762.789      25.1     5.397    -2.528
  4762.840      58.1     0.792    -1.760
  4762.952      39.0     2.003    -1.240
  4762.994 106.00112     1.255    -2.925               3.456
  4762.994 106.00112     1.255    -2.834               3.456
  4763.082      21.0     1.996    -1.662
  4763.118 106.00113     1.490    -4.622               3.456
  4763.125      76.0     4.787     0.130
  4763.171      24.1     9.955    -4.938
  4763.218 106.00113     1.365    -2.450               3.456
  4763.227 106.00113     2.949    -2.554               3.456
  4763.248 106.00113     1.365    -2.433               3.456
  4763.264      21.0     4.527    -1.996
  4763.276     607.0     1.380    -4.625               7.650
  4763.298      58.1     1.495    -1.790
  4763.300      60.1     0.976    -1.460
  4763.313      26.0     4.178    -3.00
  4763.327 106.00113     1.490    -2.763               3.456
  4763.336      92.1     0.889    -1.937
  4763.348 106.00113     3.059    -2.527               3.456
  4763.363     607.0     0.922    -4.065               7.650
  4763.370 106.00113     2.949    -2.567               3.456
  4763.391     107.0     3.149    -3.417               3.450
  4763.393      26.0     4.593    -3.983
  4763.402 106.00113     3.059    -2.516               3.456
  4763.406     607.0     0.922    -3.345               7.650
  4763.431     607.0     0.990    -2.948               7.650
  4763.475     107.0     3.215    -4.969               3.450
  4763.477     607.0     0.089    -4.424               7.650
  4763.478     607.0     0.072    -4.453               7.650
  4763.482     607.0     0.990    -4.363               7.650
  4763.495     607.0     1.180    -3.410               7.650
  4763.504      24.0     3.375    -3.172
  4763.515      26.1     7.920    -3.468
  4763.582     607.0     1.180    -4.694               7.650
  4763.584 106.00113     1.649    -2.314               3.456
  4763.617      60.1     0.380    -1.15
  4763.645 106.00113     1.138    -4.502               3.456
  4763.657      26.0     4.446    -4.555
  4763.663 106.00113     1.490    -2.744               3.456
  4763.683     607.0     1.069    -3.163               7.650
  4763.707      20.0     5.045    -2.774
  4763.735      58.1     0.910    -1.00
  4763.742     607.0     1.069    -4.152               7.650
  4763.749 106.00113     1.138    -2.747               3.456
  4763.799 106.00113     1.649    -2.331               3.456
  4763.811      23.0     2.968    -3.797
  4763.832      64.0     1.349     0.115
  4763.840     607.0     0.152    -4.563               7.650
  4763.856      27.0     3.952    -1.932
  4763.860      60.1     0.182    -1.080
  4763.870 106.00112     1.365    -2.433               3.456
  4763.883      22.1     1.221    -2.359
  4763.912      58.1     1.026    -0.920
  4763.926 106.00112     1.365    -2.450               3.456
  4763.942      28.0     3.655    -0.842
  4763.951      26.1     8.307    -4.898
  4763.960     607.0     0.056    -4.887               7.650
  4763.965     107.0     3.215    -4.950               3.450
  4764.020      27.0     4.113    -2.700
  4764.049 106.00113     1.138    -2.717               3.456
  4764.084      58.1     0.960    -1.780
  4764.108      42.0     3.617    -0.289
  4764.158 106.00113     1.491    -4.622               3.456
  4764.174      24.0     3.847    -3.777
  4764.174 106.00112     2.663    -2.978               3.456
  4764.181 106.00112     1.649    -2.314               3.456
  4764.232      26.0     4.154    -3.786
  4764.256      58.1     3.728    -2.020
  4764.293      24.0     3.551    -0.280
  4764.299 106.00112     2.949    -2.554               3.456
  4764.340     607.0     0.934    -3.335               7.650
  4764.360 106.00112     1.490    -2.763               3.456
  4764.389      58.1     3.550    -2.550
  4764.392 106.00112     2.663    -2.962               3.456
  4764.415      44.0     3.410    -0.220
  4764.415      42.0     2.291    -1.333
  4764.421 106.00113     1.138    -4.502               3.456
  4764.437 106.00112     3.555    -4.190               3.456
  4764.462 106.00112     2.949    -2.567               3.456
  4764.462 106.00113     1.491    -2.763               3.456
  4764.464      58.1     1.709    -0.920
  4764.476 106.00112     1.649    -2.331               3.456
  4764.480      27.0     4.149    -4.202
  4764.524      22.1     1.237    -2.70
  4764.544      23.0     2.264    -3.649
  4764.551 106.00112     1.490    -4.622               3.456
  4764.578 106.00112     3.555    -1.144               3.456
  4764.594 106.00112     3.555    -1.154               3.456
  4764.603 106.00113     1.138    -2.747               3.456
  4764.626 106.00112     1.490    -2.744               3.456
  4764.643      24.0     3.013    -1.650
  4764.649     107.0     3.214    -4.922               3.450
  4764.703 106.00113     1.491    -2.744               3.456
  4764.720      58.0     0.274    -0.856
  4764.723     607.0     0.043    -4.960               7.650
  4764.728      25.1     5.398    -1.351
  4764.760      26.0     4.85     -1.90
  4764.796      58.1     1.107    -1.710
  4764.816 106.00112     1.138    -2.747               3.456
  4764.826 106.00113     1.138    -2.717               3.456
  4764.838     607.0     0.976    -3.518               7.650
  4764.864      18.1    17.266    -0.060
  4764.875      69.1     3.958    -3.070
  4764.906     607.0     1.148    -3.616               7.650
  4764.907      25.1     6.812    -4.803
  4764.945      70.1     5.341    -3.520
  4765.005 106.00113     2.514    -4.693               3.456
  4765.048 106.00112     1.138    -2.717               3.456
  4765.062 106.00112     1.138    -4.502               3.456
  4765.062      25.1     6.139    -3.663
  4765.109      24.1     5.662    -2.359
  4765.118      58.1     3.283    -3.480
  4765.232      59.1     0.372    -1.164
  4765.276      58.1     1.206    -1.430
  4765.281      24.0     4.535    -3.139
  4765.335     607.0     1.178    -4.552               7.650
  4765.437      23.0     2.138    -3.270
  4765.457      26.0     4.076    -1.70
  4765.480      26.0     1.608    -4.140
  4765.496 106.00112     1.491    -2.763               3.456
  4765.518 106.00113     1.576    -2.349               3.456
  4765.564 106.00113     1.576    -2.331               3.456
  4765.591 106.00112     1.491    -4.622               3.456
  4765.637      23.0     2.359    -3.613
  4765.662      58.1     1.406    -2.590
  4765.666 106.00112     1.491    -2.744               3.456
  4765.671 106.00112     1.138    -2.747               3.456
  4765.671     607.0     1.180    -3.400               7.650
  4765.689      27.0     4.147    -1.405
  4765.725     107.0     3.162    -4.614               3.450
  4765.744     607.0     0.886    -4.400               7.650
  4765.811 106.00113     2.665    -2.962               3.456
  4765.825 106.00112     1.138    -2.717               3.456
  4765.838      69.1     4.387    -2.700
  4765.839 106.00112     1.138    -4.502               3.456
  4765.846      25.0     2.941    -0.0
  4765.856     607.0     0.080    -4.425               7.650
  4765.889      23.0     1.950    -3.000
  4765.911      58.1     1.088    -3.360
  4765.921      23.1     8.157    -0.681
  4765.932 106.00113     3.555    -4.190               3.456
  4765.961      24.0     3.966    -3.124
  4765.966      26.0     4.473    -3.426
  4766.002      25.0     4.425    -1.730
  4766.009 106.00113     2.666    -2.978               3.456
  4766.061      21.1     8.011    -1.828
  4766.090     607.0     0.140    -4.553               7.650
  4766.159      58.1     1.796    -1.380
  4766.241 106.00112     1.576    -2.331               3.456
  4766.273 106.00112     1.576    -2.349               3.456
  4766.275      23.0     2.359    -3.701
  4766.299      26.0     4.549    -4.682
  4766.316      23.0     3.080    -1.703
  4766.317      22.0     2.249    -0.842
  4766.323      24.0     3.847    -3.845
  4766.343 106.00112     3.555    -2.046               3.456
  4766.347     607.0     0.098    -4.398               7.650
  4766.350 106.00112     3.555    -2.055               3.456
  4766.358      26.0     4.607    -2.378
  4766.415     607.0     1.083    -4.699               7.650
  4766.418      25.0     2.920     0.15
  4766.468     107.0     3.162    -4.587               3.450
  4766.514      72.0     1.738    -1.010
  4766.525     607.0     0.164    -4.544               7.650
  4766.532      69.1     4.723    -1.910
  4766.561      23.0     2.359    -2.877
  4766.570      22.0     3.424    -3.940
  4766.601      90.0     0.479    -2.075
  4766.605     607.0     0.990    -4.358               7.650
  4766.620     607.0     1.069    -3.146               7.650
  4766.623      23.0     2.040    -0.120
  4766.627     607.0     0.897    -4.951               7.650
  4766.634      24.0     3.556    -0.70
  4766.645      24.0     4.416    -3.931
  4766.656     607.0     0.990    -2.933               7.650
  4766.664      25.0     5.199    -0.560
  4766.670      69.1     3.102    -1.670
  4766.672       6.0     7.483    -2.617
  4766.672      26.0     3.415    -4.364
  4766.694      24.0     3.011    -3.330
  4766.751      26.0     4.835    -4.395
  4766.753      26.0     4.154    -2.148
  4766.768     607.0     1.149    -3.609               7.650
  4766.786      41.0     2.145    -0.490
  4766.787      26.0     4.593    -1.70
  4766.787      69.1     4.531    -3.390
  4766.845      23.0     3.066    -3.641
  4766.859      24.1     8.469    -2.239
  4766.866      26.0     3.417    -2.70
  4766.873      22.1     5.647    -1.770
  4766.880      57.0     0.000    -1.110
  4766.941 106.00112     2.514    -4.693               3.456
  4766.958      69.1     4.387    -2.440
  4766.960      69.0     2.624    -1.710
  4766.970      69.1     4.162    -2.610
  4766.981     607.0     1.295    -3.873               7.650
  4766.994      24.0     4.099    -3.369
  4767.021     607.0     0.064    -4.851               7.650
  4767.082      58.1     1.079    -2.590
  4767.141      27.0     4.058    -0.50
  4767.248      64.0     0.927     0.256
  4767.248     607.0     0.049    -4.917               7.650
  4767.253      26.0     4.103    -3.244
  4767.267      24.0     3.556    -1.020
  4767.268      58.1     3.508    -2.060
  4767.302      58.1     3.486    -1.100
  4767.359 106.00113     1.367    -2.433               3.456
  4767.416      29.0     5.725    -0.810
  4767.430      23.0     2.638    -2.810
  4767.473      24.0     3.449    -2.872
  4767.516      27.0     4.240    -3.224
  4767.536      26.0     4.608    -3.854
  4767.544      22.0     3.179    -2.385
  4767.550      23.0     2.578    -1.796
  4767.562      58.1     0.561    -2.990
  4767.582 106.00113     1.368    -2.450               3.456
  4767.598      27.0     4.058    -2.357
  4767.607      21.0     3.101    -3.354
  4767.660      60.1     0.559    -1.620
  4767.677      22.0     3.351    -4.052
  4767.713      70.1     7.003    -2.320
  4767.814      25.0     4.666    -1.250
  4767.856      24.0     3.556    -0.530
  4767.895      69.1     4.684    -3.330
  4767.934      20.0     6.035    -3.459
  4767.934      70.1     7.273    -3.590
  4767.940      58.1     1.339    -3.930
  4767.982 106.00112     1.367    -2.433               3.456
  4767.987      20.0     6.035    -3.151
  4767.996     107.0     3.162    -4.537               3.450
  4768.023      27.1     8.736    -4.206
  4768.028      70.1     7.080    -1.560
  4768.089      27.0     3.191    -0.90
  4768.098     607.0     0.934    -4.073               7.650
  4768.143     607.0     0.934    -3.326               7.650
  4768.194      58.1     2.129    -0.920
  4768.225      58.1     1.212    -1.510
  4768.232 106.00112     2.665    -2.962               3.456
  4768.262      74.1     3.126    -0.660
  4768.291 106.00112     1.368    -2.450               3.456
  4768.315      70.1     5.633    -1.890
  4768.320      26.0     3.686    -1.40
  4768.337     607.0     1.005    -2.933               7.650
  4768.362      27.1     9.105    -2.641
  4768.364 106.00112     2.666    -2.978               3.456
  4768.390     607.0     1.005    -4.371               7.650
  4768.396      26.0     2.938    -2.461
  4768.401     607.0     0.089    -4.398               7.650
  4768.407      25.1     5.397    -4.210
  4768.423 106.00113     3.555    -2.055               3.456
  4768.442 106.00112     3.137    -2.516               3.456
  4768.444      22.0     1.734    -4.036
  4768.455     107.0     2.852    -3.863               3.450
  4768.478     607.0     0.152    -4.535               7.650
  4768.511      58.1     1.613    -1.730
  4768.512 106.00113     1.306    -4.899               3.456
  4768.550      26.1     7.708    -2.566
  4768.577      58.1     0.812    -3.020
  4768.578      24.0     4.106    -1.30
  4768.601 106.00113     3.555    -2.046               3.456
  4768.614     107.0     2.852    -3.863               3.450
  4768.632     607.0     1.086    -3.151               7.650
  4768.664      92.0     0.077    -1.650
  4768.692     607.0     1.086    -4.160               7.650
  4768.698      24.0     5.111    -3.175
  4768.699      26.0     4.076    -1.95
  4768.708 106.00113     1.306    -4.899               3.456
  4768.708      23.0     2.379    -3.245
  4768.742      20.0     6.035    -3.619
  4768.781      24.0     4.389    -3.563
  4768.791      58.1     0.869    -0.920
  4768.794 106.00112     3.137    -2.505               3.456
  4768.811      28.0     4.167    -1.70
  4768.866     607.0     1.295    -3.865               7.650
  4768.941      58.1     2.129    -2.000
  4768.978      73.0     1.517    -1.180
  4769.056      26.0     4.387    -3.029
  4769.066     107.0     2.828    -3.906               3.450
  4769.099      69.1     4.140    -1.280
  4769.104      26.0     3.301    -9.99
  4769.110      22.0     3.409    -3.098
  4769.164      69.1     4.364    -1.990
  4769.181     107.0     2.828    -3.906               3.450
  4769.199      24.0     4.613    -2.095
  4769.204     607.0     1.039    -3.958               7.650
  4769.221      69.1     4.324    -1.510
  4769.246      20.0     5.045    -3.004
  4769.256 106.00113     1.578    -2.331               3.456
  4769.266      92.1     0.000    -2.285
  4769.304      44.0     0.811    -1.900
  4769.317      27.0     4.058    -2.809
  4769.322 106.00113     1.456    -4.572               3.456
  4769.333 106.00113     0.837    -4.535               3.456
  4769.347     607.0     0.108    -4.373               7.650
  4769.352      58.1     1.088    -1.700
  4769.353      22.0     2.495    -3.049
  4769.365     607.0     0.948    -3.317               7.650
  4769.389      26.1     7.946    -3.802
  4769.418      28.1     6.989    -3.638
  4769.439      23.0     2.638    -3.434
  4769.449 106.00113     0.837    -2.780               3.456
  4769.452 106.00113     1.578    -2.349               3.456
  4769.455      24.0     3.551    -4.214
  4769.477 106.00113     1.455    -2.780               3.456
  4769.524      26.0     2.759    -4.890
  4769.531      22.0     2.506    -2.095
  4769.546      69.1     4.433    -2.680
  4769.680      58.1     1.274    -2.410
  4769.688 106.00113     0.709    -4.989               3.456
  4769.693 106.00113     2.517    -4.693               3.456
  4769.719     607.0     1.243    -4.362               7.650
  4769.765      22.0     2.256    -0.836
  4769.766 106.00113     0.837    -2.750               3.456
  4769.782      58.1     0.459    -1.980
  4769.802      24.0     4.144    -1.334
  4769.812      26.0     4.435    -2.10
  4769.827 106.00113     1.456    -2.758               3.456
  4769.827      26.1     7.869    -4.439
  4769.863      69.1     3.715    -1.380
  4769.866      27.0     4.209    -2.626
  4769.889 106.00112     1.306    -4.899               3.456
  4769.904 106.00113     0.709    -4.989               3.456
  4769.920     607.0     0.056    -4.878               7.650
  4769.934 106.00112     1.578    -2.331               3.456
  4769.988      24.0     4.133    -1.00
  4770.026       6.0     7.483    -2.439
  4770.030      24.0     4.618    -0.796
  4770.045      69.1     2.185    -3.010
  4770.055      26.0     4.733    -2.534
  4770.084 106.00112     1.306    -4.899               3.456
  4770.146 106.00113     0.838    -4.535               3.456
  4770.153      23.1     8.599    -3.499
  4770.187      60.0     0.293    -0.170
  4770.191      62.0     0.282    -0.603
  4770.207 106.00112     1.578    -2.349               3.456
  4770.209 106.00113     1.456    -4.572               3.456
  4770.215      58.1     0.737    -3.230
  4770.228     607.0     0.072    -4.817               7.650
  4770.252      69.1     4.660    -2.750
  4770.310 106.00113     3.560    -1.144               3.456
  4770.337      24.0     4.613    -2.108
  4770.341 106.00113     0.838    -2.780               3.456
  4770.351      25.1     5.398    -2.290
  4770.393      20.0     5.049    -3.093
  4770.426      57.0     0.869    -0.920
  4770.451 106.00113     1.456    -2.780               3.456
  4770.517 106.00112     0.837    -2.780               3.456
  4770.535      20.0     5.987    -3.054
  4770.567     607.0     1.198    -4.559               7.650
  4770.576 106.00112     1.455    -2.780               3.456
  4770.578 106.00113     0.838    -2.750               3.456
  4770.609     107.0     3.003    -3.520               3.450
  4770.668      69.1     3.797    -2.770
  4770.673      24.0     3.013    -1.70
  4770.702     607.0     0.898    -4.406               7.650
  4770.715 106.00113     1.456    -2.758               3.456
  4770.725      69.1     4.141    -3.760
  4770.760 106.00112     0.837    -2.750               3.456
  4770.772      21.1     8.023    -3.843
  4770.774 106.00112     0.837    -4.535               3.456
  4770.785 106.00112     1.456    -4.572               3.456
  4770.840 106.00113     3.560    -1.154               3.456
  4770.863 106.00112     1.456    -2.758               3.456
  4770.911     607.0     0.177    -4.526               7.650
  4770.917      58.1     1.251    -1.850
  4770.924 106.00113     3.137    -2.516               3.456
  4770.964     607.0     1.204    -3.402               7.650
  4770.976      69.1     3.947    -3.450
  4770.984      24.0     3.850    -3.801
  4771.011 106.00112     0.709    -4.989               3.456
  4771.034 106.00113     0.597    -4.854               3.456
  4771.053     607.0     1.205    -4.700               7.650
  4771.055      26.0     4.638    -3.407
  4771.057      20.0     5.018    -4.138
  4771.079      27.0     3.133    -0.80
  4771.095     607.0     0.098    -4.373               7.650
  4771.096      22.0     0.826    -2.370
  4771.116     107.0     3.003    -3.520               3.450
  4771.212      70.1     6.354    -3.950
  4771.213     607.0     0.164    -4.518               7.650
  4771.223      23.0     2.253    -3.923
  4771.227 106.00112     0.709    -4.989               3.456
  4771.293 106.00113     0.597    -2.918               3.456
  4771.297     607.0     1.244    -4.356               7.650
  4771.337     607.0     1.039    -3.952               7.650
  4771.340      69.0     1.893    -2.610
  4771.409 106.00112     0.838    -2.780               3.456
  4771.436     607.0     1.005    -4.366               7.650
  4771.437 106.00113     1.507    -2.368               3.456
  4771.450      21.0     2.109    -2.614
  4771.470      26.0     5.05     -0.30
  4771.482 106.00113     1.507    -2.349               3.456
  4771.489     607.0     1.005    -2.919               7.650
  4771.502      22.0     3.458    -2.857
  4771.502      24.0     3.113    -3.023
  4771.505 106.00113     3.137    -2.505               3.456
  4771.535 106.00113     3.285    -1.288               3.456
  4771.537 106.00113     1.291    -2.468               3.456
  4771.544     607.0     1.086    -3.135               7.650
  4771.550 106.00113     0.597    -2.888               3.456
  4771.550 106.00112     1.456    -2.780               3.456
  4771.555 106.00113     1.107    -4.428               3.456
  4771.573 106.00112     0.838    -2.750               3.456
  4771.576 106.00113     1.291    -2.451               3.456
  4771.587 106.00112     0.838    -4.535               3.456
  4771.594 106.00113     1.107    -2.774               3.456
  4771.598      24.0     3.013    -1.967
  4771.621      58.1     1.930    -2.210
  4771.632 106.00112     2.517    -4.693               3.456
  4771.662      24.1     5.871    -3.837
  4771.669      58.1     1.366    -3.820
  4771.673 106.00112     1.456    -4.572               3.456
  4771.676      62.1     0.998    -1.990
  4771.685      25.0     3.763    -1.882
  4771.696      26.0     2.198    -3.364
  4771.750       6.0     7.488    -1.866
  4771.750      24.0     3.850    -3.927
  4771.751 106.00112     1.456    -2.758               3.456
  4771.760      27.1     8.736    -3.381
  4771.777     107.0     3.206    -3.388               3.450
  4771.783      27.0     4.209    -3.549
  4771.841      22.0     3.186    -4.100
  4771.853 106.00113     3.285    -1.277               3.456
  4771.856      41.0     1.157    -1.770
  4771.863      24.0     4.778    -4.068
  4771.881      26.0     4.473    -4.719
  4771.884      26.0     4.371    -2.65
  4771.931      27.0     3.732    -4.253
  4771.935 106.00113     1.107    -2.740               3.456
  4771.942      66.0     2.184     0.514
  4771.988      70.1     5.828    -2.280
  4772.127 106.00112     1.507    -4.948               3.456
  4772.132     107.0     3.136    -4.660               3.450
  4772.181      21.0     3.057    -2.568
  4772.181      24.1     8.469    -2.557
  4772.195 106.00113     1.108    -4.428               3.456
  4772.211      70.1     6.847    -2.100
  4772.220 106.00113     0.597    -4.854               3.456
  4772.227 106.00112     3.560    -1.144               3.456
  4772.235      70.1     7.005    -2.270
  4772.238 106.00112     1.507    -2.349               3.456
  4772.258      60.0     0.140    -0.658
  4772.262      70.1     6.076    -2.380
  4772.266 106.00112     1.507    -2.368               3.456
  4772.286 106.00112     1.291    -2.451               3.456
  4772.288 106.00112     0.597    -2.918               3.456
  4772.302 106.00113     1.108    -2.774               3.456
  4772.323      40.0     0.623    -0.15 
  4772.332 106.00112     1.291    -2.468               3.456
  4772.364      24.0     5.094    -3.555
  4772.380 106.00113     1.507    -4.948               3.456
  4772.425      70.1     5.572    -2.700
  4772.451     607.0     1.415    -4.626               7.650
  4772.459 106.00112     0.597    -2.888               3.456
  4772.492     607.0     0.118    -4.349               7.650
  4772.507 106.00112     0.597    -4.854               3.456
  4772.573 106.00112     3.560    -4.190               3.456
  4772.576 106.00113     1.108    -2.740               3.456
  4772.580 106.00113     0.597    -2.918               3.456
  4772.589      27.0     4.072    -3.696
  4772.619      23.0     1.942    -4.319
  4772.667      27.0     4.072    -2.794
  4772.687      27.0     3.409    -3.745
  4772.690     107.0     3.206    -3.388               3.450
  4772.693      92.1     0.285    -1.880
  4772.728 106.00112     1.107    -2.774               3.456
  4772.730 106.00112     3.560    -1.154               3.456
  4772.737 106.00113     0.597    -2.888               3.456
  4772.747     607.0     0.064    -4.841               7.650
  4772.785      14.0     4.930    -3.208
  4772.803      26.0     1.557    -3.20
  4772.830      26.0     3.015    -2.192
  4772.863      28.0     3.706    -1.333
  4772.880      60.1     0.631    -1.050
  4772.987     107.0     3.136    -4.631               3.450