DEIMOS
  5750.001      23.0     3.066    -2.394
  5750.030      26.0     5.010    -2.383
  5750.083      26.0     4.966    -3.859
  5750.207     607.0     0.263    -3.755               7.650
  5750.208      69.1     4.606    -1.650
  5750.222      58.1     1.709    -2.380
  5750.222     607.0     0.263    -3.237               7.650
  5750.229      26.0     5.352    -4.877
  5750.248      69.1     2.784    -2.260
  5750.249      23.0     3.056    -3.413
  5750.255      23.1     9.054     0.081
  5750.282 106.00112     3.381    -4.437               3.456
  5750.335 106.00112     3.382    -4.426               3.456
  5750.399     607.0     0.316    -3.002               7.650
  5750.444      21.0     3.172    -1.282
  5750.530      24.0     5.615    -2.245
  5750.555      92.0     1.098    -1.057
  5750.592      26.1     9.100    -3.953
  5750.631      69.1     4.324    -2.080
  5750.639      58.1     1.406    -1.400
  5750.639      70.1     5.510    -2.360
  5750.649      23.0     1.955    -1.187
  5750.662      24.0     5.617    -2.057
  5750.722      25.1     6.812    -3.713
  5750.883      26.1     7.806    -2.356
  5750.907 106.00113     2.281    -4.304               3.456
  5750.947      27.0     4.572    -1.434
  5750.980 106.00113     2.281    -4.321               3.456
  5750.985      24.0     3.966    -3.605
  5750.986 106.00113     2.451    -4.277               3.456
  5750.996     607.0     1.304    -2.287               7.650
  5751.036      20.1     8.763    -1.279
  5751.066      58.1     2.003    -2.670
  5751.079      23.0     2.365    -1.520
  5751.084     607.0     0.255    -4.063               7.650
  5751.090     607.0     0.255    -4.541               7.650
  5751.099 106.00112     1.270    -4.700               3.456
  5751.109      58.1     1.581    -2.770
  5751.143     607.0     0.266    -3.739               7.650
  5751.161     607.0     0.266    -3.163               7.650
  5751.162 106.00113     2.717    -4.272               3.456
  5751.195      25.1     6.812    -4.123
  5751.218 106.00112     1.490    -3.744               3.456
  5751.238     607.0     0.364    -2.942               7.650
  5751.258      22.0     3.305    -1.751
  5751.258      24.1     8.350    -4.183
  5751.328     607.0     1.420    -1.929               7.650
  5751.330      22.0     2.250    -3.585
  5751.333     607.0     0.364    -4.545               7.650
  5751.369      28.0     5.004    -3.109
  5751.408      42.0     1.420    -1.014
  5751.420      41.0     1.505    -1.420
  5751.454     607.0     1.420    -3.761               7.650
  5751.459      23.0     2.359    -4.947
  5751.486    26.1      10.629    -0.610
  5751.492      69.1     5.004    -3.190
  5751.515     607.0     0.262    -4.241               7.650
  5751.542 106.00112     1.490    -3.676               3.456
  5751.542 106.00113     2.451    -4.259               3.456
  5751.544      26.0     4.584    -3.059
  5751.553      26.0     5.100    -3.186
  5751.586      20.0     4.441    -2.198
  5751.591     607.0     0.455    -3.966               7.650
  5751.595     607.0     0.262    -3.332               7.650
  5751.721 106.00113     2.717    -4.255               3.456
  5751.753      22.0     2.778    -3.624
  5751.753      22.0     3.285    -1.176
  5751.787     607.0     1.587    -3.627               7.650
  5751.796      69.1     3.505    -2.170
  5751.821      22.0     3.186    -2.008
  5751.826      58.1     1.296    -2.780
  5751.831      20.0     5.321    -1.787
  5751.849     607.0     1.659    -2.392               7.650
  5751.871      64.0     0.000    -1.646
  5751.888      58.1     2.373    -2.850
  5751.895     607.0     1.867    -3.415               7.650
  5751.963     607.0     1.761    -2.770               7.650
  5751.997     607.0     0.295    -2.896               7.650
  5752.022      44.0     1.002    -2.890
  5752.028     607.0     0.295    -3.752               7.650
  5752.032      26.0     4.549    -1.307
  5752.042     607.0     0.274    -3.454               7.650
  5752.058      23.0     3.278    -2.194
  5752.058 106.00112     3.567    -4.157               3.456
  5752.108 106.00113     3.138    -3.865               3.456
  5752.134 106.00113     3.138    -3.852               3.456
  5752.155      24.0     4.204    -3.431
  5752.204 106.00112     2.281    -4.304               3.456
  5752.204     607.0     0.482    -3.150               7.650
  5752.231      25.1     6.658    -1.937
  5752.234 106.00112     3.138    -3.852               3.456
  5752.245     607.0     0.256    -3.857               7.650
  5752.253     607.0     0.256    -4.189               7.650
  5752.254 106.00113     2.667    -4.194               3.456
  5752.258     607.0     0.324    -2.976               7.650
  5752.282     607.0     0.270    -3.729               7.650
  5752.302     607.0     0.270    -3.098               7.650
  5752.361      26.0     4.103    -4.392
  5752.365      69.1     2.185    -2.890
  5752.383      58.1     3.411    -0.740
  5752.393 106.00113     1.537    -4.013               3.456
  5752.410     607.0     0.351    -2.942               7.650
  5752.413 106.00112     3.567    -4.169               3.456
  5752.414      20.0     4.443    -1.554
  5752.436      58.1     4.090    -2.310
  5752.456 106.00112     2.717    -4.272               3.456
  5752.458     607.0     0.351    -3.531               7.650
  5752.485 106.00112     3.138    -3.865               3.456
  5752.498      58.0     0.999    -0.636
  5752.499     607.0     1.230    -4.174               7.650
  5752.500     7.0      11.844    -1.376
  5752.535      68.0     1.333    -0.417
  5752.575 106.00113     2.667    -4.207               3.456
  5752.591 106.00112     2.281    -4.321               3.456
  5752.608      27.0     4.175    -3.563
  5752.664 106.00112     2.451    -4.277               3.456
  5752.681 106.00113     1.538    -3.889               3.456
  5752.719      58.1     2.373    -2.270
  5752.727 106.00112     2.717    -4.255               3.456
  5752.744      23.0     1.869    -2.168
  5752.852      22.0     2.239    -1.683
  5752.876      27.0     3.576    -2.105
  5752.877      24.0     4.778    -3.117
  5752.929 106.00112     2.451    -4.259               3.456
  5752.942      75.0     1.436    -2.390
  5753.015      59.1     1.050    -1.068
  5753.015      59.1     1.050    -1.270
  5753.027      90.0     0.615    -2.251
  5753.104 106.00112     2.667    -4.194               3.456
  5753.123    26.0       4.257    -0.688
  5753.257      27.0     1.956    -2.698
  5753.315      69.1     4.355    -3.500
  5753.382      26.0     4.256    -3.455
  5753.436      14.0     5.616    -3.098
  5753.441      24.0     5.615    -3.163
  5753.518      60.1     0.205    -1.753
  5753.564      20.0     5.490    -4.444
  5753.583      70.1     6.456    -1.420
  5753.616     607.0     0.258    -3.744               7.650
  5753.617     607.0     0.274    -3.722               7.650
  5753.623      14.0     5.616    -1.754
  5753.627     607.0     0.258    -3.978               7.650
  5753.639     607.0     0.274    -3.040               7.650
  5753.661      24.0     4.532    -3.907
  5753.694      26.0     4.301    -3.898
  5753.730 106.00112     2.667    -4.207               3.456
  5753.747      23.1     9.113    -0.076
  5753.876     607.0     0.665    -4.752               7.650
  5753.912      69.1     4.140    -2.570
  5753.917     8.1      26.358    -2.598
  5753.974     607.0     1.261    -3.143               7.650
  5754.038      27.0     4.504    -3.716
  5754.052     607.0     1.261    -2.244               7.650
  5754.067      14.0     5.616    -1.673
  5754.074     607.0     1.867    -3.410               7.650
  5754.078     607.0     0.278    -3.325               7.650
  5754.148      64.0     0.927    -1.149
  5754.149      26.1     7.695    -3.070
  5754.184      23.0     2.115    -1.903
  5754.198     607.0     1.420    -3.760               7.650
  5754.218      14.0     4.954    -1.842
  5754.254      23.1     9.036    -0.378
  5754.260      66.0     1.251    -1.710
  5754.302     607.0     0.333    -2.951               7.650
  5754.323      24.1     8.351    -2.379
  5754.324     607.0     1.420    -1.921               7.650
  5754.377     607.0     1.304    -3.473               7.650
  5754.403      26.0     3.642    -2.830
  5754.491     607.0     1.304    -2.281               7.650
  5754.512      28.0     3.941    -3.611
  5754.529     607.0     1.265    -4.671               7.650
  5754.555      69.1     2.745    -2.890
  5754.587     607.0     1.203    -3.464               7.650
  5754.591      69.1     3.506    -1.980
  5754.596      58.1     1.355    -3.720
  5754.627      69.1     5.104    -0.760
  5754.642     607.0     1.505    -2.139               7.650
  5754.680    28.0       1.935    -2.340
  5754.701      70.1     5.747    -1.690
  5754.704      58.1     1.582    -1.390
  5754.704      27.0     4.504    -4.417
  5754.711     607.0     1.344    -3.436               7.650
  5754.719     607.0     0.302    -2.856               7.650
  5754.753     607.0     0.302    -3.752               7.650
  5754.780      26.0     5.385    -4.469
  5754.798     607.0     1.505    -4.136               7.650
  5754.800     607.0     1.344    -1.856               7.650
  5754.810      70.1     6.014    -1.150
  5754.817      25.1     8.129    -2.986
  5754.829     607.0     0.203    -4.563               7.650
  5754.839     607.0     0.256    -4.692               7.650
  5754.945     607.0     0.469    -3.974               7.650
  5754.967      24.0     5.479    -1.762
  5754.982      23.1     9.040    -0.917
  5755.009 106.00113     1.528    -3.602               3.456
  5755.022 106.00113     2.452    -4.277               3.456
  5755.023     607.0     0.364    -4.542               7.650
  5755.087      69.1     4.301    -3.240
  5755.106      24.0     4.419    -2.990
  5755.115      23.1     9.073    -0.570
  5755.118     607.0     0.364    -2.930               7.650
  5755.135      26.0     5.064    -2.504
  5755.141      23.0     3.099    -0.410
  5755.141 106.00113     2.719    -4.272               3.456
  5755.147     607.0     0.279    -3.718               7.650
  5755.158      69.1     4.469    -3.450
  5755.172     607.0     0.279    -2.988               7.650
  5755.174     607.0     0.279    -3.392               7.650
  5755.182     607.0     0.260    -3.670               7.650
  5755.195     607.0     0.260    -3.826               7.650
  5755.241     607.0     0.360    -2.918               7.650
  5755.247 106.00113     2.452    -4.259               3.456
  5755.292     607.0     0.360    -3.539               7.650
  5755.296      69.1     4.459    -3.500
  5755.297      24.0     4.778    -1.965
  5755.330 106.00113     2.719    -4.255               3.456
  5755.343 106.00113     1.528    -3.670               3.456
  5755.347      26.0     3.640    -2.892
  5755.353     607.0     1.586    -2.511               7.650
  5755.357      25.0     4.679    -4.127
  5755.359     607.0     1.362    -2.486               7.650
  5755.446      25.0     5.112    -2.498
  5755.499      22.1     5.567    -4.266
  5755.509      21.1     8.493    -2.093
  5755.520      69.0     2.338    -1.660
  5755.529      23.0     2.122    -1.766
  5755.536     607.0     1.586    -4.624               7.650
  5755.582      23.1     9.059     0.212
  5755.631      69.1     3.331    -1.910
  5755.633      58.1     1.796    -1.880
  5755.960      70.0     3.108    -1.094
  5755.961     607.0     0.503    -3.154               7.650
  5755.976      25.0     5.112    -4.078
  5756.049 106.00113     3.384    -4.426               3.456
  5756.073     607.0     0.503    -4.349               7.650
  5756.082      74.0     1.917    -2.260
  5756.124      26.1     6.803    -4.220
  5756.194      58.1     3.144    -2.580
  5756.202      59.1     1.004    -0.615
  5756.280      69.1     4.141    -3.930
  5756.283      24.0     5.617    -0.743
  5756.338 106.00112     2.719    -4.255               3.456
  5756.388      26.0     4.584    -5.012
  5756.425      22.0     2.256    -2.025
  5756.437 106.00112     2.719    -4.272               3.456
  5756.517      23.0     3.283    -3.746
  5756.534     607.0     0.341    -2.927               7.650
  5756.636 106.00112     2.452    -4.259               3.456
  5756.666 106.00113     3.385    -4.437               3.456
  5756.702 106.00112     2.452    -4.277               3.456
  5756.825      44.0     1.457    -2.510
  5756.825      44.0     1.457    -2.450
  5756.851      22.0     3.179    -0.654
  5756.851      23.1     9.059     0.720
  5756.899     607.0     0.284    -3.717               7.650
  5756.926     607.0     0.284    -2.941               7.650
  5756.928     607.0     0.263    -3.618               7.650
  5756.943     607.0     0.263    -3.706               7.650
  5756.989     607.0     1.505    -4.135               7.650
  5757.006     607.0     1.574    -2.173               7.650
  5757.011     607.0     1.420    -2.851               7.650
  5757.014      24.1     9.111    -1.579
  5757.065      22.0     3.559    -2.760
  5757.103      22.0     3.161    -2.440
  5757.122      20.0     5.453    -3.745
  5757.126      69.1     4.834    -1.270
  5757.146     607.0     1.505    -2.133               7.650
  5757.147     607.0     1.574    -3.544               7.650
  5757.170     607.0     1.277    -2.237               7.650
  5757.193     607.0     0.258    -4.390               7.650
  5757.209      27.0     4.504    -2.538
  5757.278      24.0     5.617    -3.072
  5757.396     607.0     1.586    -4.623               7.650
  5757.479      42.0     2.934    -2.133
  5757.524      69.1     3.804    -2.140
  5757.579     607.0     1.586    -2.505               7.650
  5757.590      39.0     1.983    -1.640
  5757.611     607.0     0.309    -2.819               7.650
  5757.617      21.0     3.607    -3.250
  5757.625      24.0     3.551    -3.718
  5757.647     607.0     0.309    -3.754               7.650
  5757.792      69.1     4.684    -1.860
  5757.802      58.1     2.051    -1.140
  5757.836      25.0     3.772    -4.636
  5757.879 106.00112     3.384    -4.426               3.456
  5757.886      14.0     5.863    -3.665
  5757.929      69.1     3.283    -1.640
  5757.975      62.0     1.543    -0.251
  5758.012      69.0     1.933    -0.834
  5758.048     607.0     1.672    -3.146               7.650
  5758.061      22.0     3.439    -3.392
  5758.075      20.0     5.578    -4.337
  5758.095      69.1     4.480    -1.930
  5758.105      21.0     4.504    -3.159
  5758.105      21.0     4.504    -1.846
  5758.109      58.0     0.954    -0.178
  5758.143      92.0     0.000    -2.104
  5758.227     607.0     0.371    -2.895               7.650
  5758.244      20.0     5.962    -3.501
  5758.280     607.0     0.371    -3.547               7.650
  5758.292      58.0     0.889    -0.242
  5758.311      24.0     3.122    -3.358
  5758.328     607.0     1.218    -3.795               7.650
  5758.340      23.1     9.113     0.566
  5758.357      92.0     0.530    -1.900
  5758.437     607.0     0.382    -2.930               7.650
  5758.438     607.0     0.284    -3.336               7.650
  5758.473      23.1     9.036     0.236
  5758.499     607.0     0.483    -3.983               7.650
  5758.533     607.0     0.382    -4.553               7.650
  5758.579       6.0     9.003    -1.990
  5758.597     607.0     0.278    -4.250               7.650
  5758.675 106.00112     3.385    -4.437               3.456
  5758.679     607.0     0.278    -3.317               7.650
  5758.761      69.1     4.834    -1.540
  5758.779      58.1     1.404    -2.190
  5758.788      66.0     1.056    -1.193
  5758.825     607.0     0.289    -3.718               7.650
  5758.855     607.0     0.289    -2.897               7.650
  5758.912     607.0     0.266    -3.580               7.650
  5758.917      23.1     9.054    -0.342
  5758.929     607.0     0.266    -3.608               7.650
  5758.964     607.0     0.351    -2.904               7.650
  5759.052      69.1     4.946    -1.550
  5759.143      23.1     9.045     0.590
  5759.143      26.1     6.219    -3.760
  5759.256      23.1     9.089    -0.635
  5759.262      26.0     4.652    -2.200
  5759.276      25.0     5.599    -2.166
  5759.386     607.0     0.503    -3.141               7.650
  5759.438     607.0     1.420    -4.346               7.650
  5759.444      69.1     4.340    -2.850
  5759.509      26.0     4.559    -2.223
  5759.511      62.1     1.610    -0.752
  5759.518 106.00113     2.803    -3.953               3.456
  5759.543      26.0     4.301    -2.259
  5759.601      74.0     3.613    -0.800
  5759.609     607.0     1.420    -2.846               7.650
  5759.614      22.1     5.569    -3.550
  5759.634      69.1     4.854    -1.380
  5759.716      69.1     4.081    -0.750
  5759.740      23.1     9.079    -0.327
  5759.741      22.0     3.439    -2.312
  5759.763 106.00113     2.803    -3.939               3.456
  5759.783      69.1     4.461    -0.960
  5759.808     607.0     0.260    -4.228               7.650
  5759.827      23.1     2.468    -4.605
  5759.840 106.00113     3.068    -3.879               3.456
  5759.859     607.0     1.610    -3.633               7.650
  5759.896      23.1     2.372    -3.560
  5759.975     607.0     1.574    -2.163               7.650
  5759.980      26.1     7.697    -3.710
  5759.988      60.1     1.412    -1.179
  5760.045      69.1     4.836    -1.960
  5760.072       6.0     9.003    -4.850
  5760.085      21.0     3.598    -2.807
  5760.102 106.00113     1.263    -4.881               3.456
  5760.105     607.0     1.672    -3.141               7.650
  5760.168      58.1     1.925    -1.040
  5760.177      70.1     3.017    -3.640
  5760.179      26.0     5.064    -2.708
  5760.210      69.0     1.088    -1.610
  5760.275      27.0     3.687    -2.911
  5760.277      26.0     5.314    -4.627
  5760.288      27.0     2.080    -4.337
  5760.304 106.00112     1.537    -4.013               3.456
  5760.321      41.0     1.079    -1.280
  5760.344      26.0     3.642    -2.620
  5760.352      58.1     4.630    -2.070
  5760.494 106.00112     3.068    -3.879               3.456
  5760.520 106.00113     3.068    -3.865               3.456
  5760.533      26.0     4.154    -4.117
  5760.551      90.0     0.000    -2.014
  5760.564     607.0     1.486    -3.482               7.650
  5760.570 106.00112     1.538    -3.889               3.456
  5760.590      58.0     0.499    -1.219
  5760.603 106.00112     2.803    -3.939               3.456
  5760.643 106.00112     2.803    -3.953               3.456
  5760.648     607.0     0.316    -2.785               7.650
  5760.688     607.0     0.316    -3.758               7.650
  5760.692      26.0     3.237    -4.761
  5760.695      26.0     4.154    -3.323
  5760.775      26.0     5.273    -3.231
  5760.828      28.0     4.105    -0.800
  5760.899 106.00112     3.068    -3.865               3.456
  5760.964     607.0     0.295    -3.721               7.650
  5760.996      58.1     0.960    -2.230
  5760.996     607.0     0.295    -2.857               7.650
  5761.008     8.1      26.358    -1.719
  5761.081      26.0     4.218    -3.318
  5761.099      22.0     3.439    -2.900
  5761.103     607.0     0.270    -3.553               7.650
  5761.123      26.1     7.971    -4.191
  5761.123     607.0     0.270    -3.524               7.650
  5761.141      21.0     3.172    -3.588
  5761.172      26.0     2.858    -5.099
  5761.247      59.1     1.053    -1.750
  5761.256      26.0     3.635    -3.055
  5761.310      23.1     7.951    -4.001
  5761.403      23.1     9.054    -1.103
  5761.415      24.0     5.617    -1.993
  5761.420      23.0     1.064    -1.070
  5761.437     607.0     0.381    -2.874               7.650
  5761.466     607.0     0.294    -3.311               7.650
  5761.493     607.0     0.381    -3.555               7.650
  5761.507      14.0     5.863    -1.598
  5761.517      24.0     4.207    -2.148
  5761.529      23.1     9.069    -1.024
  5761.551     607.0     1.326    -2.278               7.650
  5761.559     607.0     0.689    -4.758               7.650
  5761.569 106.00113     2.100    -4.573               3.456
  5761.581     607.0     0.360    -2.883               7.650
  5761.582      58.1     0.417    -3.710
  5761.622      73.0     3.006    -0.950
  5761.678      20.0     4.780    -2.033
  5761.690      60.1     1.044    -1.080
  5761.720      24.0     4.208    -3.229
  5761.745      23.1     9.117     0.070
  5761.755      20.0     4.451    -2.038
  5761.759      23.1     9.086     0.465
  5761.825      57.0     0.331    -1.040
  5761.855      25.1     8.129    -4.348
  5761.858 106.00113     2.100    -4.556               3.456
  5761.877     607.0     1.444    -1.921               7.650
  5761.894      22.0     3.199    -2.016
  5761.958     607.0     0.289    -3.286               7.650
  5762.005     607.0     1.444    -3.768               7.650
  5762.041      60.0     1.483     0.100
  5762.088      22.0     3.319    -1.506
  5762.133     607.0     0.382    -4.550               7.650
  5762.148     607.0     1.691    -2.393               7.650
  5762.156      24.0     4.535    -2.222
  5762.178     607.0     1.478    -2.079               7.650
  5762.208      22.0     3.294    -0.888
  5762.230      26.0     5.010    -2.183
  5762.230     607.0     0.382    -2.919               7.650
  5762.232     607.0     0.498    -3.991               7.650
  5762.236     607.0     0.217    -4.571               7.650
  5762.285     607.0     1.478    -3.240               7.650
  5762.286      22.0     3.285     0.286
  5762.303      23.1     9.059    -0.942
  5762.319     607.0     1.691    -3.912               7.650
  5762.329     607.0     1.361    -3.444               7.650
  5762.413      26.0     3.642    -2.410
  5762.421     607.0     1.361    -1.845               7.650
  5762.426     607.0     1.217    -3.472               7.650
  5762.439 106.00112     1.528    -3.670               3.456
  5762.456      26.1     7.790    -2.403
  5762.599     607.0     0.263    -4.125               7.650
  5762.608      26.0     4.580    -2.735
  5762.637      58.1     1.696    -1.290
  5762.732      23.0     2.575    -2.559
  5762.745 106.00112     1.528    -3.602               3.456
  5762.795      14.0     5.619    -3.977
  5762.801      68.0     0.000    -1.275
  5762.835      23.0     2.130    -2.283
  5762.840      26.0     4.301    -2.750
  5762.973     607.0     1.486    -3.478               7.650
  5762.975      26.0     4.191    -3.329
  5762.977      14.0     5.619    -1.517
  5762.982      14.0     5.619    -3.203
  5762.992      26.0     4.209    -0.580
  5762.994      58.1     3.484     0.430
  5762.996      26.0     4.191    -4.691
  5763.101      58.1     0.446    -3.180
  5763.164 106.00112     2.100    -4.556               3.456
  5763.187      23.1     9.113     0.812
  5763.188      64.1     2.402    -1.770
  5763.217 106.00112     2.100    -4.573               3.456
  5763.276     607.0     0.302    -3.725               7.650
  5763.310     607.0     0.302    -2.820               7.650
  5763.399      20.0     5.490    -4.971
  5763.405     607.0     0.525    -3.144               7.650
  5763.406      58.1     3.734    -3.740
  5763.428      14.0     5.619    -2.863
  5763.452      26.0     5.273    -4.381
  5763.460     607.0     0.274    -3.533               7.650
  5763.483     607.0     0.274    -3.451               7.650
  5763.495     107.0     3.491    -4.374               3.450
  5763.520     607.0     0.525    -4.356               7.650
  5763.529      90.0     0.356    -2.508
  5763.548      22.0     2.506    -2.564
  5763.566      78.0     4.379    -0.110
  5763.596      92.0     0.881    -1.554
  5763.599 106.00113     1.269    -4.494               3.456
  5763.628      26.0     5.086    -3.339
  5763.652      14.0     7.727    -3.698
  5763.662      92.0     0.908    -1.527
  5763.698      58.1     1.406    -1.460
  5763.805      23.0     3.371    -3.604
  5763.877     607.0     0.324    -2.753               7.650
  5763.918     607.0     0.324    -3.762               7.650
  5763.953      69.1     4.856    -1.660
  5764.005      58.1     1.244    -2.750
  5764.212      60.1     1.357    -1.426
  5764.280      25.1     6.645    -4.945
  5764.280 106.00113     1.264    -4.945               3.456
  5764.290      69.0     0.000    -1.810
  5764.350 106.00113     1.264    -4.555               3.456
  5764.369     107.0     3.491    -4.374               3.450
  5764.382     607.0     1.798    -2.771               7.650
  5764.399     607.0     0.371    -2.862               7.650
  5764.423      58.1     1.412    -2.710
  5764.519      23.1     9.040    -1.700
  5764.579     607.0     1.798    -4.395               7.650
  5764.655      70.1     6.076    -2.060
  5764.668      58.1     3.936    -2.910
  5764.675      58.1     2.129    -0.670
  5764.701      24.0     5.623    -1.939
  5764.702      26.0     4.260    -3.675
  5764.712      23.1     9.054    -0.732
  5764.715      69.1     4.329    -3.320
  5764.717     607.0     1.444    -3.766               7.650
  5764.728      58.1     3.869    -2.190
  5764.740     607.0     1.691    -2.386               7.650
  5764.769      58.0     0.294    -1.014
  5764.808     607.0     0.392    -2.853               7.650
  5764.846     607.0     1.444    -1.913               7.650
  5764.866     607.0     0.392    -3.564               7.650
  5764.885      20.0     5.586    -4.782
  5764.904     607.0     1.326    -3.479               7.650
  5764.972      41.0     1.490    -1.560
  5765.011      20.0     5.578    -4.852
  5765.020     607.0     1.326    -2.271               7.650
  5765.028      23.0     3.286    -1.908
  5765.048      76.0     1.368    -2.820
  5765.058 106.00113     2.665    -4.288               3.456
  5765.140     607.0     1.293    -2.223               7.650
  5765.198      63.0     0.000    -1.340
  5765.264 106.00113     1.270    -4.288               3.456
  5765.267      42.0     3.247    -1.790
  5765.274     607.0     1.255    -4.180               7.650
  5765.323      24.0     4.204    -2.786
  5765.327      58.0     0.159    -1.148
  5765.379      92.0     1.007    -1.430
  5765.494      22.1     8.056    -2.597
  5765.566     607.0     0.295    -3.240               7.650
  5765.603 106.00113     2.665    -4.271               3.456
  5765.635     607.0     0.266    -4.053               7.650
  5765.656      39.0     2.085    -0.140
  5765.710 106.00113     2.805    -3.939               3.456
  5765.710      23.0     3.080    -3.277
  5765.717      22.0     3.104    -4.091
  5765.747     607.0     1.478    -2.066               7.650
  5765.792      69.1     4.512    -2.680
  5765.798     607.0     0.309    -3.730               7.650
  5765.818     607.0     0.401    -2.919               7.650
  5765.829      21.1     7.222    -3.313
  5765.835     607.0     0.309    -2.786               7.650
  5765.874     607.0     0.294    -4.258               7.650
  5765.876 106.00113     3.070    -3.879               3.456
  5765.906 106.00113     3.070    -3.865               3.456
  5765.918     607.0     0.401    -4.561               7.650
  5765.939 106.00113     1.279    -4.271               3.456
  5765.959     607.0     0.294    -3.303               7.650
  5766.036     607.0     0.279    -3.519               7.650
  5766.042 106.00113     2.805    -3.953               3.456
  5766.060     607.0     0.279    -3.387               7.650
  5766.065      26.0     4.638    -3.736
  5766.095      24.1     8.291    -3.668
  5766.145     607.0     0.513    -3.999               7.650
  5766.240      58.1     1.365    -3.280
  5766.256      26.0     4.956    -2.642
  5766.273      58.1     1.412    -1.760
  5766.285 106.00112     3.070    -3.865               3.456
  5766.310      24.0     4.778    -2.931
  5766.318      69.1     4.924    -2.780
  5766.359      22.0     3.294     0.389
  5766.396      58.1     3.959    -1.530
  5766.512      42.0     3.303    -1.871
  5766.520      24.0     5.623    -2.561
  5766.531 106.00112     3.070    -3.879               3.456
  5766.538      23.1     9.086     0.365
  5766.544      73.0     1.147    -2.210
  5766.551 106.00112     2.805    -3.939               3.456
  5766.557      22.0     3.139    -1.605
  5766.586      22.0     3.409    -3.453
  5766.591 106.00113     3.630    -4.156               3.456
  5766.640     607.0     1.798    -2.764               7.650
  5766.641 106.00112     2.665    -4.288               3.456
  5766.678      26.1     6.807    -4.902
  5766.684 106.00113     2.102    -4.556               3.456
  5766.754 106.00113     2.102    -4.573               3.456
  5766.767     607.0     0.525    -3.132               7.650
  5766.904 106.00112     2.665    -4.271               3.456
  5766.993      23.0     2.638    -2.594
  5767.060 106.00113     1.279    -4.124               3.456
  5767.170 106.00112     2.805    -3.953               3.456
  5767.190      72.1     1.497    -2.330
  5767.210      70.1     5.921    -0.470
  5767.256 106.00113     3.630    -4.144               3.456
  5767.261     607.0     0.333    -2.723               7.650
  5767.283      23.1     9.054    -3.746
  5767.300      42.0     3.904    -1.572
  5767.304     607.0     0.333    -3.768               7.650
  5767.323      60.0     0.293    -0.860
  5767.359      23.1     9.086    -0.576
  5767.386     607.0     0.381    -2.842               7.650
  5767.408      58.1     1.366    -3.260
  5767.425      22.0     3.186    -2.828
  5767.445     607.0     1.535    -2.133               7.650
  5767.451      92.0     0.743    -1.691
  5767.456 106.00113     1.595    -3.892               3.456
  5767.506      23.0     2.555    -3.595
  5767.512 106.00113     1.263    -4.881               3.456
  5767.549      28.0     4.154    -3.254
  5767.599      26.0     4.607    -4.102
  5767.605     607.0     1.535    -4.141               7.650
  5767.626      63.1     1.230    -2.399
  5767.676      24.1     8.356    -2.208
  5767.785     607.0     1.601    -2.165               7.650
  5767.861      26.1     9.736    -4.092
  5767.909      73.0     1.147    -2.160
  5767.923      24.0     3.113    -4.298
  5767.924      20.0     5.390    -2.282
  5767.928      44.0     1.461    -2.560
  5767.929     607.0     1.601    -3.550               7.650
  5767.960      58.1     3.641    -3.210
  5767.965      70.1     3.914    -3.630
  5767.972      26.0     4.294    -3.226
  5767.992 106.00112     2.102    -4.556               3.456
  5768.085 106.00112     1.263    -4.881               3.456
  5768.183     607.0     1.633    -3.639               7.650
  5768.200     607.0     1.390    -2.478               7.650
  5768.211      21.0     3.598    -3.505
  5768.248      23.0     3.517    -2.799
  5768.310      69.1     4.839    -1.430
  5768.320      22.0     3.154    -1.532
  5768.346      28.0     4.154    -3.292
  5768.355     607.0     1.908    -3.411               7.650
  5768.355     607.0     0.404    -2.834               7.650
  5768.404 106.00112     2.102    -4.573               3.456
  5768.416     607.0     0.404    -3.572               7.650
  5768.448      25.0     5.112    -1.711
  5768.448      25.0     5.112    -2.293
  5768.520     607.0     0.316    -3.737               7.650
  5768.558     607.0     0.316    -2.754               7.650
  5768.631      58.1     3.960    -3.430
  5768.694      27.0     3.514    -2.987
  5768.735      58.1     1.365    -2.560
  5768.754      23.1     9.040    -0.896
  5768.814 106.00113     1.291    -4.117               3.456
  5768.830 106.00113     2.667    -4.288               3.456
  5768.836     607.0     0.284    -3.510               7.650
  5768.849     607.0     0.270    -4.002               7.650
  5768.863     607.0     0.284    -3.329               7.650
  5768.891      58.1     1.320    -0.490
  5768.942      24.0     3.551    -3.937
  5768.980     607.0     1.239    -3.802               7.650
  5769.009      58.1     1.586    -0.860
  5769.033 106.00113     2.666    -4.271               3.456
  5769.038     607.0     0.311    -3.297               7.650
  5769.057      57.1     1.252    -0.690
  5769.117       6.0     8.537    -2.760
  5769.127      23.1     9.045    -0.559
  5769.150      23.1     6.646    -3.488
  5769.176     607.0     1.295    -4.676               7.650
  5769.180      59.1     1.163    -0.981
  5769.310      57.0     0.373    -0.640
  5769.323      26.0     4.608    -2.387
  5769.380      23.1     8.008    -4.497
  5769.396     607.0     0.302    -3.197               7.650
  5769.410      23.1     2.376    -3.253
  5769.412      58.1     4.097    -2.870
  5769.418     607.0     0.401    -4.558               7.650
  5769.432      70.1     7.980    -1.160
  5769.445     607.0     0.715    -4.764               7.650
  5769.510     607.0     1.293    -3.159               7.650
  5769.518     607.0     0.401    -2.908               7.650
  5769.520      23.0     3.315    -2.992
  5769.566      26.0     4.301    -4.816
  5769.593      80.0     6.704     0.630
  5769.593     607.0     1.293    -2.216               7.650
  5769.653 106.00113     1.291    -4.002               3.456
  5769.674      26.0     4.103    -3.028
  5769.703 106.00112     3.630    -4.156               3.456
  5769.739      42.0     2.916    -1.982
  5769.773     607.0     1.535    -4.140               7.650
  5769.798      59.1     1.196    -1.066
  5769.845     607.0     0.232    -4.579               7.650
  5769.866      60.1     1.350    -0.927
  5769.876      23.0     2.578    -3.109
  5769.896 106.00113     1.568    -3.528               3.456
  5769.920      68.0     0.624    -1.015
  5769.932      58.0     0.517    -0.794
  5769.933     607.0     1.535    -2.126               7.650
  5769.936      14.0     7.984    -4.694
  5769.952      69.1     4.839    -2.050
  5769.959      58.1     3.486    -0.160
  5769.969      57.0     0.998    -0.690
  5770.032      23.0     3.080    -0.157
  5770.046     607.0     1.620    -2.505               7.650
  5770.122      25.1     7.760    -2.962
  5770.156      26.0     4.584    -2.110
  5770.156     607.0     1.380    -3.452               7.650
  5770.202     607.0     1.499    -2.070               7.650
  5770.229      25.1     5.993    -4.296
  5770.232     607.0     1.620    -4.629               7.650
  5770.235     607.0     0.529    -4.007               7.650
  5770.246      58.1     2.017    -1.940
  5770.250     607.0     1.380    -1.833               7.650
  5770.309 106.00113     1.568    -3.597               3.456
  5770.312     607.0     1.499    -3.246               7.650
  5770.329 106.00112     3.630    -4.144               3.456
  5770.335 106.00112     2.666    -4.271               3.456
  5770.349      24.0     5.623    -2.442
  5770.381      70.1     5.517    -3.460
  5770.385      23.0     3.510    -3.509
  5770.396      58.0     0.684    -0.447
  5770.415 106.00112     2.667    -4.288               3.456
  5770.419 106.00113     3.699    -4.147               3.456
  5770.425      69.1     4.461    -0.630
  5770.435      27.0     4.395    -0.626
  5770.489      60.1     1.081    -0.985
  5770.491     607.0     1.231    -3.480               7.650
  5770.522      23.0     3.131     0.012
  5770.554      58.1     0.737    -3.150
  5770.574     607.0     0.392    -2.824               7.650
  5770.649      25.0     4.889    -3.570
  5770.735 106.00113     3.699    -4.136               3.456
  5770.740     607.0     1.601    -2.156               7.650
  5770.792      58.1     1.546    -2.300
  5770.825     607.0     0.341    -2.695               7.650
  5770.831      24.0     3.966    -4.173
  5770.871     607.0     0.341    -3.774               7.650
  5770.962     607.0     1.390    -3.859               7.650
  5770.982 106.00113     2.398    -4.295               3.456
  5771.033     607.0     0.547    -3.135               7.650
  5771.033      42.0     2.476    -2.356
  5771.042      23.1     2.376    -3.998
  5771.043      26.0     5.357    -4.427
  5771.045      22.0     3.062    -4.225
  5771.053      92.0     0.775    -1.660
  5771.058      41.0     1.895    -1.490
  5771.110     607.0     1.390    -2.473               7.650
  5771.150     607.0     0.547    -4.363               7.650
  5771.172      23.1     9.117    -1.874
  5771.225 106.00113     3.631    -4.144               3.456
  5771.311 106.00113     2.221    -4.338               3.456
  5771.334      22.0     3.179    -1.789
  5771.421     607.0     0.324    -3.744               7.650
  5771.435      25.0     3.373    -3.509
  5771.463     607.0     0.324    -2.724               7.650
  5771.467    27.1      11.615    -0.520
  5771.491      27.0     4.395    -4.228
  5771.528 106.00113     2.398    -4.276               3.456
  5771.555 106.00113     3.632    -4.156               3.456
  5771.585 106.00113     2.221    -4.320               3.456
  5771.591 106.00112     1.269    -4.494               3.456
  5771.598      26.0     4.985    -4.941
  5771.610      26.0     4.956    -2.584
  5771.615      22.0     3.178    -3.079
  5771.650      70.1     3.965    -0.950
  5771.698 106.00113     1.264    -4.592               3.456
  5771.709     607.0     1.452    -2.844               7.650
  5771.828     607.0     0.289    -3.504               7.650
  5771.848    27.1      11.744    -0.120
  5771.857     607.0     0.289    -3.278               7.650
  5771.858 106.00112     3.699    -4.147               3.456
  5771.915      73.0     3.122    -1.010
  5771.975      58.1     1.247    -0.960
  5772.015 106.00112     3.699    -4.136               3.456
  5772.027      14.0     5.614    -3.103
  5772.074     607.0     1.620    -4.627               7.650
  5772.078     607.0     0.416    -2.815               7.650
  5772.098      23.0     2.115    -3.680
  5772.101      30.0     6.655    -1.678
  5772.141     607.0     0.416    -3.581               7.650
  5772.146      14.0     5.082    -1.750
  5772.151      60.0     0.000    -1.347
  5772.172      24.0     5.623    -3.886
  5772.217      58.0     0.411    -0.718
  5772.251 106.00113     3.300    -4.449               3.456
  5772.260     607.0     1.620    -2.499               7.650
  5772.284     607.0     0.274    -3.964               7.650
  5772.341 106.00112     1.264    -4.945               3.456
  5772.345 106.00112     1.264    -4.555               3.456
  5772.362     607.0     1.349    -2.268               7.650
  5772.393      58.1     3.448    -3.430
  5772.408 106.00113     1.306    -3.998               3.456
  5772.411      23.0     1.931    -0.570
  5772.458      25.1     6.005    -4.251
  5772.471 106.00113     3.300    -4.438               3.456
  5772.580      26.0     5.314    -3.207
  5772.617     607.0     1.469    -1.913               7.650
  5772.666      24.0     3.556    -1.702
  5772.694      26.0     5.070    -4.850
  5772.694      58.1     3.448    -2.400
  5772.749     607.0     1.469    -3.774               7.650
  5772.756      58.1     2.949    -3.050
  5772.764      70.1     6.303    -2.790
  5772.820      69.1     4.301    -2.240
  5772.884      58.0     0.172    -0.844
  5772.955 106.00112     2.398    -4.295               3.456
  5772.975 106.00113     2.589    -4.221               3.456
  5773.003      69.1     4.443    -1.020
  5773.020      26.0     4.608    -3.325
  5773.071 106.00113     1.306    -3.900               3.456
  5773.123      58.0     0.589     0.060
  5773.163      59.1     0.922    -0.918
  5773.172      24.0     5.623    -1.861
  5773.178      23.1     7.938    -3.475
  5773.208 106.00112     2.221    -4.320               3.456
  5773.218 106.00112     2.398    -4.276               3.456
  5773.218 106.00113     2.589    -4.207               3.456
  5773.241 106.00112     2.221    -4.338               3.456
  5773.245      23.1     9.073    -0.621
  5773.248     607.0     1.309    -2.210               7.650
  5773.258 106.00112     1.270    -4.288               3.456
  5773.315      23.0     2.565    -3.380
  5773.355     607.0     0.311    -4.266               7.650
  5773.372     607.0     0.309    -3.158               7.650
  5773.388      23.1     9.069    -0.235
  5773.416     607.0     0.421    -2.907               7.650
  5773.444      58.1     1.923    -0.770
  5773.444     607.0     0.311    -3.289               7.650
  5773.449      24.0     2.987    -4.064
  5773.450      26.0     3.573    -3.904
  5773.460      24.0     5.522    -3.981
  5773.507      69.1     4.988    -2.110
  5773.520     607.0     0.421    -4.569               7.650
  5773.592      58.0     0.000    -1.306
  5773.688       6.0     9.989    -1.310
  5773.728      23.1     9.117     0.044
  5773.729     607.0     1.499    -2.057               7.650
  5773.748      26.1     5.571    -4.224
  5773.775      62.0     1.713     0.417
  5773.935 106.00112     1.279    -4.271               3.456
  5773.942      39.0     2.058    -0.490
  5773.952     607.0     0.404    -2.806               7.650
  5773.972      26.0     4.473    -2.083
  5773.988      20.0     5.967    -1.935
  5774.027      22.0     3.305     0.480
  5774.087      26.1     8.568    -3.503
  5774.089      26.0     4.218    -4.713
  5774.092      25.0     5.611    -3.055
  5774.118     607.0     1.452    -4.350               7.650
  5774.145      23.0     3.299    -4.570
  5774.248 106.00113     3.001    -3.893               3.456
  5774.257      26.0     4.584    -3.818
  5774.274      22.0     3.179    -3.235
  5774.278      24.1     6.605    -3.544
  5774.293     607.0     1.452    -2.840               7.650
  5774.302 106.00112     3.631    -4.144               3.456
  5774.315      58.1     1.676    -2.070
  5774.351     607.0     0.547    -3.122               7.650
  5774.362     607.0     1.398    -1.833               7.650
  5774.365      27.0     4.395    -1.310
  5774.382 106.00112     2.589    -4.207               3.456
  5774.430     607.0     1.710    -3.141               7.650
  5774.438 106.00112     2.589    -4.221               3.456
  5774.455 106.00112     3.300    -4.449               3.456
  5774.459     607.0     1.399    -3.462               7.650
  5774.476      22.0     2.249    -2.062
  5774.479      58.1     2.229    -1.490
  5774.492 106.00112     3.300    -4.438               3.456
  5774.526     607.0     0.333    -3.751               7.650
  5774.529     607.0     0.545    -4.016               7.650
  5774.533      42.0     1.470    -2.490
  5774.558      64.1     1.134    -2.350
  5774.568     607.0     0.351    -2.668               7.650
  5774.569      58.1     3.886    -3.280
  5774.570     607.0     0.333    -2.695               7.650
  5774.617     607.0     0.351    -3.781               7.650
  5774.651      24.0     5.624    -2.691
  5774.664      22.0     3.305    -0.708
  5774.672 106.00112     3.632    -4.156               3.456
  5774.689      23.1     9.059    -2.588
  5774.749      21.0     4.191    -3.557
  5774.749      23.0     3.286    -3.298
  5774.774      69.1     2.692    -3.160
  5774.782 106.00113     2.399    -4.295               3.456
  5774.822      24.1     4.294    -4.698
  5774.905 106.00113     3.001    -3.879               3.456
  5774.916      26.0     4.593    -3.401
  5774.932      24.0     4.208    -2.460
  5774.991      58.0     0.384    -1.009
  5775.021     607.0     0.295    -3.501               7.650
  5775.022 106.00113     2.399    -4.276               3.456
  5775.052 106.00112     1.279    -4.124               3.456
  5775.053     607.0     0.295    -3.231               7.650
  5775.081    26.0       4.217    -1.298
  5775.132      26.0     5.273    -4.889
  5775.156      23.1     8.010    -2.014
  5775.176 106.00112     3.001    -3.893               3.456
  5775.185      26.1     6.807    -4.134
  5775.235     607.0     1.723    -2.387               7.650
  5775.269      25.0     4.247    -2.636
  5775.301      58.1     2.250    -2.280
  5775.375      15.0     7.213    -4.050
  5775.386 106.00112     1.595    -3.892               3.456
  5775.396      71.0     2.533    -0.240
  5775.436     607.0     1.469    -3.772               7.650
  5775.448      24.0     5.905    -2.302
  5775.499      30.0     6.655    -1.900
  5775.506      24.0     5.623    -3.437
  5775.516 106.00112     1.263    -4.881               3.456
  5775.563 106.00112     3.001    -3.879               3.456
  5775.568     607.0     1.469    -1.905               7.650
  5775.593 106.00113     2.223    -4.320               3.456
  5775.613      70.1     6.651    -1.080
  5775.625      26.1     7.988    -3.874
  5775.629      26.0     4.966    -4.588
  5775.640     607.0     1.349    -3.486               7.650
  5775.643 106.00113     2.223    -4.338               3.456
  5775.660      24.0     4.446    -3.309
  5775.732      26.0     4.294    -4.194
  5775.760     607.0     1.349    -2.262               7.650
  5775.763      24.1     7.386    -2.015
  5775.806      58.1     1.931    -0.670
  5775.900      59.1     0.923    -1.406
  5775.927     607.0     0.279    -3.937               7.650
  5775.943      42.0     3.907    -1.418
  5775.984     607.0     0.428    -2.797               7.650
  5776.005      64.0     1.548    -0.127
  5776.037      24.1     8.308    -2.164
  5776.049     607.0     0.428    -3.589               7.650
  5776.087      41.0     1.407    -1.720
  5776.090      60.0     0.140    -0.616
  5776.122      58.1     1.959    -3.210
  5776.196      58.1     1.495    -2.800
  5776.224      26.0     3.695    -3.496
  5776.367      21.0     3.607    -3.416
  5776.380      23.0     3.299    -2.798
  5776.495     607.0     1.710    -3.136               7.650
  5776.504      25.0     5.579    -1.602
  5776.520 106.00112     3.347    -4.682               3.456
  5776.577 106.00112     3.290    -4.695               3.456
  5776.604      21.0     3.598    -2.581
  5776.667 106.00113     3.701    -4.136               3.456
  5776.687      23.0     1.081    -1.540
  5776.714 106.00112     2.399    -4.276               3.456
  5776.720     607.0     1.657    -3.645               7.650
  5776.744      73.0     0.750    -1.920
  5776.747      23.0     3.066    -3.506
  5776.757 106.00112     2.399    -4.295               3.456
  5776.811 106.00112     1.291    -4.117               3.456
  5776.812     607.0     0.328    -3.284               7.650
  5776.821      75.0     1.436    -2.370
  5776.845     607.0     0.421    -4.566               7.650
  5776.848 106.00113     1.323    -3.898               3.456
  5776.921      70.1     6.063    -3.270
  5776.934     607.0     1.522    -3.476               7.650
  5776.947     607.0     0.421    -2.897               7.650
  5776.954 106.00112     3.347    -4.669               3.456
  5776.984 106.00112     3.290    -4.682               3.456
  5777.000      22.0     3.215    -2.023
  5777.111      30.0     6.655    -2.377
  5777.153      22.0     3.559    -3.910
  5777.218 106.00112     2.223    -4.320               3.456
  5777.298      59.1     1.330    -0.963
  5777.332 106.00112     1.568    -3.597               3.456
  5777.378      21.0     3.057    -3.984
  5777.378 106.00113     3.702    -4.147               3.456
  5777.395 106.00113     1.324    -3.810               3.456
  5777.422 106.00113     3.290    -4.695               3.456
  5777.510     607.0     0.416    -2.789               7.650
  5777.513     607.0     0.316    -3.122               7.650
  5777.533     607.0     0.740    -4.770               7.650
  5777.551      26.0     4.985    -4.446
  5777.572      20.0     4.451    -0.893
  5777.575 106.00112     2.223    -4.338               3.456
  5777.587      24.0     5.624    -1.808
  5777.612      23.1     9.089    -1.465
  5777.618    56.0       1.676     0.440
  5777.622 106.00112     1.568    -3.528               3.456
  5777.627     607.0     1.309    -3.167               7.650
  5777.645 106.00112     1.291    -4.002               3.456
  5777.658     607.0     0.247    -4.587               7.650
  5777.700      20.0     5.299    -1.820
  5777.712     607.0     1.309    -2.202               7.650
  5777.720      24.0     4.616    -1.999
  5777.726 106.00113     3.347    -4.682               3.456
  5777.732 106.00112     3.405    -4.670               3.456
  5777.736      27.1     8.634    -2.969
  5777.749      24.0     3.847    -1.350
  5777.790      20.0     5.585    -4.922
  5777.825     607.0     0.341    -3.759               7.650
  5777.826 106.00112     3.233    -4.708               3.456
  5777.846      14.0     5.616    -3.336
  5777.872     607.0     0.341    -2.669               7.650
  5777.901      58.1     1.582    -3.610
  5777.924      58.1     0.740    -1.990
  5777.949 106.00112     3.701    -4.136               3.456
  5777.958      70.1     6.303    -0.820
  5778.110      23.1     9.089    -1.524
  5778.168      42.0     3.223    -1.634
  5778.190 106.00113     3.290    -4.682               3.456
  5778.200 106.00112     3.405    -4.657               3.456
  5778.206     607.0     1.398    -3.459               7.650
  5778.206 106.00112     3.233    -4.694               3.456
  5778.210      25.1     9.007    -2.072
  5778.240      20.0     5.586    -4.545
  5778.272      20.0     5.300    -2.278
  5778.287      24.1     7.387    -3.191
  5778.299     607.0     1.281    -4.186               7.650
  5778.300 106.00113     1.269    -4.818               3.456
  5778.303     607.0     1.399    -1.822               7.650
  5778.323 106.00113     3.233    -4.708               3.456
  5778.419     607.0     0.302    -3.501               7.650
  5778.453     607.0     0.302    -3.188               7.650
  5778.453      26.0     4.154    -4.047
  5778.453    26.0       2.586    -3.430
  5778.468      58.1     3.508    -1.940
  5778.486     607.0     0.360    -2.643               7.650
  5778.497      25.0     5.579    -0.974
  5778.527 106.00113     3.347    -4.669               3.456
  5778.537     607.0     0.360    -3.788               7.650
  5778.573     607.0     1.520    -2.060               7.650
  5778.621      21.1     7.222    -2.906
  5778.686     607.0     1.520    -3.253               7.650
  5778.701      23.0     3.131    -0.596
  5778.711      23.1     9.045    -2.311
  5778.754      23.0     1.945    -2.105
  5778.762     607.0     1.246    -3.487               7.650
  5778.767     607.0     1.628    -2.158               7.650
  5778.804      28.0     3.941    -4.355
  5778.809      26.0     4.559    -3.330
  5778.818      69.1     3.783    -0.572
  5778.821 106.00112     3.702    -4.147               3.456
  5778.884     607.0     0.570    -3.125               7.650
  5778.890      69.1     3.797    -3.290
  5778.895      26.0     4.559    -4.136
  5778.979     607.0     0.561    -4.024               7.650
  5779.004     607.0     0.570    -4.370               7.650
  5779.052 106.00113     3.233    -4.694               3.456
  5779.101      26.0     3.301    -5.054
  5779.215      23.1     9.089    -0.390
  5779.235      62.0     0.185    -1.407
  5779.255      26.1     6.803    -4.548
  5779.305 106.00113     3.405    -4.670               3.456
  5779.334     607.0     1.523    -3.472               7.650
  5779.344      42.0     2.515    -1.654
  5779.346 106.00113     2.615    -4.306               3.456
  5779.349      20.0     5.578    -3.988
  5779.367     607.0     1.834    -2.765               7.650
  5779.403      58.1     1.412    -3.170
  5779.416      70.1     6.137    -2.950
  5779.512      70.1     8.133    -1.530
  5779.530      26.1     8.592    -3.904
  5779.630      58.1     1.930    -3.270
  5779.688      26.0     4.988    -2.242
  5779.716      58.1     1.925    -1.620
  5779.770      69.1     4.692    -3.970
  5779.771     607.0     0.284    -3.916               7.650
  5779.780 106.00112     1.264    -4.592               3.456
  5779.787 106.00113     2.591    -4.207               3.456
  5779.873 106.00113     2.615    -4.287               3.456
  5779.950 106.00113     1.270    -4.451               3.456
  5779.974      22.0     2.487    -4.686
  5779.980      73.0     2.560    -1.170
  5780.061 106.00113     3.303    -4.438               3.456
  5780.067     607.0     0.441    -2.780               7.650
  5780.091 106.00113     2.591    -4.221               3.456
  5780.095      42.0     2.934    -1.797
  5780.128    26.1      10.678     0.420
  5780.134     607.0     0.441    -3.598               7.650
  5780.147     607.0     1.260    -3.809               7.650
  5780.154 106.00113     3.405    -4.657               3.456
  5780.164      25.0     4.247    -0.955
  5780.188 106.00112     3.177    -4.722               3.456
  5780.198 106.00113     3.003    -3.893               3.456
  5780.238 106.00113     3.003    -3.879               3.456
  5780.283      26.0     4.220    -3.634
  5780.298 106.00112     3.464    -4.658               3.456
  5780.305      41.0     1.574    -2.050
  5780.316      58.1     3.451    -1.950
  5780.334    26.1      10.714    -0.330
  5780.351 106.00113     3.177    -4.722               3.456
  5780.384      14.0     4.920    -2.350
  5780.408 106.00112     1.306    -3.998               3.456
  5780.468 106.00113     2.732    -3.968               3.456
  5780.494     607.0     1.566    -2.126               7.650
  5780.545 106.00112     3.177    -4.708               3.456
  5780.589      92.0     0.775    -0.858
  5780.600      26.0     3.241    -2.770
  5780.623      42.0     2.918    -2.019
  5780.657     607.0     1.566    -4.146               7.650
  5780.666 106.00113     3.303    -4.449               3.456
  5780.689      73.0     0.752    -2.070
  5780.699 106.00113     2.732    -3.953               3.456
  5780.717       6.0     8.847    -3.168
  5780.724      42.0     2.555    -2.991
  5780.724      28.0     4.089    -3.022
  5780.746      58.1     0.175    -3.030
  5780.761      22.0     2.250    -1.334
  5780.799      76.0     1.908    -1.380
  5780.799 106.00112     3.464    -4.646               3.456
  5780.804      26.0     3.266    -3.109
  5780.804      58.1     3.740    -2.440
  5780.832      26.0     4.435    -3.775
  5780.833 106.00112     3.349    -4.669               3.456
  5780.871      22.0     3.139    -2.800
  5780.871      22.0     3.062    -4.064
  5780.883 106.00112     3.291    -4.682               3.456
  5780.896 106.00112     3.003    -3.879               3.456
  5780.905      24.0     3.321    -1.117
  5780.953 106.00112     2.591    -4.207               3.456
  5781.033     607.0     0.328    -4.274               7.650
  5781.043 106.00113     3.177    -4.708               3.456
  5781.063 106.00112     1.306    -3.900               3.456
  5781.100 106.00112     3.349    -4.682               3.456
  5781.120      23.0     3.113    -0.616
  5781.124     607.0     0.328    -3.276               7.650
  5781.127 106.00112     3.003    -3.893               3.456
  5781.134 106.00112     3.291    -4.695               3.456
  5781.167      24.0     3.011    -2.158
  5781.180      24.0     3.322    -0.767
  5781.194     607.0     0.441    -2.897               7.650
  5781.204 106.00112     2.615    -4.306               3.456
  5781.261     607.0     1.418    -2.471               7.650
  5781.278     607.0     0.428    -2.772               7.650
  5781.299     607.0     0.441    -4.576               7.650
  5781.301     607.0     0.351    -3.768               7.650
  5781.350     607.0     0.351    -2.644               7.650
  5781.352    27.1      11.747    -0.150
  5781.352    27.1      11.615    -0.350
  5781.465 106.00112     2.615    -4.287               3.456
  5781.492      26.0     4.607    -3.433
  5781.558 106.00112     2.591    -4.221               3.456
  5781.638     607.0     1.326    -2.197               7.650
  5781.689      39.1     1.839    -0.910
  5781.826      24.0     3.323    -0.642
  5781.828     607.0     0.324    -3.088               7.650
  5781.832 106.00112     2.732    -3.953               3.456
  5781.879 106.00112     2.732    -3.968               3.456
  5781.913      62.1     0.998    -1.205
  5781.979 106.00113     3.291    -4.695               3.456
  5782.008     607.0     0.309    -3.502               7.650
  5782.023 106.00112     3.407    -4.657               3.456
  5782.045      58.1     2.179    -1.150
  5782.045     607.0     0.309    -3.148               7.650
  5782.078      26.0     4.283    -3.530
  5782.086 106.00112     3.303    -4.438               3.456
  5782.090 106.00113     3.291    -4.682               3.456
  5782.097 106.00112     3.235    -4.694               3.456
  5782.105     607.0     1.520    -2.048               7.650
  5782.111      26.0     5.064    -1.840
  5782.127      29.0     1.642    -1.720
  5782.135     607.0     0.570    -3.114               7.650
  5782.187      24.1     9.105    -1.800
  5782.220      25.0     5.112    -4.214
  5782.254 106.00113     3.464    -4.658               3.456
  5782.264 106.00113     1.344    -3.809               3.456
  5782.293      69.1     3.312    -1.310
  5782.307 106.00112     3.407    -4.670               3.456
  5782.307 106.00113     3.349    -4.682               3.456
  5782.327 106.00112     3.235    -4.708               3.456
  5782.356      69.1     2.185    -1.700
  5782.384    19.0       1.610    -1.909
  5782.386      58.1     1.962    -1.300
  5782.408 106.00113     3.349    -4.669               3.456
  5782.414      58.0     0.999    -0.138
  5782.577     607.0     0.371    -2.620               7.650
  5782.598      23.0     1.081    -2.140
  5782.618      23.0     2.379    -1.296
  5782.620      26.1     9.112    -3.175
  5782.630     607.0     0.371    -3.796               7.650
  5782.702 106.00113     3.623    -4.158               3.456
  5782.719 106.00113     1.344    -3.728               3.456
  5782.778      58.0     0.398    -1.162
  5782.787      26.1     7.706    -2.945
  5782.790      58.1     2.650    -1.050
  5782.809     607.0     1.566    -4.145               7.650
  5782.817      68.0     0.863    -0.974
  5782.826 106.00113     3.235    -4.708               3.456
  5782.836      23.0     2.138    -1.358
  5782.862      58.1     3.849    -1.580
  5782.876 106.00112     3.303    -4.449               3.456
  5782.899 106.00113     2.616    -4.306               3.456
  5782.943 106.00113     3.235    -4.694               3.456
  5782.966      23.1     9.045    -0.459
  5782.972     607.0     1.566    -2.120               7.650
  5782.993 106.00113     3.623    -4.147               3.456
  5783.063      24.0     3.323    -0.500
  5783.110      23.1     9.069     0.139
  5783.110 106.00113     2.616    -4.287               3.456
  5783.111      24.0     3.556    -1.816
  5783.147 106.00113     3.464    -4.646               3.456
  5783.227      27.1     8.562    -3.278
  5783.254       6.0     8.847    -3.370
  5783.362     607.0     1.372    -2.259               7.650
  5783.390      70.1     8.193    -1.770
  5783.423      70.1     5.613    -3.210
  5783.428 106.00113     3.122    -4.736               3.456
  5783.441      24.1     6.641    -4.316
  5783.502      23.0     2.708    -0.377
  5783.588 106.00112     3.122    -4.736               3.456
  5783.593      26.0     5.112    -4.300
  5783.623    26.1      10.714     0.370
  5783.633     607.0     1.495    -1.905               7.650
  5783.645      23.1     7.942    -3.884
  5783.645     607.0     0.578    -4.031               7.650
  5783.730      22.0     3.154    -2.338
  5783.767     607.0     1.495    -3.779               7.650
  5783.817     607.0     0.289    -3.902               7.650
  5783.850      24.0     3.322    -0.295
  5783.883 106.00113     3.407    -4.670               3.456
  5783.894      26.0     3.283    -3.664
  5783.920      26.0     2.845    -4.827
  5783.923 106.00112     3.122    -4.721               3.456
  5783.946      58.1     1.706    -2.660
  5783.962      58.1     1.924    -2.470
  5783.964      58.1     1.458    -0.860
  5783.980 106.00113     3.407    -4.657               3.456
  5783.983     607.0     0.441    -4.574               7.650
  5783.990      42.0     3.675    -1.562
  5784.008     607.0     1.418    -3.864               7.650
  5784.020      66.0     1.489    -1.990
  5784.026       6.0     8.848    -3.168
  5784.033      26.0     4.178    -3.916
  5784.034      58.1     1.796    -1.420
  5784.042    56.0       2.239    -0.300
  5784.087 106.00113     3.122    -4.721               3.456
  5784.088     607.0     0.441    -2.886               7.650
  5784.095     607.0     1.326    -4.681               7.650
  5784.129      26.0     3.415    -5.107
  5784.134      58.1     3.391     0.180
  5784.142      26.1     8.608    -4.664
  5784.159     607.0     1.418    -2.466               7.650
  5784.180    56.1       6.124    -0.497
  5784.261      62.1     1.262    -1.490
  5784.264      21.0     3.083    -1.861
  5784.306      22.0     3.199    -2.740
  5784.308 106.00112     3.623    -4.158               3.456
  5784.308 106.00112     3.522    -4.646               3.456
  5784.337     607.0     0.455    -2.764               7.650
  5784.365      23.0     2.767    -0.005
  5784.395 106.00112     3.178    -4.708               3.456
  5784.408     607.0     0.455    -3.607               7.650
  5784.435      69.1     2.772    -1.320
  5784.438 106.00112     3.623    -4.147               3.456
  5784.445    26.1      10.737     0.150
  5784.532 106.00112     3.465    -4.646               3.456
  5784.536      21.0     3.607    -3.849
  5784.600      24.0     3.850    -2.056
  5784.612 106.00112     3.179    -4.722               3.456
  5784.658    26.0       3.394    -2.532
  5784.661      68.0     1.433    -0.218
  5784.703 106.00112     2.616    -4.287               3.456
  5784.713      24.0     3.096    -2.916
  5784.760 106.00112     2.616    -4.306               3.456
  5784.775      26.0     4.103    -4.703
  5784.776 106.00113     3.179    -4.722               3.456
  5784.783     607.0     0.346    -3.271               7.650
  5784.837 106.00112     3.465    -4.658               3.456
  5784.847 106.00112     3.522    -4.634               3.456
  5784.850 106.00112     1.323    -3.898               3.456
  5784.852      58.0     0.826    -0.200
  5784.862      90.1     2.141    -1.614
  5784.864       6.0     8.848    -3.293
  5784.894 106.00113     3.178    -4.708               3.456
  5784.947      23.0     3.529    -2.505
  5784.956      60.0     0.293    -0.845
  5784.961      15.0     7.213    -4.000
  5784.969      24.0     3.321    -0.380
  5784.978      26.1     7.707    -2.279
  5784.984     607.0     0.360    -3.776               7.650
  5784.986      58.1     0.969    -3.030
  5785.002     607.0     1.655    -2.499               7.650
  5785.035     607.0     0.360    -2.620               7.650
  5785.168      26.0     3.635    -4.764
  5785.191     607.0     1.655    -4.633               7.650
  5785.195      65.1     0.790    -1.472
  5785.212     607.0     0.441    -2.756               7.650
  5785.299      21.0     5.654    -3.078
  5785.313      12.0     5.108    -2.110
  5785.386 106.00112     1.324    -3.810               3.456
  5785.469     607.0     1.681    -3.651               7.650
  5785.485      69.1     4.480    -2.010
  5785.561      12.0     5.108    -2.500
  5785.585      22.0     3.569    -3.711
  5785.617      58.1     0.621    -3.010
  5785.624      23.1     2.491    -2.336
  5785.646      24.0     3.845    -3.480
  5785.652      22.0     3.294    -0.808
  5785.657      26.0     4.988    -1.825
  5785.664     607.0     0.262    -4.595               7.650
  5785.672      12.0     5.108    -2.810
  5785.714      23.1     5.868    -3.982
  5785.735      24.0     3.323    -0.399
  5785.811     607.0     0.316    -3.505               7.650
  5785.827     607.0     0.767    -4.775               7.650
  5785.850     607.0     0.316    -3.112               7.650
  5785.876      27.1     8.456    -2.220
  5785.879      58.1     1.544    -2.790
  5785.909     607.0     1.326    -3.175               7.650
  5785.916      24.0     0.983    -3.949
  5785.945      24.0     0.968    -4.153
  5785.965      27.1     8.456    -2.093
  5785.976      22.0     3.319     0.600
  5785.997     607.0     1.326    -2.189               7.650
  5786.029      69.1     2.692    -2.990
  5786.056      24.1     8.363    -1.259
  5786.122      23.0     2.723    -0.249
  5786.136      23.0     2.582    -3.152
  5786.156      23.0     2.743    -0.123
  5786.166      59.1     0.922    -0.791
  5786.283      28.0     5.280    -2.625
  5786.324     607.0     0.333    -3.056               7.650
  5786.400 106.00112     1.269    -4.818               3.456
  5786.402     607.0     1.495    -3.778               7.650
  5786.468     607.0     1.418    -3.467               7.650
  5786.528 106.00113     2.735    -3.953               3.456
  5786.531      26.0     5.064    -1.972
  5786.536     607.0     1.495    -1.897               7.650
  5786.568     607.0     1.418    -1.812               7.650
  5786.570      70.1     7.321    -0.330
  5786.627      22.0     3.161    -2.942
  5786.633     607.0     1.485    -2.838               7.650
  5786.658 106.00113     3.522    -4.646               3.456
  5786.662      58.1     4.409    -2.370
  5786.670     607.0     1.372    -3.492               7.650
  5786.730      58.1     0.735    -2.480
  5786.793     607.0     1.372    -2.253               7.650
  5786.796 106.00113     3.465    -4.658               3.456
  5786.832      69.1     4.736    -2.140
  5786.843      23.0     3.080    -2.860
  5786.846 106.00113     2.735    -3.968               3.456
  5786.849     607.0     0.381    -2.597               7.650
  5786.872      58.0     0.889    -0.750
  5786.883 106.00113     3.465    -4.646               3.456
  5786.899      69.1     4.254    -1.990
  5786.905     607.0     0.381    -3.804               7.650
  5786.908      58.1     2.876    -2.300
  5786.913     607.0     0.593    -3.116               7.650
  5786.922      26.0     5.012    -3.379
  5786.990      26.0     4.256    -3.971
  5786.999      58.1     2.470    -2.950
  5787.021      24.0     3.013    -1.791
  5787.021     607.0     1.655    -4.631               7.650
  5787.027      62.1     1.687    -0.245
  5787.036     607.0     0.593    -4.376               7.650
  5787.146     607.0     1.542    -2.051               7.650
  5787.178      23.0     1.931    -4.879
  5787.188      62.0     1.473     0.178
  5787.198      58.0     0.984    -0.584
  5787.211     607.0     1.655    -2.494               7.650
  5787.253      70.1     5.671    -3.460
  5787.262     607.0     1.542    -3.260               7.650
  5787.263      26.0     3.252    -4.260
  5787.283     607.0     1.261    -3.495               7.650
  5787.284      14.0     5.619    -1.842
  5787.402       6.0     8.848    -4.380
  5787.425      69.1     3.955    -3.500
  5787.462      58.1     1.706    -3.460
  5787.482 106.00113     3.068    -4.751               3.456
  5787.490      22.0     3.104    -2.277
  5787.513      41.0     0.267    -1.650
  5787.560      62.0     1.473    -0.521
  5787.603 106.00113     3.522    -4.634               3.456
  5787.657      23.0     3.116    -4.437
  5787.663 106.00112     2.735    -3.953               3.456
  5787.714 106.00112     3.123    -4.721               3.456
  5787.747 106.00113     3.123    -4.736               3.456
  5787.878 106.00113     3.123    -4.721               3.456
  5787.908 106.00112     3.123    -4.736               3.456
  5787.918      24.0     3.322    -0.083
  5787.928 106.00113     1.278    -4.554               3.456
  5787.958 106.00112     3.068    -4.751               3.456
  5787.967      26.0     4.178    -3.301
  5788.007      58.1     1.327    -1.610
  5788.081      22.0     2.267    -2.722
  5788.085      26.0     4.209    -4.529
  5788.088     607.0     0.295    -3.892               7.650
  5788.096 106.00112     1.270    -4.451               3.456
  5788.112 106.00113     3.068    -4.735               3.456
  5788.145       6.0     8.848    -3.071
  5788.145      58.0     1.065     0.462
  5788.216      69.1     4.368    -2.400
  5788.217      60.0     0.626     0.043
  5788.225      24.0     3.889    -3.758
  5788.260 106.00112     2.735    -3.968               3.456
  5788.273 106.00112     3.068    -4.735               3.456
  5788.307      23.0     1.800    -3.881
  5788.363      39.0     1.983    -1.730
  5788.377      62.0     0.388    -1.056
  5788.382      24.0     3.013    -1.834
  5788.447 106.00112     3.524    -4.634               3.456
  5788.495     607.0     0.596    -4.039               7.650
  5788.568      92.1     0.548    -2.456
  5788.575      58.1     1.933    -1.090
  5788.592      23.0     1.869    -1.144
  5788.659      25.0     5.599    -1.884
  5788.691      24.0     4.204    -2.736
  5788.738      70.1     7.003    -1.300
  5788.769 106.00112     3.524    -4.646               3.456
  5788.796      23.0     3.517    -3.838
  5788.799     607.0     0.469    -2.748               7.650
  5788.809 106.00113     1.368    -3.727               3.456
  5788.816      26.1     9.761    -4.285
  5788.857     607.0     0.371    -3.785               7.650
  5788.872     607.0     0.469    -3.615               7.650
  5788.910     607.0     0.371    -2.598               7.650
  5788.913      59.1     0.923    -1.276
  5788.913     607.0     0.346    -4.283               7.650
  5788.929      20.0     5.045    -2.838
  5788.984      14.0     5.863    -1.272
  5789.007     607.0     0.346    -3.263               7.650
  5789.037 106.00113     1.279    -4.335               3.456
  5789.063     607.0     1.485    -4.355               7.650
  5789.069      42.0     2.623    -2.682
  5789.108 106.00113     3.626    -4.147               3.456
  5789.147      14.0     5.614    -1.963
  5789.155 106.00113     2.935    -3.907               3.456
  5789.165 106.00113     1.611    -3.455               3.456
  5789.171      70.1     5.868    -1.560
  5789.185      21.0     3.619    -3.549
  5789.189     607.0     0.461    -2.886               7.650
  5789.202 106.00113     1.368    -3.650               3.456
  5789.208      57.0     0.433    -0.650
  5789.241     607.0     1.485    -2.833               7.650
  5789.248      69.1     3.010    -3.180
  5789.297     607.0     0.461    -4.583               7.650
  5789.364     607.0     0.455    -2.741               7.650
  5789.382      69.1     3.958    -0.960
  5789.654 106.00113     1.610    -3.524               3.456
  5789.664      28.0     5.525    -2.163
  5789.715      22.1     8.056    -1.717
  5789.746      22.0     3.319    -0.598
  5789.778      41.0     1.613    -2.010
  5789.779     607.0     0.324    -3.509               7.650
  5789.785 106.00113     2.935    -3.893               3.456
  5789.809 106.00113     3.626    -4.158               3.456
  5789.821     607.0     0.324    -3.078               7.650
  5789.852 106.00112     3.581    -4.635               3.456
  5789.872      23.0     3.315    -2.376
  5789.895      26.1     6.807    -4.629
  5789.896      23.1     9.069    -0.217
  5789.909      23.0     4.079    -4.400
  5789.990      23.0     3.567    -1.764
  5790.004      64.1     1.157    -2.110
  5790.069      69.1     3.295    -2.100
  5790.077      27.0     4.395    -2.108
  5790.109     607.0     0.593    -3.105               7.650
  5790.148      22.0     3.186    -2.085
  5790.157      23.0     3.087    -2.476
  5790.205     607.0     1.344    -2.184               7.650
  5790.268 106.00112     1.344    -3.809               3.456
  5790.275      24.1     6.578    -2.335
  5790.306     107.0     3.544    -4.348               3.450
  5790.349      23.1     9.117    -1.942
  5790.352 106.00112     2.935    -3.907               3.456
  5790.402      21.0     3.057    -3.984
  5790.408      26.0     5.086    -2.235
  5790.429 106.00112     3.581    -4.623               3.456
  5790.516      22.1     8.045    -3.488
  5790.556 106.00112     3.626    -4.147               3.456
  5790.578     607.0     1.542    -2.039               7.650
  5790.583      44.0     1.087    -3.360
  5790.590      23.0     1.950    -1.420
  5790.651      24.0     1.004    -3.863
  5790.660      80.0     6.704     0.710
  5790.711 106.00112     1.344    -3.728               3.456
  5790.717 106.00112     2.935    -3.893               3.456
  5790.752      58.1     3.740    -1.330
  5790.828 106.00113     3.694    -4.144               3.456
  5790.855      59.1     1.254    -1.022
  5790.867      26.1     9.130    -4.129
  5790.878      62.0     0.101    -2.301
  5790.947      58.1     3.513    -2.580
  5790.957      24.0     3.321     0.324
  5790.969     607.0     0.341    -3.027               7.650
  5791.000      58.1     4.204    -1.640
  5791.017      26.0     3.211    -2.364
  5791.076      23.0     3.071    -3.803
  5791.099     607.0     1.749    -3.136               7.650
  5791.100 106.00113     2.346    -4.299               3.456
  5791.123 106.00113     3.524    -4.646               3.456
  5791.140      68.1     2.705    -0.675
  5791.192      26.0     5.020    -2.197
  5791.207 106.00113     3.524    -4.634               3.456
  5791.274      22.0     3.179    -1.185
  5791.291      22.0     2.487    -2.299
  5791.298       6.0     8.847    -3.900
  5791.310     607.0     0.392    -2.576               7.650
  5791.315      57.0     0.511    -0.420
  5791.335     107.0     3.544    -4.348               3.450
  5791.338      58.0     0.632    -1.004
  5791.346     607.0     1.282    -3.816               7.650
  5791.368      64.0     0.066    -0.948
  5791.369     607.0     0.392    -3.812               7.650
  5791.373      58.1     2.799    -3.500
  5791.388      59.1     1.163    -0.733
  5791.418 106.00112     3.626    -4.158               3.456
  5791.523      23.1     5.868    -0.888
  5791.524      26.0     4.584    -2.006
  5791.526      23.1     9.117    -0.245
  5791.529 106.00113     3.694    -4.132               3.456
  5791.543      27.0     3.732    -3.565
  5791.566     607.0     1.308    -4.192               7.650
  5791.579      22.0     3.583    -3.110
  5791.581      58.1     0.809    -3.360
  5791.596      75.0     2.024    -2.150
  5791.600      22.1     5.905    -3.649
  5791.622      26.1     9.130    -3.479
  5791.633 106.00113     2.346    -4.293               3.456
  5791.661      58.0     0.684    -0.763
  5791.677 106.00113     3.069    -4.751               3.456
  5791.724       6.0     8.851    -3.072
  5791.749      92.1     1.193    -1.819
  5791.755      24.0     3.850    -0.862
  5791.791      24.1     6.044    -2.847
  5791.814 106.00113     3.069    -4.735               3.456
  5791.839      42.0     1.420    -1.046
  5791.856      26.0     5.067    -3.676
  5791.902 106.00113     2.037    -4.589               3.456
  5791.973      58.1     3.513    -3.040
  5791.975 106.00112     3.069    -4.735               3.456
  5792.042      69.1     4.174    -3.100
  5792.153 106.00112     3.069    -4.751               3.456
  5792.173      24.0     0.961    -4.533
  5792.194 106.00113     2.037    -4.572               3.456
  5792.213      69.1     4.847    -2.170
  5792.214      21.0     5.485    -2.353
  5792.214      21.0     5.485    -3.603
  5792.270      70.1     7.166    -3.210
  5792.274      70.1     5.910    -1.650
  5792.367      28.0     5.019    -3.773
  5792.445 106.00113     3.015    -4.766               3.456
  5792.542     607.0     0.302    -3.886               7.650
  5792.613 106.00113     3.581    -4.635               3.456
  5792.657      45.0     1.833    -1.740
  5792.687      63.0     2.434    -0.390
  5792.718      58.1     3.650    -3.600
  5792.731      21.0     3.607    -2.442
  5792.749      24.0     3.890    -3.889
  5792.838      23.0     2.122    -2.200
  5792.902     607.0     0.461    -4.581               7.650
  5792.927     607.0     0.381    -3.794               7.650
  5792.942      58.1     3.395    -1.780
  5792.946     607.0     0.364    -3.258               7.650
  5792.964      58.1     0.737    -2.270
  5792.983     607.0     0.381    -2.576               7.650
  5793.011     607.0     0.461    -2.876               7.650
  5793.036      74.0     3.430    -0.690
  5793.049 106.00113     3.015    -4.750               3.456
  5793.073      14.0     4.930    -2.060
  5793.108      22.0     3.186    -2.493
  5793.120       6.0     7.946    -2.062
  5793.175     607.0     1.749    -3.131               7.650
  5793.224 106.00112     3.015    -4.766               3.456
  5793.358 106.00112     2.346    -4.299               3.456
  5793.406      24.0     3.087    -4.082
  5793.416    27.1      11.615    -0.480
  5793.434     607.0     0.483    -2.733               7.650
  5793.509     607.0     0.483    -3.624               7.650
  5793.513      23.0     3.371    -4.711
  5793.516      23.1     9.086    -1.924
  5793.526 106.00112     3.015    -4.750               3.456
  5793.540     607.0     0.614    -4.047               7.650
  5793.599     607.0     1.559    -3.471               7.650
  5793.607 106.00113     3.581    -4.623               3.456
  5793.620 106.00112     2.346    -4.293               3.456
  5793.674      25.0     5.611    -2.895
  5793.679      26.0     4.593    -2.316
  5793.686     607.0     0.469    -2.726               7.650
  5793.752      58.1     3.853    -3.040
  5793.790      24.0     3.850    -3.526
  5793.829     607.0     1.596    -2.120               7.650
  5793.859 106.00112     3.582    -4.623               3.456
  5793.859 106.00112     2.037    -4.572               3.456
  5793.883     607.0     0.278    -4.603               7.650
  5793.899 106.00112     2.037    -4.589               3.456
  5793.915      26.0     4.220    -1.830
  5793.916      27.0     4.209    -1.393
  5793.926 106.00112     3.694    -4.144               3.456
  5793.953 106.00113     2.566    -4.276               3.456
  5793.977     607.0     0.333    -3.514               7.650
  5793.995     607.0     1.596    -4.151               7.650
  5794.021     607.0     0.333    -3.046               7.650
  5794.023      25.0     4.794    -3.266
  5794.034      22.0     3.551    -3.835
  5794.104       6.0     7.946    -3.954
  5794.104      23.0     2.638    -1.507
  5794.164      23.1     7.963    -2.215
  5794.188      58.1     2.596    -3.870
  5794.194 106.00112     3.583    -4.635               3.456
  5794.238      41.0     1.490    -1.640
  5794.258      27.0     4.209    -1.809
  5794.271       6.0     8.851    -3.440
  5794.319      27.0     2.008    -2.814
  5794.329     607.0     0.793    -4.781               7.650
  5794.383     607.0     1.344    -3.183               7.650
  5794.392      28.0     4.154    -3.175
  5794.446     607.0     1.706    -3.656               7.650
  5794.460      69.1     3.764    -1.130
  5794.473       6.0     7.946    -2.790
  5794.473      23.1     9.054     0.166
  5794.473     607.0     1.344    -2.177               7.650
  5794.473 106.00113     2.566    -4.304               3.456
  5794.578     607.0     1.447    -2.464               7.650
  5794.594 106.00112     3.694    -4.132               3.456
  5794.599      24.0     4.532    -1.370
  5794.642     607.0     1.396    -2.250               7.650
  5794.658 106.00113     2.347    -4.299               3.456
  5794.671      23.0     2.565    -3.807
  5794.702      23.0     3.113    -1.638
  5794.718      21.0     3.340    -1.408
  5794.791      58.0     0.460    -1.262
  5794.868     607.0     1.521    -1.897               7.650
  5794.890      58.1     1.966    -2.290
  5794.906 106.00113     2.347    -4.293               3.456
  5794.929     607.0     1.437    -3.474               7.650
  5794.990 106.00113     2.937    -3.907               3.456
  5795.000      14.0     5.616    -1.693
  5795.005     607.0     1.521    -3.785               7.650
  5795.013       6.0     8.851    -2.595
  5795.032     607.0     1.437    -1.801               7.650
  5795.041 106.00113     2.937    -3.893               3.456
  5795.140      60.1     1.264    -1.130
  5795.156     607.0     0.616    -3.108               7.650
  5795.216      27.0     4.475    -1.205
  5795.219      24.1     6.076    -2.877
  5795.269 106.00113     3.696    -4.132               3.456
  5795.282     607.0     0.616    -4.383               7.650
  5795.286      58.1     0.792    -3.520
  5795.373      58.1     2.004    -1.160
  5795.380      69.1     4.784    -2.400
  5795.407      70.1     7.005    -2.320
  5795.424      24.0     5.900    -2.022
  5795.457       6.0     8.848    -3.890
  5795.461      58.1     1.931    -2.380
  5795.575      24.1     8.316    -2.830
  5795.604      70.1     8.078    -2.810
  5795.629 106.00113     3.696    -4.144               3.456
  5795.804      23.1     9.103    -2.200
  5795.832     607.0     0.351    -2.999               7.650
  5795.839      26.0     4.956    -2.220
  5795.845      26.1     7.274    -2.259
  5795.905     607.0     1.564    -2.042               7.650
  5795.938      69.1     4.433    -2.950
  5795.945     607.0     0.404    -2.556               7.650
  5795.975 106.00112     2.937    -3.893               3.456
  5795.987     607.0     1.277    -3.503               7.650
  5795.994     607.0     1.559    -3.467               7.650
  5796.006     607.0     0.404    -3.821               7.650
  5796.024     607.0     1.564    -3.266               7.650
  5796.078      28.0     1.951    -3.942
  5796.080      58.0     0.926    -0.212
  5796.082 106.00112     2.566    -4.276               3.456
  5796.096 106.00112     1.278    -4.554               3.456
  5796.097     607.0     1.596    -4.149               7.650
  5796.129      25.1     5.991    -4.581
  5796.190 106.00112     2.937    -3.907               3.456
  5796.206      20.0     5.453    -4.436
  5796.253      26.0     5.273    -4.455
  5796.262     607.0     1.596    -2.113               7.650
  5796.267 106.00113     2.165    -4.355               3.456
  5796.283      69.1     3.955    -2.130
  5796.283      24.0     5.913    -1.074
  5796.314      22.1     3.095    -4.886
  5796.314 106.00113     3.547    -4.169               3.456
  5796.331      22.1     8.045    -4.526
  5796.341 106.00112     2.566    -4.304               3.456
  5796.405      20.0     5.578    -4.130
  5796.418      90.1     1.435    -1.991
  5796.432      26.0     4.607    -2.612
  5796.456      58.1     1.748    -1.090
  5796.479      74.0     2.121    -1.990
  5796.496 106.00113     3.016    -4.766               3.456
  5796.520      92.0     0.870    -1.569
  5796.539 106.00113     2.165    -4.336               3.456
  5796.583 106.00113     3.547    -4.158               3.456
  5796.593      23.1     9.059    -1.205
  5796.603 106.00112     1.610    -3.524               3.456
  5796.640 106.00113     3.016    -4.750               3.456
  5796.659      26.0     4.191    -3.342
  5796.681 106.00113     1.394    -3.649               3.456
  5796.711      21.0     4.991    -3.623
  5796.738      24.0     4.533    -1.292
  5796.781 106.00113     2.039    -4.572               3.456
  5796.789      64.0     1.949     0.205
  5796.818 106.00112     1.368    -3.727               3.456
  5796.832 106.00113     2.039    -4.589               3.456
  5796.862      24.0     3.079    -4.660
  5796.882 106.00112     1.611    -3.455               3.456
  5796.896 106.00112     2.347    -4.293               3.456
  5796.919 106.00112     2.347    -4.299               3.456
  5796.960 106.00113     3.583    -4.635               3.456
  5796.999     607.0     0.364    -4.290               7.650
  5797.003 106.00113     3.218    -4.461               3.456
  5797.017 106.00113     1.395    -3.575               3.456
  5797.027 106.00112     3.640    -4.624               3.456
  5797.040 106.00113     3.582    -4.623               3.456
  5797.095     607.0     0.364    -3.251               7.650
  5797.118 106.00112     3.016    -4.750               3.456
  5797.134      23.0     4.087    -4.369
  5797.141      21.0     3.189    -2.785
  5797.165      21.0     2.569    -3.465
  5797.181     607.0     0.392    -3.803               7.650
  5797.192 106.00112     1.368    -3.650               3.456
  5797.208 106.00113     3.218    -4.450               3.456
  5797.214     607.0     0.309    -3.882               7.650
  5797.240     607.0     0.392    -2.556               7.650
  5797.249 106.00112     1.279    -4.335               3.456
  5797.276 106.00112     3.016    -4.766               3.456
  5797.282 106.00113     2.567    -4.276               3.456
  5797.296     607.0     1.447    -3.869               7.650
  5797.356      23.0     3.074    -0.058
  5797.381     607.0     0.482    -2.876               7.650
  5797.417      58.1     1.575    -1.070
  5797.450     607.0     1.447    -2.459               7.650
  5797.464      22.0     3.305    -0.705
  5797.486      26.0     3.640    -5.108
  5797.491     607.0     0.482    -4.591               7.650
  5797.508 106.00113     2.567    -4.304               3.456
  5797.565      57.1     0.244    -1.360
  5797.598      24.0     3.101    -2.923
  5797.639     607.0     1.521    -3.784               7.650
  5797.649 106.00112     3.640    -4.612               3.456
  5797.655      26.0     4.985    -3.767
  5797.688      14.0     5.614    -2.668
  5797.770      40.0     0.071    -2.070
  5797.777     607.0     1.521    -1.889               7.650
  5797.793      23.1     9.073    -1.135
  5797.814      26.0     4.593    -3.956
  5797.856      14.0     4.954    -2.050
  5797.868      24.0     3.845    -1.945
  5797.884      26.1     9.100    -3.504
  5797.891     607.0     1.396    -3.499               7.650
  5797.981      24.0     3.101    -2.616
  5798.005      23.1     9.089    -1.366
  5798.015 106.00113     1.290    -4.393               3.456
  5798.016     607.0     1.396    -2.244               7.650
  5798.041      22.0     3.108    -3.394
  5798.089 106.00112     3.547    -4.169               3.456
  5798.162      26.1     5.571    -4.979
  5798.171      26.0     3.928    -2.020
  5798.173      26.0     4.608    -2.817
  5798.197 106.00112     3.547    -4.158               3.456
  5798.216     607.0     0.483    -2.711               7.650
  5798.224      28.0     4.165    -2.185
  5798.237      25.1     6.658    -2.703
  5798.239      69.1     5.004    -3.240
  5798.247 106.00113     2.963    -4.781               3.456
  5798.265     607.0     0.498    -2.718               7.650
  5798.291      58.1     0.900    -2.630
  5798.293     607.0     0.616    -3.096               7.650
  5798.338 106.00112     3.696    -4.132               3.456
  5798.343     607.0     0.498    -3.632               7.650
  5798.364     607.0     0.341    -3.520               7.650
  5798.367      26.0     5.507    -4.997
  5798.410     607.0     0.341    -3.016               7.650
  5798.449 106.00112     2.039    -4.572               3.456
  5798.486 106.00112     2.165    -4.336               3.456
  5798.508      24.0     1.030    -3.939
  5798.510 106.00112     2.165    -4.355               3.456
  5798.525      69.1     4.435    -2.500
  5798.530      92.1     0.670    -1.854
  5798.561    27.1      11.747     0.270
  5798.678      23.1     9.069    -3.871
  5798.732 106.00112     3.696    -4.144               3.456
  5798.772     607.0     0.632    -4.055               7.650
  5798.785      24.1     9.111    -2.500
  5798.789      23.1     9.103    -2.926
  5798.805      20.0     5.049    -0.745
  5798.822 106.00113     2.963    -4.765               3.456
  5798.832 106.00112     2.039    -4.589               3.456
  5798.863 106.00113     1.291    -4.236               3.456
  5798.907       6.0     8.848    -3.170
  5798.917      23.0     3.079     0.129
  5798.961      58.1     1.274    -1.830
  5798.984       6.0     8.851    -3.740
  5798.998     607.0     1.361    -2.172               7.650
  5799.122      58.1     1.826    -2.930
  5799.125      26.0     4.966    -4.432
  5799.162      23.1     9.079    -2.359
  5799.179      69.1     4.355    -2.200
  5799.185      69.1     3.283    -1.850
  5799.188      26.0     5.012    -3.835
  5799.210      20.0     5.585    -4.997
  5799.213      25.0     6.127    -3.030
  5799.245     607.0     1.357    -4.686               7.650
  5799.320 106.00112     2.963    -4.781               3.456
  5799.331     607.0     1.564    -2.030               7.650
  5799.336      58.1     1.876    -1.540
  5799.377 106.00112     2.567    -4.304               3.456
  5799.411 106.00112     3.218    -4.461               3.456
  5799.414 106.00112     2.567    -4.276               3.456
  5799.423      24.0     4.455    -4.314
  5799.431 106.00112     3.218    -4.450               3.456
  5799.497      69.1     4.096    -0.400
  5799.502      74.0     1.655    -3.100
  5799.509      23.0     3.529    -3.847
  5799.565      70.1     6.660    -0.900
  5799.603 106.00112     2.963    -4.765               3.456
  5799.657      69.1     3.221    -2.050
  5799.663      20.0     5.586    -4.879
  5799.743      58.1     4.192    -2.210
  5799.783      26.0     5.314    -5.036
  5799.783      58.1     0.459    -1.710
  5799.787      70.1     7.370    -1.550
  5799.799      58.1     3.161    -0.130
  5799.835      26.0     5.070    -3.447
  5799.851      58.1     1.959    -0.790
  5799.872      69.1     3.766    -1.730
  5799.970      69.1     4.311     0.049
