DEIMOS
  5650.025      58.1     1.666    -1.560
  5650.038     607.0     1.178    -3.688               7.650
  5650.081      23.1     9.079    -0.031
  5650.086     607.0     1.255    -2.205               7.650
  5650.104      25.0     4.660    -2.849
  5650.109      26.1     7.940    -3.380
  5650.127      42.0     1.382    -1.445
  5650.131      69.1     5.004    -0.620
  5650.151      21.1     7.143    -3.055
  5650.182      58.1     3.799    -2.210
  5650.199 106.00112     3.694    -3.804               3.456
  5650.217     607.0     1.255    -4.087               7.650
  5650.249     607.0     0.043    -4.106               7.650
  5650.260 106.00113     3.694    -3.804               3.456
  5650.280     607.0     0.043    -3.831               7.650
  5650.319      26.0     4.549    -3.673
  5650.338      58.1     3.460    -3.870
  5650.430      69.0     2.414    -1.280
  5650.439      38.1     6.617    -0.479
  5650.439      38.1     6.617    -1.780
  5650.483      14.0     5.616    -2.394
  5650.550      69.1     4.469    -1.960
  5650.555     607.0     1.131    -2.560               7.650
  5650.595      58.0     0.589    -0.415
  5650.598      14.0     5.616    -2.777
  5650.630      23.1     9.031     1.008
  5650.680      58.1     1.676    -2.080
  5650.700      26.1     9.736    -4.307
  5650.704    18.0      12.907    -1.815
  5650.706      26.0     5.085    -1.090
  5650.708     607.0     0.177    -3.398               7.650
  5650.729 106.00112     3.246    -3.864               3.456
  5650.761     607.0     1.107    -2.148               7.650
  5650.771     607.0     0.177    -4.196               7.650
  5650.797      24.0     3.087    -4.123
  5650.802      69.1     4.856    -3.660
  5650.810     607.0     1.107    -3.302               7.650
  5650.812     607.0     1.277    -3.514               7.650
  5650.813      72.0     1.303    -2.380
  5650.851 106.00112     3.694    -3.793               3.456
  5650.898     107.0     3.491    -4.156               3.450
  5650.938     607.0     1.444    -3.870               7.650
  5650.946     607.0     1.415    -3.184               7.650
  5651.103     607.0     1.177    -4.306               7.650
  5651.106      63.0     2.195    -0.610
  5651.110 106.00113     3.694    -3.793               3.456
  5651.119      23.1     3.973    -4.415
  5651.181     607.0     0.026    -4.540               7.650
  5651.248     607.0     1.177    -2.900               7.650
  5651.271      42.0     2.836    -2.024
  5651.362      69.1     4.140    -1.700
  5651.445     607.0     1.176    -2.308               7.650
  5651.461 106.00112     3.246    -3.876               3.456
  5651.469      26.0     4.473    -2.130
  5651.483      23.0     1.869    -2.631
  5651.506     607.0     1.176    -3.100               7.650
  5651.524    26.1      10.629    -0.610
  5651.525      26.0     4.446    -4.891
  5651.538      22.1     5.905    -2.130
  5651.573 106.00113     1.107    -4.925               3.456
  5651.586 106.00112     1.080    -4.914               3.456
  5651.669 106.00112     3.310    -4.120               3.456
  5651.688 106.00113     3.246    -3.864               3.456
  5651.703      69.1     5.197    -2.900
  5651.729      27.0     1.956    -4.893
  5651.752      27.0     4.259    -1.081
  5651.769     607.0     1.055    -3.014               7.650
  5651.796      69.1     4.839    -3.530
  5651.804     607.0     1.055    -2.641               7.650
  5651.927 106.00112     3.310    -4.133               3.456
  5651.966 106.00113     1.107    -4.840               3.456
  5651.988      70.1     3.747    -0.800
  5652.001      23.0     2.365    -2.298
  5652.010      26.0     4.218    -3.250
  5652.010      66.0     0.000    -1.490
  5652.073      20.0     5.921    -2.508
  5652.090      23.1     8.995    -3.132
  5652.110 106.00113     3.246    -3.876               3.456
  5652.156      42.0     2.515    -2.357
  5652.179     607.0     0.164    -3.389               7.650
  5652.318      26.0     4.260    -2.080
  5652.340     607.0     1.164    -2.299               7.650
  5652.345      69.1     4.988    -2.590
  5652.377      58.1     3.959    -2.260
  5652.407      69.1     2.745    -2.380
  5652.542     607.0     1.070    -2.585               7.650
  5652.600      24.0     3.556    -2.777
  5652.687     607.0     1.255    -4.085               7.650
  5652.688     607.0     0.064    -3.722               7.650
  5652.750      24.0     4.618    -1.228
  5652.776     607.0     0.089    -4.365               7.650
  5652.818     607.0     1.255    -2.198               7.650
  5652.821     607.0     0.089    -3.269               7.650
  5652.822      23.0     2.365    -2.554
  5652.848      62.0     0.185    -1.979
  5652.850     607.0     1.097    -3.283               7.650
  5652.893      26.0     4.154    -4.449
  5652.896     607.0     1.097    -2.148               7.650
  5652.903      90.1     2.203    -1.454
  5652.990     607.0     1.034    -3.403               7.650
  5653.049     607.0     1.415    -3.179               7.650
  5653.055     607.0     0.311    -4.631               7.650
  5653.148      22.0     3.399    -1.567
  5653.181     607.0     1.086    -3.393               7.650
  5653.234     607.0     1.178    -3.685               7.650
  5653.256      70.1     7.618    -0.110
  5653.266     607.0     1.086    -2.401               7.650
  5653.273 106.00112     3.245    -4.145               3.456
  5653.287     607.0     1.304    -2.263               7.650
  5653.305      44.0     1.513    -2.660
  5653.315      64.0     0.949    -1.462
  5653.331     607.0     1.178    -2.023               7.650
  5653.397     607.0     1.304    -3.478               7.650
  5653.403     607.0     1.243    -3.523               7.650
  5653.435     607.0     0.108    -3.244               7.650
  5653.484     607.0     0.108    -4.394               7.650
  5653.509     607.0     0.049    -4.106               7.650
  5653.542     607.0     0.049    -3.788               7.650
  5653.569      60.0     1.474     0.460
  5653.622       6.0     7.946    -4.020
  5653.652     607.0     1.131    -3.800               7.650
  5653.688     607.0     1.518    -2.816               7.650
  5653.701 106.00112     3.245    -4.132               3.456
  5653.739      58.1     4.428    -1.290
  5653.740      37.0     1.589    -1.965
  5653.740      20.1     7.047    -2.813
  5653.771     607.0     1.131    -2.554               7.650
  5653.771      92.1     0.285    -2.697
  5653.820 106.00112     2.531    -4.245               3.456
  5653.852      23.1     9.054    -1.006
  5653.860     607.0     1.518    -4.363               7.650
  5653.865      26.0     4.386    -1.770
  5653.903 106.00113     2.531    -4.245               3.456
  5653.973 106.00113     3.310    -4.133               3.456
  5654.024      90.1     0.831    -2.811
  5654.047 106.00113     2.531    -4.260               3.456
  5654.047      24.0     3.079    -3.264
  5654.055      26.0     4.913    -3.495
  5654.104 106.00113     3.310    -4.120               3.456
  5654.111      41.0     1.269    -1.930
  5654.219      58.1     1.320    -2.150
  5654.229      59.1     1.050    -0.905
  5654.271      27.0     4.259    -1.872
  5654.274      69.1     4.756    -1.420
  5654.274      70.1     6.257    -0.910
  5654.315 106.00112     2.531    -4.260               3.456
  5654.397      92.1     1.055    -1.516
  5654.411 106.00112     3.696    -3.793               3.456
  5654.481      69.1     4.368    -1.930
  5654.605      22.0     3.409    -3.129
  5654.605     607.0     0.190    -3.381               7.650
  5654.606      22.0     2.662    -4.323
  5654.661     107.0     3.280    -4.531               3.450
  5654.670 106.00113     3.696    -3.793               3.456
  5654.671     607.0     0.190    -4.205               7.650
  5654.767      22.0     3.399    -0.798
  5654.769 106.00112     3.696    -3.804               3.456
  5654.830 106.00113     3.696    -3.804               3.456
  5654.843      22.0     3.128    -4.239
  5654.866     607.0     1.020    -3.714               7.650
  5654.882      58.1     4.077    -2.360
  5654.887     607.0     1.725    -4.740               7.650
  5654.888     607.0     0.031    -4.521               7.650
  5654.903     607.0     1.596    -4.251               7.650
  5654.911       6.0     7.946    -4.790
  5654.919      14.0     5.614    -1.884
  5654.939 106.00113     3.245    -4.145               3.456
  5654.963     107.0     3.280    -4.531               3.450
  5655.102 106.00113     2.743    -4.200               3.456
  5655.114     607.0     1.118    -2.125               7.650
  5655.140      58.0     0.521     0.143
  5655.165     607.0     1.118    -3.310               7.650
  5655.176      26.0     5.064    -0.770
  5655.192      58.1     1.365    -1.890
  5655.205 106.00112     2.743    -4.200               3.456
  5655.249 106.00113     3.245    -4.239               3.456
  5655.253      25.1     7.994    -4.521
  5655.323     607.0     1.418    -2.452               7.650
  5655.347    26.1      10.629    -0.550
  5655.408      42.0     3.717    -1.441
  5655.467     607.0     1.418    -3.869               7.650
  5655.486      46.0     5.055    -0.210
  5655.490      26.0     5.033    -0.566
  5655.493      26.0     4.260    -0.926
  5655.512 106.00112     2.743    -4.185               3.456
  5655.512      23.1     8.995     0.713
  5655.516     607.0     1.293    -3.522               7.650
  5655.630      70.1     5.517    -3.970
  5655.659      23.0     3.066    -0.909
  5655.670      58.1     1.914    -1.320
  5655.697 106.00113     3.245    -4.225               3.456
  5655.727     607.0     1.062    -3.018               7.650
  5655.731      58.1     1.966    -1.500
  5655.748 106.00113     2.743    -4.185               3.456
  5655.748 106.00113     3.245    -4.132               3.456
  5655.761     607.0     0.177    -3.373               7.650
  5655.765     607.0     1.062    -2.606               7.650
  5655.884     607.0     1.244    -3.519               7.650
  5655.893     607.0     1.189    -2.291               7.650
  5655.957     607.0     1.189    -3.109               7.650
  5656.075      27.0     2.871    -3.634
  5656.076      22.0     3.399    -1.312
  5656.078      69.1     4.288    -1.920
  5656.094      27.0     1.956    -3.636
  5656.101     607.0     1.518    -2.808               7.650
  5656.124     607.0     0.098    -4.373               7.650
  5656.170      58.1     0.357    -3.730
  5656.171     607.0     0.098    -3.244               7.650
  5656.185      58.0     0.999    -0.622
  5656.254      23.1     9.011     0.876
  5656.261      26.1     9.100    -3.604
  5656.267      23.1     9.036    -0.930
  5656.305      23.0     2.359    -1.466
  5656.379      62.0     1.624    -0.156
  5656.454     607.0     1.176    -2.283               7.650
  5656.542     607.0     1.304    -2.251               7.650
  5656.600      57.0     1.205    -1.170
  5656.715      22.0     3.062    -2.568
  5656.803     607.0     1.107    -3.291               7.650
  5656.829     607.0     0.072    -3.688               7.650
  5656.852     607.0     1.107    -2.125               7.650
  5656.881      23.0     2.332    -1.064
  5656.957     607.0     0.056    -4.107               7.650
  5656.992     607.0     0.056    -3.748               7.650
  5657.059      24.0     3.888    -4.380
  5657.171     607.0     1.079    -2.555               7.650
  5657.248      69.1     3.860    -2.880
  5657.265      20.0     5.453    -3.693
  5657.288      23.0     1.945    -4.021
  5657.334     607.0     1.104    -2.396               7.650
  5657.340     607.0     1.041    -3.396               7.650
  5657.356     607.0     0.118    -3.220               7.650
  5657.408     607.0     0.118    -4.402               7.650
  5657.408      69.1     3.766    -0.820
  5657.435      23.0     1.064    -1.020
  5657.474      24.1     8.264    -4.600
  5657.494     607.0     0.328    -4.639               7.650
  5657.665      26.0     5.064    -2.829
  5657.707      57.0     0.331    -1.110
  5657.741      24.0     3.556    -4.422
  5657.826      25.0     5.673    -1.263
  5657.907    21.1       1.507    -0.600
  5657.925      90.0     1.593    -1.191
  5657.935      26.1     3.425    -4.112
  5658.006      58.1     2.473    -3.170
  5658.023     607.0     1.418    -2.443               7.650
  5658.026      58.1     1.696    -2.300
  5658.028      23.0     3.255    -2.566
  5658.085     607.0     1.198    -2.023               7.650
  5658.111      28.1     6.576    -2.155
  5658.130       6.0     8.851    -4.230
  5658.130      25.0     4.679    -1.479
  5658.156 106.00112     3.247    -4.132               3.456
  5658.184     607.0     1.198    -3.695               7.650
  5658.264      92.0     0.480    -1.721
  5658.300      69.0     1.088    -1.450
  5658.339      26.0     4.473    -5.124
  5658.362    21.1       1.497    -1.210
  5658.395      69.1     4.571    -2.780
  5658.399 106.00112     3.247    -4.145               3.456
  5658.425      23.0     3.080    -0.424
  5658.485 106.00112     3.245    -4.239               3.456
  5658.489      58.1     2.470    -2.020
  5658.532    26.0       3.428    -1.856
  5658.599      24.0     3.087    -3.659
  5658.606      22.0     3.112    -2.073
  5658.607      25.1     6.645    -3.595
  5658.632      24.0     3.556    -2.178
  5658.658    26.0       4.280    -1.186
  5658.690     607.0     0.203    -3.364               7.650
  5658.716     607.0     1.040    -4.124               7.650
  5658.758     607.0     0.203    -4.214               7.650
  5658.800     607.0     0.037    -4.506               7.650
  5658.816    26.0       3.394    -0.836
  5658.819      21.0     1.996    -4.165
  5658.857      21.0     3.807    -3.777
  5658.892 106.00112     3.245    -4.225               3.456
  5658.983     607.0     1.066    -4.634               7.650
  5659.002     607.0     1.634    -3.445               7.650
  5659.097      22.0     0.900    -4.007
  5659.113 106.00112     1.107    -4.925               3.456
  5659.120      27.0     2.042    -2.565
  5659.145      22.0     2.154    -3.089
  5659.187      23.0     3.239    -3.992
  5659.469     607.0     1.469    -3.876               7.650
  5659.510      14.0     5.619    -2.891
  5659.517      58.1     1.027    -1.800
  5659.519      24.0     5.833    -0.554
  5659.531     607.0     0.190    -3.357               7.650
  5659.533      23.1     9.045    -0.344
  5659.536 106.00112     1.107    -4.840               3.456
  5659.575      26.0     5.086    -3.172
  5659.620      45.0     1.783    -2.270
  5659.644     607.0     0.108    -4.382               7.650
  5659.644     607.0     1.129    -2.104               7.650
  5659.651     607.0     1.357    -2.554               7.650
  5659.652 106.00113     1.138    -4.850               3.456
  5659.690      26.0     4.143    -4.328
  5659.693     607.0     0.108    -3.221               7.650
  5659.697     607.0     1.129    -3.318               7.650
  5659.769      58.1     3.463    -2.760
  5659.775      60.1     1.600    -0.787
  5659.793      58.0     0.159    -1.453
  5659.811     607.0     1.357    -4.592               7.650
  5659.817      24.0     5.833    -1.863
  5659.822      24.0     5.479    -1.171
  5659.866      62.0     0.101    -0.939
  5659.889      20.1     7.050    -1.859
  5659.900     607.0     1.070    -3.022               7.650
  5659.937       6.0     8.537    -1.960
  5659.940     607.0     1.070    -2.575               7.650
  5659.974      24.0     3.966    -4.484
  5659.985    16.1      13.677    -0.222
  5660.010 106.00113     1.138    -4.765               3.456
  5660.059      22.0     3.113    -3.685
  5660.068 106.00113     3.247    -4.145               3.456
  5660.081      74.0     2.267    -2.060
  5660.100 106.00112     2.745    -4.185               3.456
  5660.109      69.1     4.162    -2.010
  5660.139      69.1     3.295    -2.730
  5660.139      70.1     6.954    -1.910
  5660.141    26.1      10.629    -0.420
  5660.148 106.00113     2.745    -4.200               3.456
  5660.155 106.00113     3.247    -4.225               3.456
  5660.186      70.1     7.273    -1.910
  5660.206 106.00113     3.247    -4.132               3.456
  5660.251 106.00112     2.745    -4.200               3.456
  5660.283      14.0     5.863    -4.428
  5660.325      23.1     9.045    -0.586
  5660.328      26.1     9.742    -3.687
  5660.337 106.00113     2.745    -4.185               3.456
  5660.379 106.00113     3.247    -4.239               3.456
  5660.392      26.0     3.301    -4.954
  5660.476      58.1     1.279    -1.520
  5660.504      14.0     5.616    -2.022
  5660.555      69.1     4.833    -0.890
  5660.585     607.0     1.203    -2.275               7.650
  5660.595     607.0     0.064    -4.110               7.650
  5660.633     607.0     0.064    -3.712               7.650
  5660.651     607.0     1.203    -3.117               7.650
  5660.660    14.1      14.175    -0.696
  5660.677      14.0     5.616    -2.025
  5660.744      74.0     2.436    -1.260
  5660.783      69.1     4.443    -2.040
  5660.784     607.0     1.281    -2.198               7.650
  5660.786      21.1     7.222    -4.041
  5660.799     607.0     1.189    -2.268               7.650
  5660.801      26.0     3.640    -3.010
  5660.802      23.1     9.045    -1.023
  5660.882 106.00112     3.182    -4.157               3.456
  5660.903      26.0     4.294    -3.988
  5660.917     607.0     1.281    -4.093               7.650
  5660.937      21.0     2.338    -3.500
  5660.962     607.0     1.118    -3.300               7.650
  5661.013     607.0     1.118    -2.104               7.650
  5661.021      26.0     4.580    -2.560
  5661.026      23.0     1.869    -2.690
  5661.050      58.1     1.274    -2.880
  5661.141     607.0     0.080    -3.657               7.650
  5661.207     607.0     1.206    -2.898               7.650
  5661.210     607.0     1.634    -3.439               7.650
  5661.236      26.0     4.796    -4.102
  5661.243     607.0     1.198    -3.692               7.650
  5661.278     607.0     1.155    -2.551               7.650
  5661.283 106.00112     3.182    -4.144               3.456
  5661.320     607.0     1.104    -3.401               7.650
  5661.342     607.0     1.198    -2.013               7.650
  5661.346    26.0       4.281    -1.756
  5661.353      23.1     9.031    -0.432
  5661.408     607.0     1.104    -2.389               7.650
  5661.440      23.1     9.079    -1.784
  5661.449     607.0     0.129    -3.198               7.650
  5661.456      69.1     3.295    -2.580
  5661.503     607.0     0.129    -4.410               7.650
  5661.520      69.1     4.433    -1.900
  5661.571      59.0     1.329     0.510
  5661.607     607.0     1.326    -2.254               7.650
  5661.719      21.0     2.001    -1.642
  5661.720     607.0     1.326    -3.485               7.650
  5661.840     607.0     1.357    -4.591               7.650
  5661.841      23.1     9.036    -2.092
  5661.851      26.0     4.209    -4.541
  5661.863      23.1     9.045    -1.081
  5661.878     607.0     1.047    -3.392               7.650
  5661.898      24.0     5.834    -3.338
  5661.937      24.1     5.873    -4.394
  5661.971      26.0     4.260    -2.860
  5661.979      27.1     8.423    -4.610
  5661.979      58.1     1.796    -2.120
  5661.985     607.0     1.088    -2.527               7.650
  5662.001     607.0     1.357    -2.547               7.650
  5662.024 106.00112     3.168    -3.888               3.456
  5662.040 106.00112     3.168    -3.876               3.456
  5662.109     607.0     0.346    -4.647               7.650
  5662.136      24.1     6.484    -4.143
  5662.148    22.0       2.318     0.010
  5662.181      59.1     1.053    -1.174
  5662.184 106.00113     3.182    -4.157               3.456
  5662.216      58.1     1.319    -2.420
  5662.370 106.00113     3.168    -3.888               3.456
  5662.382      69.1     4.647    -2.730
  5662.435      60.0     1.337     0.040
  5662.470     6.1      20.710    -0.249
  5662.516    26.0       4.175    -0.573
  5662.572      21.0     1.865    -3.863
  5662.607      24.0     3.435    -2.558
  5662.691 106.00113     3.168    -3.876               3.456
  5662.696      24.0     5.522    -2.942
  5662.722      22.0     3.161    -4.142
  5662.822      23.0     2.684    -4.476
  5662.867     607.0     0.043    -4.497               7.650
  5662.883      22.0     2.480    -0.510
  5662.925      39.1     1.944     0.160
  5662.938    26.0       3.692    -1.975
  5662.947     607.0     0.217    -3.349               7.650
  5662.954 106.00113     3.182    -4.144               3.456
  5663.005      23.1     9.086    -0.892
  5663.017     607.0     0.217    -4.222               7.650
  5663.106      24.0     4.616    -3.935
  5663.199      58.0     0.516    -1.100
  5663.201     607.0     1.036    -3.721               7.650
  5663.247      58.1     3.696    -2.940
  5663.349     607.0     0.118    -4.391               7.650
  5663.351     607.0     1.281    -4.091               7.650
  5663.355 106.00112     3.247    -4.225               3.456
  5663.395      69.1     3.247    -1.620
  5663.400 106.00113     3.708    -4.393               3.456
  5663.401     607.0     0.118    -3.198               7.650
  5663.404      26.1     9.100    -3.835
  5663.448      24.0     3.375    -3.535
  5663.460      58.0     0.295    -1.246
  5663.484     607.0     0.203    -3.341               7.650
  5663.485     607.0     1.281    -2.190               7.650
  5663.499      58.1     2.004    -1.540
  5663.621 106.00112     3.247    -4.239               3.456
  5663.640      23.1     9.079    -0.368
  5663.688 106.00113     3.708    -4.384               3.456
  5663.788     607.0     1.206    -4.311               7.650
  5663.910      62.0     1.809     0.026
  5663.937     607.0     1.206    -2.893               7.650
  5663.948      55.0     1.386    -1.511
  5663.975      28.0     4.538    -0.430
  5663.984      58.0     0.719    -0.200
  5664.030      24.0     3.435    -1.026
  5664.032       6.0     8.537    -4.370
  5664.041      25.1     7.996    -4.178
  5664.154 106.00113     2.897    -4.168               3.456
  5664.218      58.1     1.889    -1.780
  5664.220      69.1     2.185    -2.940
  5664.247      23.1     9.069    -1.479
  5664.271     607.0     1.079    -3.027               7.650
  5664.312     607.0     1.079    -2.545               7.650
  5664.329      42.0     3.700    -1.514
  5664.340 106.00112     2.897    -4.156               3.456
  5664.351     607.0     1.155    -3.807               7.650
  5664.367     607.0     1.140    -2.083               7.650
  5664.369 106.00112     2.897    -4.168               3.456
  5664.379      58.1     2.229    -1.510
  5664.410      66.0     0.513    -2.620
  5664.411      42.0     3.443    -1.646
  5664.422     607.0     1.140    -3.326               7.650
  5664.423     607.0     0.072    -4.115               7.650
  5664.430      74.0     2.242    -2.080
  5664.439 106.00113     2.897    -4.156               3.456
  5664.460      22.0     3.867    -3.019
  5664.463     607.0     0.072    -3.678               7.650
  5664.472     607.0     1.155    -2.545               7.650
  5664.520      40.0     0.633    -1.500
  5664.530      58.1     1.520    -2.190
  5664.542      58.1     2.004    -1.940
  5664.579      24.0     3.826    -0.787
  5664.603      26.0     5.067    -4.909
  5664.604      58.1     0.956    -3.000
  5664.654 106.00112     3.708    -4.393               3.456
  5664.684      58.0     0.954    -0.430
  5664.696      41.0     0.142    -1.580
  5664.760      23.1     6.542    -2.744
  5664.776 106.00112     3.708    -4.384               3.456
  5664.780    16.1      13.660    -0.427
  5664.876      71.1     3.830    -1.400
  5664.890     607.0     1.326    -2.242               7.650
  5664.895      73.0     0.249    -2.040
  5664.949      68.0     1.069    -0.561
  5665.007      26.1     7.946    -4.716
  5665.180      90.0     1.022    -1.605
  5665.203      44.0     1.698    -2.320
  5665.213      23.1     6.901    -3.569
  5665.228      14.0     5.619    -3.833
  5665.229      25.0     5.611    -0.298
  5665.251      21.1     7.159    -2.304
  5665.267      60.0     1.478    -0.040
  5665.280      23.0     1.869    -3.014
  5665.321     607.0     1.129    -3.308               7.650
  5665.345      58.1     1.327    -1.240
  5665.362     607.0     1.203    -2.253               7.650
  5665.373      23.1     9.069    -1.749
  5665.374     607.0     1.129    -2.083               7.650
  5665.377      23.0     1.218    -4.411
  5665.406      58.0     0.548    -1.156
  5665.441     607.0     1.217    -2.260               7.650
  5665.448     607.0     1.450    -3.179               7.650
  5665.509     607.0     1.217    -3.125               7.650
  5665.540      20.1     7.047    -2.115
  5665.555      14.0     4.920    -2.040
  5665.569      69.1     4.301    -1.600
  5665.625     607.0     0.089    -3.627               7.650
  5665.627      41.0     1.613    -1.000
  5665.628      90.1     1.204    -2.045
  5665.635      26.0     3.642    -3.022
  5665.688      21.0     3.878    -3.517
  5665.709     607.0     0.140    -3.176               7.650
  5665.710     607.0     1.122    -2.384               7.650
  5665.730      23.0     3.224    -3.978
  5665.736 106.00112     3.184    -4.144               3.456
  5665.766     607.0     0.140    -4.418               7.650
  5665.804      21.0     5.263    -1.587
  5665.804      21.0     5.263    -2.527
  5665.967 106.00112     3.184    -4.157               3.456
  5666.036     607.0     1.627    -4.256               7.650
  5666.288      26.0     5.352    -2.804
  5666.289      40.0     2.211    -0.850
  5666.372 106.00112     3.694    -3.771               3.456
  5666.379      58.1     1.140    -2.770
  5666.430      66.0     2.504     0.040
  5666.450     607.0     1.218    -2.013               7.650
  5666.551     607.0     1.218    -3.702               7.650
  5666.602     607.0     1.055    -3.390               7.650
  5666.604      22.0     2.506    -3.222
  5666.630     7.1      18.466    -0.080
  5666.631      69.1     2.917    -3.720
  5666.677      14.0     5.616    -1.795
  5666.695     607.0     1.552    -2.810               7.650
  5666.773      20.0     5.453    -4.349
  5666.788      26.0     4.154    -3.515
  5666.793      28.0     4.105    -3.232
  5666.808      26.0     4.154    -4.954
  5666.870     607.0     1.552    -4.367               7.650
  5666.873      41.0     1.895    -1.720
  5666.896     607.0     0.364    -4.655               7.650
  5666.950      24.0     3.087    -3.335
  5666.950      23.1     9.054    -3.758
  5666.962      24.0     2.967    -4.601
  5667.006     607.0     1.097    -2.500               7.650
  5667.049      26.1     7.717    -3.238
  5667.056 106.00112     3.695    -3.760               3.456
  5667.164    21.1       1.500    -1.310
  5667.168     607.0     0.049    -4.491               7.650
  5667.243 106.00112     1.138    -4.850               3.456
  5667.244     607.0     0.129    -4.400               7.650
  5667.246      42.0     3.444    -1.553
  5667.271 106.00113     3.184    -4.157               3.456
  5667.298     607.0     0.129    -3.177               7.650
  5667.317      26.1     9.742    -4.460
  5667.317      42.0     3.675    -1.516
  5667.370     607.0     0.232    -3.333               7.650
  5667.410 106.00113     3.184    -4.144               3.456
  5667.412      20.0     5.490    -3.602
  5667.442     607.0     0.232    -4.231               7.650
  5667.456      24.0     4.533    -3.856
  5667.458      26.0     5.064    -2.005
  5667.518    26.0       4.175    -1.576
  5667.555     607.0     1.450    -3.173               7.650
  5667.594      22.0     3.139    -0.790
  5667.619     607.0     0.217    -3.326               7.650
  5667.628 106.00112     1.138    -4.765               3.456
  5667.665      26.0     2.608    -3.160
  5667.672      58.1     4.142    -2.820
  5667.731      25.0     5.579    -3.108
  5667.805      24.0     4.186    -1.027
  5667.905      75.0     1.955    -1.460
  5667.914 106.00113     1.171    -4.773               3.456
  5667.929     607.0     1.277    -3.517               7.650
  5667.955      26.0     5.064    -3.207
  5667.960      58.1     1.500    -1.090
  5668.065      26.0     4.559    -3.164
  5668.086     607.0     1.761    -4.743               7.650
  5668.091      23.1     9.079    -0.338
  5668.160     607.0     1.495    -3.881               7.650
  5668.188     107.0     3.544    -4.124               3.450
  5668.226 106.00112     3.171    -3.876               3.456
  5668.245 106.00113     1.171    -4.688               3.456
  5668.329      25.1     6.913    -3.643
  5668.338 106.00113     3.694    -3.771               3.456
  5668.350      69.1     4.938    -1.640
  5668.358      21.0     2.338    -2.859
  5668.361      23.0     1.081    -1.030
  5668.443     607.0     0.080    -4.120               7.650
  5668.485     607.0     0.080    -3.646               7.650
  5668.531      25.0     5.112    -3.103
  5668.592      25.1     6.913    -4.267
  5668.618      14.0     5.863    -3.711
  5668.631      23.0     1.950    -4.649
  5668.633    27.1      11.705    -0.350
  5668.657      23.0     3.066    -1.123
  5668.664      58.1     4.158    -2.580
  5668.696      58.1     0.808    -2.420
  5668.704      69.1     3.435    -1.940
  5668.730      21.0     2.010    -1.942
  5668.824     607.0     1.088    -3.033               7.650
  5668.857      60.1     1.412    -0.310
  5668.869     607.0     1.088    -2.517               7.650
  5668.878 106.00113     3.171    -3.876               3.456
  5668.882      23.0     3.246    -2.725
  5668.924      58.1     1.008    -0.700
  5668.939 106.00112     3.171    -3.888               3.456
  5668.943       6.0     8.537    -2.430
  5669.041     607.0     1.552    -2.803               7.650
  5669.055    21.1       1.500    -1.200
  5669.254      58.1     2.145    -2.030
  5669.287 106.00113     3.171    -3.888               3.456
  5669.293     607.0     1.151    -2.064               7.650
  5669.324     107.0     3.544    -4.124               3.450
  5669.335 106.00113     3.695    -3.760               3.456
  5669.351     607.0     1.151    -3.334               7.650
  5669.387      22.0     3.869    -1.845
  5669.435      92.0     0.077    -1.929
  5669.438      23.0     2.723    -2.730
  5669.463      24.0     3.966    -4.160
  5669.528 106.00112     3.120    -4.170               3.456
  5669.528      58.1     3.847    -2.960
  5669.560    14.1      14.200     0.286
  5669.562      14.0     5.619    -3.150
  5669.582      23.0     1.893    -4.458
  5669.634      69.1     4.736    -0.910
  5669.643     607.0     1.062    -4.131               7.650
  5669.646      26.0     4.231    -2.975
  5669.646     607.0     1.122    -3.409               7.650
  5669.734     607.0     1.218    -3.700               7.650
  5669.736      14.0     5.619    -1.779
  5669.736     607.0     1.122    -2.376               7.650
  5669.737      20.0     5.928    -1.001
  5669.753      60.0     0.456    -0.125
  5669.836     607.0     1.218    -2.003               7.650
  5669.842     607.0     1.140    -3.317               7.650
  5669.898     607.0     1.140    -2.064               7.650
  5669.904 106.00112     3.121    -4.156               3.456
  5669.930      69.1     4.469    -3.240
  5669.935      28.0     4.266    -0.964
  5669.958      58.0     0.398     0.121
  5670.079      22.0     3.128    -3.610
  5670.097      46.0     4.636     0.390
  5670.112     607.0     1.217    -2.238               7.650
  5670.144     607.0     0.152    -3.156               7.650
  5670.168      23.1     8.995    -0.721
  5670.184     607.0     1.349    -2.245               7.650
  5670.203     607.0     0.152    -4.427               7.650
  5670.276     607.0     0.098    -3.599               7.650
  5670.299     607.0     1.349    -3.491               7.650
  5670.364 106.00113     3.308    -4.224               3.456
  5670.381    27.1      11.705    -0.180
  5670.400     607.0     1.277    -3.513               7.650
  5670.473 106.00113     3.120    -4.170               3.456
  5670.476     607.0     1.231    -2.245               7.650
  5670.516      58.1     1.274    -2.770
  5670.528      23.0     2.122    -4.892
  5670.541      23.1     9.079    -0.939
  5670.547     607.0     1.231    -3.133               7.650
  5670.718      23.1     9.011    -2.470
  5670.811 106.00113     2.300    -4.528               3.456
  5670.840 106.00113     3.308    -4.210               3.456
  5670.840      21.1     7.159    -3.949
  5670.853      23.0     1.081    -0.420
  5670.869 106.00113     3.711    -4.384               3.456
  5671.007      58.1     2.145    -2.850
  5671.084      41.0     1.407    -1.630
  5671.116 106.00113     2.300    -4.513               3.456
  5671.128      69.1     5.012    -2.040
  5671.161      58.1     3.807    -2.750
  5671.172      58.1     0.464    -2.800
  5671.210 106.00113     3.121    -4.156               3.456
  5671.219      69.1     4.324    -3.080
  5671.248      66.0     2.386    -0.100
  5671.265      23.1     5.537    -4.082
  5671.293 106.00112     2.900    -4.156               3.456
  5671.303      25.0     5.112    -2.683
  5671.313 106.00112     2.300    -4.513               3.456
  5671.325     607.0     0.140    -4.409               7.650
  5671.374 106.00112     2.300    -4.528               3.456
  5671.381     607.0     0.140    -3.156               7.650
  5671.393 106.00113     2.900    -4.156               3.456
  5671.423      58.0     0.826    -0.795
  5671.512 106.00113     3.711    -4.393               3.456
  5671.525      24.0     3.845    -3.867
  5671.528      57.1     2.210    -0.795
  5671.551     607.0     1.062    -3.390               7.650
  5671.596 106.00112     3.696    -3.760               3.456
  5671.644      25.0     5.112    -2.819
  5671.657      24.1     3.827    -3.806
  5671.660     607.0     0.056    -4.488               7.650
  5671.672      69.1     4.946    -1.560
  5671.699     607.0     1.308    -2.190               7.650
  5671.750 106.00113     2.900    -4.168               3.456
  5671.766     607.0     1.052    -3.729               7.650
  5671.771      28.0     5.481    -3.162
  5671.779      23.1     9.040    -1.002
  5671.821      21.0     1.448     0.495
  5671.829      26.0     4.435    -1.795
  5671.835     607.0     1.308    -4.099               7.650
  5671.854     607.0     1.093    -4.639               7.650
  5671.886     607.0     0.382    -4.663               7.650
  5671.888      58.0     0.172    -0.939
  5671.906      22.0     2.677    -4.064
  5671.915      41.0     1.505    -1.410
  5671.919      24.0     5.843    -0.551
  5671.927 106.00112     3.696    -3.771               3.456
  5671.943     607.0     0.232    -3.312               7.650
  5671.959 106.00112     3.711    -4.384               3.456
  5671.966 106.00112     2.900    -4.168               3.456
  5671.982     607.0     0.247    -3.319               7.650
  5672.040      23.0     2.379    -0.878
  5672.057     607.0     0.247    -4.240               7.650
  5672.114 106.00112     3.624    -3.781               3.456
  5672.145      70.1     6.651    -1.570
  5672.159     607.0     1.107    -2.475               7.650
  5672.165      58.1     1.613    -2.310
  5672.250     607.0     1.180    -2.542               7.650
  5672.262      26.0     4.584    -2.930
  5672.345      20.0     5.490    -4.926
  5672.375      70.1     8.151    -1.220
  5672.412      58.1     1.677    -1.850
  5672.503      21.0     5.265    -1.685
  5672.529      69.1     3.618    -1.500
  5672.582      58.1     1.327    -1.940
  5672.595     607.0     1.388    -2.547               7.650
  5672.629 106.00113     2.464    -4.274               3.456
  5672.647     607.0     0.089    -4.126               7.650
  5672.692     607.0     0.089    -3.617               7.650
  5672.759     607.0     1.388    -4.597               7.650
  5672.761 106.00112     3.624    -3.771               3.456
  5672.771 106.00112     3.711    -4.393               3.456
  5672.805      27.1     8.594    -2.192
  5672.880      27.1     8.594    -1.984
  5672.915 106.00113     2.464    -4.259               3.456
  5672.925      23.0     2.365    -2.273
  5672.945      24.0     4.096    -4.257
  5672.999      21.0     2.001    -2.968
  5673.049      22.0     3.407    -0.593
  5673.051      69.1     4.940    -1.770
  5673.060      69.1     4.387    -3.050
  5673.070      26.1     6.807    -3.520
  5673.154      69.1     4.847    -2.040
  5673.186 106.00112     2.464    -4.259               3.456
  5673.241 106.00112     2.464    -4.274               3.456
  5673.376      69.1     1.111    -3.210
  5673.379      26.0     3.695    -3.804
  5673.411     607.0     1.349    -2.233               7.650
  5673.421      22.0     3.148    -0.395
  5673.434      22.0     3.112    -2.111
  5673.461     107.0     3.315    -4.495               3.450
  5673.490      58.1     0.655    -2.600
  5673.499      24.0     5.239    -3.953
  5673.501 106.00113     2.681    -4.214               3.456
  5673.537      74.0     2.387    -1.940
  5673.575 106.00112     3.308    -4.224               3.456
  5673.596     607.0     1.097    -3.040               7.650
  5673.619      42.0     2.515    -1.612
  5673.634      26.1     7.558    -4.612
  5673.640      58.1     2.145    -3.000
  5673.643     607.0     1.097    -2.491               7.650
  5673.711      22.1     5.647    -1.640
  5673.775      25.0     4.194    -3.797
  5673.775 106.00113     3.624    -3.781               3.456
  5673.778      23.1     9.036    -0.659
  5673.810     607.0     1.672    -3.440               7.650
  5673.810      63.0     1.639    -0.510
  5673.851     107.0     3.315    -4.495               3.450
  5673.878 106.00113     3.696    -3.760               3.456
  5673.897 106.00113     3.696    -3.771               3.456
  5673.919      58.1     1.140    -3.300
  5673.933 106.00112     2.681    -4.214               3.456
  5674.010      69.1     4.778    -2.950
  5674.010 106.00112     3.308    -4.210               3.456
  5674.084      58.1     2.008    -2.500
  5674.126 106.00113     2.681    -4.199               3.456
  5674.154     607.0     1.235    -2.891               7.650
  5674.174      24.0     3.556    -2.577
  5674.229 106.00112     2.681    -4.199               3.456
  5674.232      24.0     5.239    -3.715
  5674.286     607.0     1.308    -4.097               7.650
  5674.305      70.1     5.572    -1.120
  5674.326 106.00112     3.122    -4.156               3.456
  5674.357     607.0     1.140    -2.372               7.650
  5674.368     607.0     1.164    -2.045               7.650
  5674.390      76.0     2.269    -2.440
  5674.400      74.0     2.387    -1.390
  5674.422     607.0     1.308    -2.182               7.650
  5674.428     607.0     1.164    -3.342               7.650
  5674.469      42.0     2.523    -1.246
  5674.545 106.00112     3.122    -4.170               3.456
  5674.590      25.1     7.999    -4.021
  5674.605     607.0     1.151    -3.326               7.650
  5674.633      26.0     5.070    -3.480
  5674.664     607.0     1.151    -2.045               7.650
  5674.679      22.0     3.407    -1.278
  5674.732 106.00113     3.624    -3.771               3.456
  5674.741     607.0     1.388    -4.596               7.650
  5674.764     607.0     0.164    -3.137               7.650
  5674.825     607.0     0.164    -4.435               7.650
  5674.869      58.1     1.495    -1.920
  5674.905     607.0     1.388    -2.541               7.650
  5674.925      69.1     4.914    -1.610
  5674.977     607.0     1.231    -2.224               7.650
  5674.977      24.0     4.402    -2.378
  5674.987      90.0     1.463    -1.255
  5674.999     607.0     1.239    -2.003               7.650
  5675.060      25.0     4.685    -2.402
  5675.085    27.1      11.700    -0.290
  5675.095     607.0     0.108    -3.573               7.650
  5675.103     607.0     1.239    -3.709               7.650
  5675.108      20.0     5.453    -3.084
  5675.117      58.0     0.000    -1.292
  5675.125      58.1     3.411    -2.320
  5675.157      24.0     5.240    -3.049
  5675.170      25.0     6.336    -2.676
  5675.182      70.1     5.985    -1.390
  5675.229     607.0     1.180    -3.813               7.650
  5675.249      58.1     1.194    -2.750
  5675.252    26.1      10.600    -0.580
  5675.268      39.0     1.374    -0.570
  5675.305 106.00113     3.310    -4.210               3.456
  5675.352     607.0     1.180    -2.536               7.650
  5675.366      74.0     2.246    -2.150
  5675.409    22.0       2.305    -0.170
  5675.417      14.0     5.619    -1.231
  5675.450      27.0     4.209    -0.975
  5675.476      68.0     0.624    -1.106
  5675.492 106.00113     3.122    -4.170               3.456
  5675.547 106.00113     3.310    -4.224               3.456
  5675.553 106.00112     1.171    -4.773               3.456
  5675.578     607.0     0.152    -4.419               7.650
  5675.634 106.00113     3.122    -4.156               3.456
  5675.637     607.0     0.152    -3.137               7.650
  5675.641      39.0     1.983    -0.910
  5675.717      24.0     5.855    -1.296
  5675.724     607.0     1.246    -2.231               7.650
  5675.756      14.0     5.619    -2.729
  5675.797     607.0     1.246    -3.142               7.650
  5675.837      69.0     0.000    -1.200
  5675.900      22.0     3.199    -2.166
  5675.908 106.00112     1.171    -4.688               3.456
  5675.959      60.0     0.140    -0.325
  5675.966      27.0     4.146    -2.502
  5675.988      25.0     3.373    -4.341
  5676.008     607.0     1.672    -3.434               7.650
  5676.020     7.1      18.462    -0.392
  5676.047      26.0     4.652    -4.772
  5676.238      26.0     4.559    -4.379
  5676.335      26.1     5.289    -3.881
  5676.340     607.0     0.064    -4.487               7.650
  5676.434      24.0     5.851    -0.474
  5676.436 106.00113     1.208    -4.694               3.456
  5676.447     607.0     0.247    -3.298               7.650
  5676.468      27.0     4.475    -1.275
  5676.474      20.0     5.490    -4.104
  5676.485      23.1     6.547    -3.300
  5676.546     607.0     1.361    -3.552               7.650
  5676.552      24.1     6.001    -4.598
  5676.568 106.00113     2.302    -4.513               3.456
  5676.572      74.0     1.508    -2.710
  5676.584      23.0     2.332    -1.535
  5676.603      22.0     2.160    -4.076
  5676.664      69.1     3.744    -2.220
  5676.684 106.00113     2.302    -4.528               3.456
  5676.694     607.0     1.070    -3.391               7.650
  5676.700      23.1     9.073    -2.172
  5676.713     607.0     1.235    -4.316               7.650
  5676.749 106.00113     1.208    -4.607               3.456
  5676.755      28.1     9.413    -1.913
  5676.765 106.00112     2.302    -4.513               3.456
  5676.777     607.0     0.262    -3.304               7.650
  5676.855     607.0     0.262    -4.248               7.650
  5676.866     607.0     1.235    -2.886               7.650
  5676.871      58.0     0.984     0.059
  5676.880      58.1     1.706    -1.590
  5676.894      74.0     2.195    -1.830
  5676.967      69.1     4.459    -2.650
  5677.033      59.1     0.633    -1.497
  5677.042     607.0     0.401    -4.670               7.650
  5677.045     607.0     0.098    -4.133               7.650
  5677.092     607.0     0.098    -3.589               7.650
  5677.116      27.0     4.475    -3.511
  5677.187     607.0     1.521    -3.887               7.650
  5677.221      58.0     0.589    -1.031
  5677.245      58.1     0.232    -2.180
  5677.248 106.00112     2.302    -4.528               3.456
  5677.397     607.0     1.476    -2.438               7.650
  5677.433      64.0     1.773    -0.288
  5677.433      26.0     4.559    -3.646
  5677.439      41.0     0.740    -2.090
  5677.442     607.0     1.659    -4.260               7.650
  5677.522 106.00112     3.626    -3.771               3.456
  5677.523     607.0     1.118    -2.452               7.650
  5677.547     607.0     1.476    -3.879               7.650
  5677.650      24.0     5.856    -0.324
  5677.684      26.0     4.103    -2.830
  5677.690      66.0     2.184    -0.301
  5677.731      24.0     3.847    -2.825
  5677.751 106.00113     2.466    -4.259               3.456
  5677.752      58.0     0.552    -0.029
  5677.848 106.00112     3.626    -3.781               3.456
  5677.874 106.00113     2.466    -4.274               3.456
  5677.895      42.0     2.063    -1.702
  5677.949      58.1     0.232    -2.230
  5678.022 106.00112     2.466    -4.259               3.456
  5678.032      26.0     4.985    -2.750
  5678.040      28.0     5.004    -2.567
  5678.173      69.1     2.556    -2.840
  5678.181     607.0     1.140    -3.416               7.650
  5678.246     607.0     1.239    -3.707               7.650
  5678.272     607.0     1.140    -2.365               7.650
  5678.350     607.0     1.239    -1.993               7.650
  5678.371 106.00113     2.683    -4.214               3.456
  5678.379      26.0     3.883    -3.150
  5678.390      24.1     6.484    -1.496
  5678.422      23.1     9.011    -0.339
  5678.424      58.1     3.325    -0.650
  5678.462      58.1     2.213    -1.170
  5678.480 106.00112     3.310    -4.210               3.456
  5678.487 106.00112     2.466    -4.274               3.456
  5678.543     607.0     1.107    -3.047               7.650
  5678.567 106.00113     2.683    -4.199               3.456
  5678.582      69.1     4.440    -1.650
  5678.592     607.0     1.107    -2.466               7.650
  5678.601      26.0     2.424    -4.800
  5678.607      24.0     4.613    -1.278
  5678.671 106.00112     2.683    -4.199               3.456
  5678.725      62.0     0.101    -2.678
  5678.764 106.00112     3.310    -4.224               3.456
  5678.803 106.00112     2.683    -4.214               3.456
  5678.948      69.1     5.004    -0.680
  5678.957      58.1     0.875    -3.130
  5678.967     607.0     1.372    -2.236               7.650
  5679.023      26.0     4.652    -1.050
  5679.034      58.1     1.677    -0.920
  5679.085     607.0     1.372    -3.498               7.650
  5679.119      26.0     5.033    -2.151
  5679.125 106.00112     3.059    -4.183               3.456
  5679.145      22.0     3.409    -3.998
  5679.164      23.0     2.332    -4.206
  5679.193      70.1     5.747    -2.450
  5679.302      70.1     7.321    -1.220
  5679.332 106.00112     3.554    -3.792               3.456
  5679.374      23.1     9.059    -0.145
  5679.448      23.1     9.086    -0.706
  5679.480 106.00112     3.059    -4.169               3.456
  5679.496 106.00113     3.626    -3.771               3.456
  5679.513 106.00113     3.626    -3.781               3.456
  5679.542     607.0     1.164    -3.335               7.650
  5679.550     607.0     0.177    -3.118               7.650
  5679.555      27.0     4.475    -1.584
  5679.560     7.1      18.483     0.225
  5679.602     607.0     1.164    -2.027               7.650
  5679.614     607.0     0.177    -4.444               7.650
  5679.642      44.0     2.764    -1.190
  5679.705     607.0     1.176    -2.027               7.650
  5679.726 106.00113     3.059    -4.183               3.456
  5679.767     607.0     1.176    -3.350               7.650
  5679.783      69.1     4.480    -1.470
  5679.842      20.0     5.932    -1.583
  5679.857     607.0     1.586    -2.804               7.650
  5679.876      42.0     3.223    -2.469
  5679.916      22.0     2.472    -0.570
  5679.942 106.00112     3.554    -3.781               3.456
  5679.992      56.0     1.143    -1.450
  5680.023     607.0     1.476    -2.430               7.650
  5680.035     607.0     0.164    -4.428               7.650
  5680.035     607.0     1.586    -4.371               7.650
  5680.089     607.0     0.118    -3.548               7.650
  5680.097     607.0     0.164    -3.118               7.650
  5680.118      70.1     6.950    -3.030
  5680.171      21.0     3.083    -1.013
  5680.219      25.0     4.660    -3.437
  5680.222     607.0     1.486    -3.173               7.650
  5680.240      26.0     4.186    -2.710
  5680.261      58.1     0.295    -1.600
  5680.372      92.0     0.775    -1.542
  5680.389      22.0     3.409    -3.558
  5680.407 106.00112     3.094    -3.888               3.456
  5680.407 106.00112     3.094    -3.900               3.456
  5680.429 106.00113     3.059    -4.169               3.456
  5680.455 106.00113     3.094    -3.900               3.456
  5680.504     607.0     1.069    -3.737               7.650
  5680.591      23.1     4.005    -3.876
  5680.691 106.00113     3.554    -3.792               3.456
  5680.755 106.00113     3.094    -3.888               3.456
  5680.767      26.1     7.940    -3.800
  5680.768      25.0     5.542    -3.000
  5680.772     607.0     1.085    -4.137               7.650
  5680.779      22.0     3.409    -3.796
  5680.891      76.0     4.315    -0.010
  5680.920      40.0     0.543    -1.700
  5680.994      27.0     1.883    -4.126
  5681.013      23.0     3.255    -2.717
  5681.021      24.0     5.529    -3.881
  5681.039      28.1     6.576    -2.694
  5681.081      63.0     1.639    -0.910
  5681.126      25.0     5.599    -4.015
  5681.135     607.0     0.262    -3.285               7.650
  5681.178     607.0     1.261    -2.217               7.650
  5681.214     607.0     0.072    -4.488               7.650
  5681.227      60.0     1.051    -0.460
  5681.254     607.0     1.261    -3.150               7.650
  5681.302      28.0     3.306    -4.423
  5681.338      58.1     3.706    -2.560
  5681.440      23.0     1.711    -4.971
  5681.440    14.1      14.167    -0.713
  5681.503     607.0     1.798    -4.747               7.650
  5681.506      26.0     4.186    -3.784
  5681.536      69.1     4.364    -2.520
  5681.607 106.00113     3.554    -3.781               3.456
  5681.628     607.0     0.108    -4.140               7.650
  5681.661      58.1     4.142    -1.810
  5681.662      23.1     9.086    -0.197
  5681.677     607.0     0.108    -3.563               7.650
  5681.745     607.0     0.278    -3.291               7.650
  5681.825     607.0     0.278    -4.256               7.650
  5681.846      22.0     3.154    -4.151
  5681.872      20.0     5.875    -2.646
  5681.900      59.1     1.163    -0.662
  5682.014      42.0     3.501    -2.081
  5682.051     607.0     1.079    -3.394               7.650
  5682.131     607.0     1.372    -2.225               7.650
  5682.159      24.0     4.099    -4.112
  5682.198      28.0     4.105    -0.470
  5682.219     607.0     1.586    -2.797               7.650
  5682.240      23.1     9.059    -0.835
  5682.312     607.0     1.486    -3.168               7.650
  5682.314      69.1     4.481    -2.680
  5682.373      24.1     8.273    -4.045
  5682.401     607.0     0.421    -4.678               7.650
  5682.495      26.0     4.913    -1.299
  5682.576      24.0     3.839    -0.609
  5682.604      69.1     3.422    -2.100
  5682.615 106.00113     3.627    -4.404               3.456
  5682.633    11.0       2.102    -0.706
  5682.654      25.0     6.336    -3.559
  5682.709     607.0     1.311    -3.511               7.650
  5682.766      58.0     0.159    -1.456
  5682.857      23.1     9.031    -2.450
  5682.888      22.0     2.487    -3.390
  5682.890 106.00113     3.627    -4.394               3.456
  5682.901      42.0     2.595    -1.563
  5682.958      58.1     0.704    -2.830
  5683.113     607.0     1.129    -2.429               7.650
  5683.119      58.1     1.889    -0.690
  5683.123      24.0     5.487    -1.690
  5683.142      58.1     4.440    -1.480
  5683.165     607.0     1.159    -2.360               7.650
  5683.328     607.0     1.204    -2.534               7.650
  5683.423      27.0     4.149    -2.455
  5683.452      26.0     4.580    -3.536
  5683.462      26.0     4.607    -4.517
  5683.590      69.0     2.040    -1.260
  5683.591      70.1     5.747    -0.690
  5683.610      23.1     9.054    -2.727
  5683.633      23.0     1.955    -4.892
  5683.723     607.0     1.118    -3.054               7.650
  5683.745      58.1     1.420    -0.820
  5683.759      23.1     9.040    -0.897
  5683.775     607.0     1.118    -2.442               7.650
  5683.804     607.0     1.260    -1.993               7.650
  5683.849 106.00112     3.061    -4.169               3.456
  5683.910     607.0     1.260    -3.716               7.650
  5684.024      22.0     3.179    -1.831
  5684.027      23.0     1.873    -3.923
  5684.050 106.00112     3.627    -4.404               3.456
  5684.050 106.00112     3.061    -4.183               3.456
  5684.121 106.00112     1.208    -4.694               3.456
  5684.153 106.00112     3.627    -4.394               3.456
  5684.171      26.1     7.562    -4.073
  5684.185      21.0     2.010    -3.083
  5684.214    21.1       1.507    -1.070
  5684.234      63.0     2.411    -0.140
  5684.370      58.1     1.666    -1.260
  5684.454 106.00112     1.208    -4.607               3.456
  5684.484      14.0     4.954    -1.650
  5684.485      26.0     5.070    -2.519
  5684.514     607.0     0.190    -3.100               7.650
  5684.575      24.0     5.466    -4.126
  5684.581     607.0     0.190    -4.453               7.650
  5684.651 106.00113     3.061    -4.183               3.456
  5684.671      24.0     5.843    -1.463
  5684.673     607.0     0.177    -4.437               7.650
  5684.693      69.1     4.660    -2.400
  5684.707     607.0     1.176    -3.344               7.650
  5684.722      23.1     9.054    -1.090
  5684.728      27.0     4.149    -2.528
  5684.737     607.0     0.177    -3.100               7.650
  5684.756      69.1     2.734    -0.440
  5684.770     607.0     1.176    -2.010               7.650
  5684.799 106.00113     3.061    -4.169               3.456
  5684.809      23.0     3.406    -4.487
  5684.864      23.0     3.283    -2.567
  5684.893 106.00112     3.556    -3.781               3.456
  5684.925      58.1     1.421    -1.040
  5684.932      23.0     2.359    -2.571
  5684.958      23.1     9.031    -0.975
  5684.985      26.0     5.070    -3.856
  5685.055     607.0     1.120    -4.645               7.650
  5685.152      23.0     3.239    -4.260
  5685.156     607.0     1.311    -3.507               7.650
  5685.161     607.0     1.189    -2.010               7.650
  5685.191      25.1     6.671    -3.951
  5685.192      58.1     0.735    -2.070
  5685.204      23.1     9.054    -0.710
  5685.210 106.00112     3.556    -3.792               3.456
  5685.211      92.0     0.552    -1.763
  5685.226     607.0     1.189    -3.359               7.650
  5685.256     607.0     0.129    -3.524               7.650
  5685.297 106.00113     1.247    -4.612               3.456
  5685.327      58.1     1.709    -1.880
  5685.357     607.0     1.335    -4.103               7.650
  5685.390      58.1     2.473    -2.170
  5685.440      40.0     2.266    -0.920
  5685.440      27.1     8.599    -2.480
  5685.465      69.1     3.379    -1.630
  5685.496     607.0     1.335    -2.175               7.650
  5685.498     607.0     1.261    -2.198               7.650
  5685.517      23.1     9.045    -1.618
  5685.524      27.1     8.599    -2.355
  5685.585      66.0     0.874    -1.362
  5685.598 106.00113     1.247    -4.521               3.456
  5685.627      59.1     1.163    -1.162
  5685.751     607.0     1.420    -2.541               7.650
  5685.836      58.1     1.895    -0.170
  5685.837      20.0     5.490    -4.945
  5685.844      23.0     1.950    -3.706
  5685.850      70.1     7.693    -1.090
  5685.862      26.0     4.988    -2.873
  5685.883      24.1     6.487    -2.595
  5685.918     607.0     1.420    -4.602               7.650
  5685.995      24.0     3.435    -4.229
  5686.015     607.0     0.278    -3.272               7.650
  5686.109      25.1     6.128    -4.714
  5686.120      26.0     3.635    -3.056
  5686.191      58.1     1.925    -3.850
  5686.210     7.1      18.466    -0.586
  5686.269     607.0     0.080    -4.490               7.650
  5686.274      23.1     9.054    -1.326
  5686.335      24.1     6.605    -4.962
  5686.361      45.0     1.676    -1.710
  5686.363     607.0     1.547    -3.892               7.650
  5686.381      69.1     4.096    -1.050
  5686.391     607.0     0.118    -4.148               7.650
  5686.444     607.0     0.118    -3.538               7.650
  5686.530    26.0       4.545    -0.446
  5686.538      70.1     5.168    -0.750
  5686.562 106.00113     3.556    -3.781               3.456
  5686.572 106.00113     3.556    -3.792               3.456
  5686.594 106.00112     3.096    -3.888               3.456
  5686.658      64.0     0.027    -2.150
  5686.704 106.00113     3.372    -4.210               3.456
  5686.717      62.1     1.359    -1.139
  5686.759     607.0     1.277    -2.204               7.650
  5686.837     607.0     1.277    -3.158               7.650
  5686.847      21.0     1.440     0.376
  5686.863      24.0     5.855    -2.731
  5686.889      27.0     4.149    -3.788
  5686.903     607.0     0.294    -3.277               7.650
  5686.905      21.0     3.083    -3.294
  5686.930     607.0     1.159    -3.424               7.650
  5686.944 106.00113     3.096    -3.888               3.456
  5686.969      62.0     0.498    -1.469
  5686.986     607.0     0.294    -4.265               7.650
  5686.989      27.0     3.514    -1.993
  5687.009     607.0     1.260    -3.714               7.650
  5687.025     607.0     1.159    -2.353               7.650
  5687.115      25.0     4.685    -1.610
  5687.116     607.0     1.260    -1.983               7.650
  5687.134      70.1     5.332    -2.690
  5687.183      59.1     0.508    -1.483
  5687.212      70.1     6.014    -2.050
  5687.219 106.00113     3.372    -4.196               3.456
  5687.244      26.1     9.112    -3.077
  5687.253      69.1     4.443    -2.150
  5687.261      69.1     4.254    -1.850
  5687.290 106.00112     3.096    -3.900               3.456
  5687.338 106.00113     3.096    -3.900               3.456
  5687.342     607.0     1.265    -2.884               7.650
  5687.426      20.1     9.016    -1.356
  5687.487      22.0     3.148    -1.786
  5687.523      70.1     6.651    -2.610
  5687.536      58.1     4.165    -3.960
  5687.541      58.1     0.417    -2.540
  5687.559      24.0     4.616    -3.361
  5687.613     607.0     1.088    -3.398               7.650
  5687.628      42.0     3.904    -1.110
  5687.667      58.1     0.933    -2.280
  5687.707      23.1     9.011    -0.630
  5687.765      23.0     2.379    -1.099
  5687.797      69.1     5.104    -2.450
  5687.812      58.0     0.773    -0.850
  5687.857      26.0     4.294    -3.527
  5687.882 106.00112     3.484    -3.804               3.456
  5687.892     607.0     1.420    -4.600               7.650
  5687.921      23.0     1.893    -4.630
  5687.942     607.0     0.441    -4.685               7.650
  5687.953     607.0     1.396    -2.228               7.650
  5688.059     607.0     1.420    -2.535               7.650
  5688.074     607.0     1.396    -3.504               7.650
  5688.107      58.1     1.342    -1.390
  5688.193    11.0       2.104    -1.406
  5688.196      27.0     4.149    -1.771
  5688.205    11.0       2.104    -0.452
  5688.230      69.1     2.725    -3.040
  5688.244      73.0     2.136    -1.480
  5688.297      58.1     4.090    -3.200
  5688.407      24.0     3.092    -3.959
  5688.458 106.00112     3.484    -3.793               3.456
  5688.493      58.0     0.589    -0.712
  5688.515      69.1     3.884    -1.300
  5688.518      60.1     0.986    -0.310
  5688.532     107.0     3.601    -4.094               3.450
  5688.562      27.0     2.080    -2.790
  5688.597      23.0     2.379    -4.116
  5688.607      23.1     9.086     0.100
  5688.803      24.0     5.856    -1.246
  5688.810    14.1      14.186     0.126
  5688.856     607.0     1.140    -2.408               7.650
  5688.877     607.0     1.710    -3.435               7.650
  5688.940 106.00113     3.484    -3.804               3.456
  5688.974      20.0     4.554    -2.485
  5689.067     607.0     1.691    -4.265               7.650
  5689.075     607.0     1.129    -3.062               7.650
  5689.109      24.0     4.402    -3.168
  5689.129     607.0     1.129    -2.420               7.650
  5689.146      42.0     1.382    -1.002
  5689.215      69.1     4.744    -2.720
  5689.222      59.1     1.365    -0.825
  5689.313    27.1      11.700     0.160
  5689.329      20.0     5.578    -3.074
  5689.396      69.1     4.946    -2.510
  5689.440      26.1     9.130    -3.304
  5689.459    22.0       2.297    -0.360
  5689.480     607.0     1.086    -3.744               7.650
  5689.491     607.0     0.190    -4.446               7.650
  5689.508      42.0     2.598    -1.654
  5689.549      60.0     1.377     0.180
  5689.557     607.0     0.190    -3.083               7.650
  5689.591 106.00112     2.999    -4.197               3.456
  5689.614      26.1     8.341    -4.164
  5689.658     607.0     0.203    -3.083               7.650
  5689.685      70.1     5.169    -1.800
  5689.727     607.0     0.203    -4.461               7.650
  5689.821 106.00113     3.484    -3.793               3.456
  5689.841     107.0     3.601    -4.094               3.450
  5689.853 106.00113     2.999    -4.197               3.456
  5689.881     607.0     1.265    -4.321               7.650
  5689.892 106.00112     3.372    -4.210               3.456
  5689.931 106.00112     2.999    -4.182               3.456
  5690.036     607.0     1.265    -2.879               7.650
  5690.042     607.0     1.189    -3.352               7.650
  5690.065      26.0     5.010    -3.104
  5690.107     607.0     1.189    -1.993               7.650
  5690.168      46.0     5.063    -0.300
  5690.177 106.00113     3.630    -4.394               3.456
  5690.232      42.0     3.223    -2.001
  5690.242      20.1     9.018    -1.201
  5690.242      20.1     9.018    -2.502
  5690.244      58.1     3.395    -3.010
  5690.362 106.00112     3.372    -4.196               3.456
  5690.403      26.0     4.191    -3.400
  5690.425      14.0     4.930    -1.870
  5690.430      26.0     3.635    -3.570
  5690.453      23.0     3.255    -2.710
  5690.471      69.1     3.797    -2.300
  5690.533 106.00113     2.999    -4.182               3.456
  5690.608     607.0     0.140    -3.502               7.650
  5690.712      20.0     5.578    -4.863
  5690.799 106.00113     2.818    -4.181               3.456
  5690.815 106.00113     3.630    -4.404               3.456
  5690.825     607.0     1.203    -1.993               7.650
  5690.845      24.0     3.104    -3.477
  5690.892     607.0     1.203    -3.367               7.650
  5690.950      66.0     1.599    -1.700
  5690.974      24.0     4.618    -0.915
  5690.996    26.1      10.678    -0.180
  5691.000      25.0     3.378    -3.826
  5691.032      23.1     9.059    -0.594
  5691.065     607.0     1.710    -3.429               7.650
  5691.071 106.00113     2.818    -4.168               3.456
  5691.076     607.0     0.294    -3.259               7.650
  5691.086     607.0     1.277    -2.185               7.650
  5691.090     607.0     1.396    -2.217               7.650
  5691.091      23.1     9.086    -0.921
  5691.174      26.0     2.832    -4.949
  5691.210      69.1     3.764    -0.540
  5691.253      25.0     6.127    -2.613
  5691.259      23.0     3.267    -2.912
  5691.288 106.00112     2.818    -4.168               3.456
  5691.298      23.0     3.080    -0.694
  5691.327      25.1     6.658    -4.805
  5691.327 106.00112     2.818    -4.181               3.456
  5691.342      92.0     0.077    -1.778
  5691.363      21.0     2.320    -1.637
  5691.366      24.0     4.616    -2.022
  5691.367     607.0     0.129    -4.156               7.650
  5691.422     607.0     0.129    -3.515               7.650
  5691.426     607.0     1.505    -2.423               7.650
  5691.444 106.00112     3.630    -4.394               3.456
  5691.463      58.1     0.621    -2.180
  5691.486      28.0     4.105    -2.075
  5691.497      26.0     4.301    -1.650
  5691.532     607.0     0.089    -4.494               7.650
  5691.548      23.0     2.130    -4.245
  5691.632      21.1     7.159    -3.535
  5691.639      20.0     4.763    -4.103
  5691.658 106.00113     3.374    -4.196               3.456
  5691.677      23.0     2.115    -4.928
  5691.695      26.0     4.220    -3.431
  5691.716      69.1     4.311    -1.090
  5691.830      23.1     9.011     0.028
  5691.861      58.1     1.742    -2.060
  5691.862      69.1     4.435    -2.130
  5691.914 106.00113     3.374    -4.210               3.456
  5692.017      62.0     1.624    -0.550
  5692.069      69.1     4.368    -0.820
  5692.111      64.0     0.927    -1.001
  5692.123      58.0     0.671    -0.631
  5692.149      20.0     5.453    -3.527
  5692.162     607.0     1.108    -4.144               7.650
  5692.170      23.1     9.069    -0.387
  5692.189      26.1     7.727    -2.908
  5692.196     607.0     1.178    -2.349               7.650
  5692.242     607.0     0.311    -3.264               7.650
  5692.254 106.00112     3.630    -4.404               3.456
  5692.274      22.0     2.695    -4.066
  5692.327     607.0     0.311    -4.273               7.650
  5692.358 106.00113     2.621    -4.229               3.456
  5692.401      26.1     9.130    -3.198
  5692.564      24.0     5.471    -1.346
  5692.605     607.0     1.293    -2.191               7.650
  5692.619      69.1     4.174    -1.220
  5692.677      24.0     5.851    -1.326
  5692.686     607.0     1.293    -3.166               7.650
  5692.787     607.0     1.282    -1.983               7.650
  5692.788      70.1     6.775    -2.640
  5692.896     607.0     1.282    -3.723               7.650
  5692.945      58.0     0.467    -0.116
  5692.961      23.0     3.099    -1.708
  5692.964 106.00113     2.621    -4.213               3.456
  5693.019      24.1     8.264    -2.562
  5693.025 106.00112     1.247    -4.612               3.456
  5693.068      41.0     0.740    -2.130
  5693.097      58.1     0.900    -1.800
  5693.109       6.0     8.537    -1.850
  5693.113 106.00112     2.621    -4.229               3.456
  5693.216      26.0     3.301    -4.666
  5693.262      58.1     1.676    -2.510
  5693.293     607.0     1.620    -2.798               7.650
  5693.320      26.0     4.988    -2.476
  5693.340 106.00112     1.247    -4.521               3.456
  5693.376      69.1     5.004    -1.750
  5693.384     607.0     1.097    -3.402               7.650
  5693.398 106.00112     2.621    -4.213               3.456
  5693.411      23.1     9.054    -3.097
  5693.431      23.0     3.267    -4.730
  5693.474     607.0     1.620    -4.376               7.650
  5693.564 106.00112     3.486    -3.793               3.456
  5693.616      26.0     4.956    -2.719
  5693.633      39.0     2.058    -0.660
  5693.642     107.0     3.353    -4.462               3.450
  5693.669     607.0     0.461    -4.692               7.650
  5693.710      70.1     5.815    -1.120
  5693.872 106.00112     3.486    -3.804               3.456
  5693.995      23.0     2.708    -2.616
  5694.113      20.0     4.554    -4.115
  5694.134     107.0     3.353    -4.462               3.450
  5694.137      70.1     5.724    -3.070
  5694.219 106.00112     3.001    -4.182               3.456
  5694.229     607.0     1.362    -2.175               7.650
  5694.247      69.1     4.660    -1.460
  5694.371     607.0     1.362    -4.110               7.650
  5694.379      42.0     2.934    -1.956
  5694.404 106.00112     3.001    -4.197               3.456
  5694.500     607.0     0.203    -4.456               7.650
  5694.569     607.0     0.203    -3.067               7.650
  5694.595      69.1     5.147    -0.620
  5694.598 106.00113     1.289    -4.526               3.456
  5694.656     607.0     1.140    -3.070               7.650
  5694.666 106.00113     3.001    -4.197               3.456
  5694.711      20.0     5.300    -3.352
  5694.712     607.0     1.140    -2.399               7.650
  5694.740      24.0     3.857    -0.310
  5694.782      26.0     4.584    -4.073
  5694.786      24.0     4.618    -3.391
  5694.788     607.0     1.151    -2.387               7.650
  5694.805      69.1     2.766    -2.630
  5694.806 106.00112     3.374    -4.196               3.456
  5694.822 106.00113     3.001    -4.182               3.456
  5694.838     607.0     1.230    -2.525               7.650
  5694.890 106.00113     1.289    -4.431               3.456
  5694.926      70.1     7.552    -0.870
  5694.929 106.00113     3.486    -3.793               3.456
  5694.932 106.00113     3.486    -3.804               3.456
  5694.959      58.1     1.914    -1.200
  5694.977      28.0     4.089    -0.610
  5694.986     607.0     0.217    -3.067               7.650
  5694.993      26.0     4.593    -3.418
  5695.057     607.0     0.217    -4.470               7.650
  5695.088      23.0     2.359    -2.957
  5695.108 106.00112     3.374    -4.210               3.456
  5695.130      46.0     4.636     0.270
  5695.218      60.0     1.051    -0.470
  5695.242     607.0     1.522    -3.168               7.650
  5695.247      70.1     6.660    -1.580
  5695.296      69.1     4.736    -1.440
  5695.299      23.1     9.040    -1.493
  5695.352      42.0     4.329    -0.917
  5695.398      24.0     3.845    -3.385
  5695.469      58.1     0.587    -2.990
  5695.529      26.0     5.273    -4.242
  5695.589     607.0     1.203    -3.361               7.650
  5695.653     607.0     1.620    -2.791               7.650
  5695.656     607.0     1.203    -1.977               7.650
  5695.670      58.0     0.516    -0.785
  5695.695      23.1     9.059    -1.797
  5695.730      69.1     4.856    -3.510
  5695.762     607.0     1.574    -3.898               7.650
  5695.822      21.0     4.423    -3.639
  5695.827      26.1     7.946    -3.385
  5695.847      58.1     1.626    -0.610
  5695.859      69.1     4.956    -2.020
  5695.903      25.0     4.273    -4.070
  5695.906     607.0     1.178    -3.431               7.650
  5695.916      59.1     1.196    -0.954
  5695.933     607.0     1.282    -3.721               7.650
  5695.935      27.0     4.572    -3.053
  5695.938      22.0     3.112    -2.244
  5696.004     607.0     1.178    -2.342               7.650
  5696.015      42.0     3.739    -0.961
  5696.042     607.0     1.282    -1.974               7.650
  5696.057      58.1     0.709    -2.070
  5696.090    26.0       4.545    -1.720
  5696.114     607.0     0.152    -3.481               7.650
  5696.141      24.0     3.966    -4.307
  5696.182      57.0     0.131    -1.470
  5696.201      69.1     4.571    -2.450
  5696.206      24.0     3.104    -3.954
  5696.209      64.0     0.066    -0.556
  5696.262      69.1     4.847    -2.300
  5696.273      62.1     0.885    -1.611
  5696.327     607.0     0.311    -3.247               7.650
  5696.497      23.1     9.059    -1.022
  5696.523      26.0     4.218    -5.107
  5696.526     607.0     0.140    -4.164               7.650
  5696.583     607.0     0.140    -3.492               7.650
  5696.683     607.0     1.217    -1.977               7.650
  5696.690     607.0     1.362    -4.108               7.650
  5696.726      70.1     6.076    -2.080
  5696.740      27.0     1.883    -3.666
  5696.752     607.0     1.217    -3.375               7.650
  5696.762      24.0     5.593    -3.506
  5696.827     607.0     1.293    -2.173               7.650
  5696.832     607.0     1.362    -2.168               7.650
  5696.880      58.1     1.694    -2.240
  5696.966      16.0     7.866    -1.260
  5696.985     607.0     0.098    -4.498               7.650
  5696.987 106.00113     2.401    -4.289               3.456
  5696.993      58.0     0.659     0.472
  5697.039 106.00113     2.623    -4.229               3.456
  5697.125     607.0     1.420    -2.219               7.650
  5697.217      23.1     9.031    -0.225
  5697.240 106.00113     2.623    -4.213               3.456
  5697.249     607.0     1.420    -3.510               7.650
  5697.269 106.00113     2.401    -4.273               3.456
  5697.285      23.1     9.011    -1.024
  5697.334     607.0     1.523    -3.162               7.650
  5697.386      25.0     6.344    -2.937
  5697.402      58.1     1.520    -1.840
  5697.410      22.0     3.113    -1.957
  5697.427      22.0     3.904    -4.050
  5697.555      23.1     9.045    -1.235
  5697.583      28.0     3.941    -2.899
  5697.636 106.00112     3.413    -3.815               3.456
  5697.649      70.1     5.581    -2.400
  5697.675 106.00112     2.623    -4.213               3.456
  5697.754     607.0     1.345    -3.505               7.650
  5697.761     607.0     0.328    -3.252               7.650
  5697.792     607.0     1.230    -3.825               7.650
  5697.795 106.00112     2.623    -4.229               3.456
  5697.799      74.0     1.708    -2.310
  5697.849     607.0     0.328    -4.281               7.650
  5697.886 106.00112     2.401    -4.273               3.456
  5697.886      41.0     1.690    -1.620
  5697.922     607.0     1.230    -2.520               7.650
  5697.938 106.00112     2.401    -4.289               3.456
  5697.958 106.00113     2.821    -4.168               3.456
  5698.020      26.0     3.640    -2.810
  5698.049      58.1     1.838    -1.980
  5698.089      26.0     5.106    -4.820
  5698.175 106.00112     2.821    -4.168               3.456
  5698.178 106.00112     3.413    -3.804               3.456
  5698.222      26.0     2.845    -4.966
  5698.234      24.0     3.878    -0.191
  5698.265      42.0     3.675    -1.172
  5698.308 106.00113     2.821    -4.181               3.456
  5698.365      26.0     4.294    -2.280
  5698.403 106.00113     3.413    -3.815               3.456
  5698.403      22.0     2.249    -2.011
  5698.449      28.0     3.834    -4.283
  5698.454     607.0     1.148    -4.650               7.650
  5698.478      22.0     3.166    -3.781
  5698.520      23.0     1.064    -0.111
  5698.530      26.0     4.415    -4.177
  5698.616     607.0     1.309    -2.178               7.650
  5698.639      26.0     5.273    -4.764
  5698.666      58.1     1.533    -3.900
  5698.678     607.0     1.104    -3.752               7.650
  5698.699     607.0     1.309    -3.174               7.650
  5698.715      22.0     3.128    -1.766
  5698.718      66.1     2.589    -0.630
  5698.768      22.0     3.409    -3.456
  5698.786      58.1     1.042    -2.430
  5698.838 106.00112     2.821    -4.181               3.456
  5698.920      60.1     1.545    -0.670
  5699.015      70.1     5.954    -2.040
  5699.022      58.1     4.578    -2.820
  5699.052      25.1     6.668    -4.108
  5699.056      44.0     1.087    -1.470
  5699.142      28.0     3.941    -3.595
  5699.163     607.0     1.452    -2.535               7.650
  5699.173      58.1     0.969    -3.520
  5699.226      58.0     0.844     0.746
  5699.241 106.00113     3.413    -3.804               3.456
  5699.241      73.0     1.147    -2.030
  5699.284      42.0     2.680    -1.586
  5699.315 106.00113     3.020    -3.913               3.456
  5699.326     607.0     1.107    -3.408               7.650
  5699.330      66.0     0.513    -1.910
  5699.333     607.0     1.452    -4.606               7.650
  5699.348      57.0     0.511    -1.940
  5699.363      69.1     4.480    -2.450
  5699.367      22.0     3.866    -2.128
  5699.409      26.0     4.956    -2.194
  5699.436      23.1     2.372    -3.142
  5699.553 106.00112     3.020    -3.900               3.456
  5699.554      58.1     3.713    -2.670
  5699.566 106.00112     3.020    -3.913               3.456
  5699.578      22.0     3.866    -2.889
  5699.582      44.0     1.692    -2.320
  5699.587     607.0     0.482    -4.699               7.650
  5699.601 106.00113     3.020    -3.900               3.456
  5699.650      23.1     9.031    -2.683
  5699.699     607.0     0.217    -4.465               7.650
  5699.770     607.0     0.217    -3.051               7.650
  5699.826      20.0     5.882    -2.949
  5699.858      69.1     3.783    -2.910
  5699.914      58.1     1.339    -1.930
