DEIMOS
  5850.060     607.0     0.545    -3.491               7.650
  5850.070      68.0     0.624    -0.872
  5850.092      26.0     4.988    -3.822
  5850.123 106.00113     3.059    -3.918               3.456
  5850.182     107.0     3.661    -4.301               3.450
  5850.189      26.0     5.012    -4.336
  5850.192      26.0     4.593    -4.161
  5850.236       6.0     8.771    -2.290
  5850.257 106.00113     2.531    -3.998               3.456
  5850.312      23.0     1.931    -0.910
  5850.327     607.0     0.651    -2.605               7.650
  5850.346      22.0     3.178    -2.133
  5850.363 106.00113     3.322    -4.194               3.456
  5850.429     607.0     0.651    -3.705               7.650
  5850.479     607.0     0.513    -3.550               7.650
  5850.517 106.00113     2.531    -4.014               3.456
  5850.543      58.1     0.470    -3.150
  5850.601      69.1     4.373    -1.700
  5850.606      22.1     8.071    -0.810
  5850.630      28.0     4.165    -4.012
  5850.644      59.1     0.422    -1.176
  5850.681     607.0     0.551    -3.493               7.650
  5850.707     607.0     0.529    -3.893               7.650
  5850.750      23.1     9.079    -3.188
  5850.791     607.0     0.529    -2.392               7.650
  5850.801      23.0     4.065    -2.665
  5850.843     607.0     0.616    -2.818               7.650
  5850.894 106.00112     3.059    -3.933               3.456
  5850.899      69.1     4.571    -1.920
  5850.920     607.0     1.396    -3.848               7.650
  5850.972     607.0     0.616    -4.632               7.650
  5851.000 106.00113     3.322    -4.206               3.456
  5851.020      58.0     0.159    -1.074
  5851.048       6.0     8.771    -2.740
  5851.100      58.0     1.115    -0.215
  5851.106 106.00112     3.056    -4.474               3.456
  5851.116 106.00112     3.056    -4.486               3.456
  5851.199      92.1     0.942    -1.949
  5851.205      26.0     4.956    -2.246
  5851.209      28.1     6.329    -2.576
  5851.228     607.0     0.510    -3.581               7.650
  5851.263 106.00112     3.059    -3.918               3.456
  5851.305      23.0     4.079    -2.678
  5851.346      21.0     5.011    -3.132
  5851.397      23.1     9.117    -1.513
  5851.454      22.0     1.749    -4.598
  5851.476     607.0     0.558    -3.497               7.650
  5851.500 106.00113     2.204    -4.317               3.456
  5851.503      42.0     3.560    -0.401
  5851.531      27.0     3.775    -4.024
  5851.539      24.0     4.618    -4.002
  5851.542     607.0     1.620    -4.372               7.650
  5851.567     107.0     3.661    -4.301               3.450
  5851.568      74.0     3.269    -0.520
  5851.624      42.0     2.836    -2.092
  5851.630      64.0     0.124    -0.668
  5851.733     607.0     1.620    -2.810               7.650
  5851.758      26.0     4.985    -3.793
  5851.821     607.0     1.723    -4.168               7.650
  5851.873 106.00112     1.703    -3.380               3.456
  5852.003      92.0     0.552    -1.891
  5852.020 106.00113     2.204    -4.308               3.456
  5852.083      24.0     0.983    -4.837
  5852.120 106.00113     2.681    -3.970               3.456
  5852.122     607.0     0.508    -3.622               7.650
  5852.151      23.0     4.232    -3.393
  5852.161 106.00112     2.060    -4.378               3.456
  5852.198 106.00112     2.684    -4.833               3.456
  5852.212 106.00112     2.684    -4.503               3.456
  5852.219      26.0     4.548    -1.460
  5852.243      23.1     9.117    -2.341
  5852.245      22.0     3.215    -2.174
  5852.250 106.00112     2.531    -3.998               3.456
  5852.260      57.0     0.952    -1.120
  5852.267 106.00113     1.917    -4.623               3.456
  5852.314      26.0     5.100    -3.398
  5852.326      22.0     1.053    -2.441
  5852.341      58.1     3.448    -1.830
  5852.418 106.00112     2.060    -4.406               3.456
  5852.447     607.0     0.566    -3.502               7.650
  5852.464      58.1     1.149    -2.760
  5852.488    10.0      16.848    -0.455
  5852.507 106.00112     3.322    -4.194               3.456
  5852.528     607.0     0.767    -3.048               7.650
  5852.565 106.00113     1.917    -4.604               3.456
  5852.627      59.1     1.254    -0.664
  5852.630      69.1     4.956    -2.020
  5852.634     607.0     0.545    -2.392               7.650
  5852.668 106.00113     2.681    -3.953               3.456
  5852.681      90.0     1.291    -1.751
  5852.721     607.0     0.545    -3.906               7.650
  5852.740      25.1     6.177    -3.942
  5852.754      23.1     9.117    -0.562
  5852.771 106.00112     2.531    -4.014               3.456
  5852.808      58.1     2.040    -1.850
  5852.884      69.1     3.934    -2.090
  5852.917      70.1     7.693    -1.210
  5852.950     607.0     1.380    -3.548               7.650
  5852.956      23.1     9.113    -1.966
  5852.996      24.0     5.650    -1.101
  5853.028     607.0     1.566    -3.890               7.650
  5853.060      58.0     0.646    -0.496
  5853.078      22.0     3.179    -1.524
  5853.106     607.0     0.455    -3.600               7.650
  5853.171    49.1      13.348    -0.020
  5853.174     607.0     0.506    -3.679               7.650
  5853.178     607.0     0.455    -2.795               7.650
  5853.194     607.0     1.566    -2.431               7.650
  5853.247     607.0     1.706    -1.991               7.650
  5853.315 106.00112     3.322    -4.206               3.456
  5853.345      58.0     0.396    -0.925
  5853.361      22.0     3.171    -3.798
  5853.389     607.0     1.706    -3.303               7.650
  5853.463      24.0     4.449    -3.059
  5853.471      26.0     5.070    -3.856
  5853.585     607.0     0.574    -3.507               7.650
  5853.603      25.0     5.087    -3.456
  5853.610      58.1     1.027    -2.550
  5853.641      58.1     2.250    -3.920
  5853.670      58.0     0.295    -0.843
  5853.675    56.1       0.604    -0.908
  5853.683      26.0     4.191    -2.720
  5853.734      23.0     1.893    -1.899
  5853.819      70.1     7.370    -1.310
  5853.888      23.1     9.117    -0.924
  5853.903      92.1     0.217    -2.707
  5853.912     607.0     0.651    -2.590               7.650
  5853.972      69.1     4.914    -2.470
  5853.982     607.0     0.616    -4.630               7.650
  5854.111     607.0     0.616    -2.809               7.650
  5854.148      23.0     3.099    -1.381
  5854.188    26.1      10.737    -0.110
  5854.234 106.00112     1.368    -4.008               3.456
  5854.268      23.1     9.089    -0.286
  5854.294      42.0     3.395    -1.727
  5854.296      70.1     6.556    -1.060
  5854.311      58.1     1.796    -2.720
  5854.313 106.00113     2.205    -4.317               3.456
  5854.344 106.00113     2.390    -4.234               3.456
  5854.355     607.0     0.505    -3.761               7.650
  5854.357 106.00112     2.681    -3.970               3.456
  5854.416      24.1     9.105    -3.546
  5854.455     607.0     0.469    -2.787               7.650
  5854.498     607.0     1.521    -2.208               7.650
  5854.516      70.0     3.206    -0.580
  5854.560      24.0     5.656    -3.601
  5854.563 106.00112     2.204    -4.317               3.456
  5854.608 106.00113     2.205    -4.308               3.456
  5854.628      26.0     4.473    -4.386
  5854.663 106.00112     2.681    -3.953               3.456
  5854.700 106.00112     1.368    -3.920               3.456
  5854.713     607.0     0.818    -4.118               7.650
  5854.728 106.00113     3.061    -3.933               3.456
  5854.759 106.00113     3.061    -3.918               3.456
  5854.834 106.00113     2.390    -4.233               3.456
  5854.844 106.00112     2.204    -4.308               3.456
  5854.899      70.1     8.282    -1.250
  5854.915     607.0     0.582    -3.514               7.650
  5854.930 106.00112     1.917    -4.604               3.456
  5854.934 106.00112     1.528    -3.356               3.456
  5854.947 106.00112     1.917    -4.623               3.456
  5854.965     607.0     0.404    -3.924               7.650
  5855.065      22.0     3.559    -3.928
  5855.077    26.0       4.604    -1.478
  5855.088 106.00112     1.528    -3.283               3.456
  5855.178      22.0     3.166    -2.862
  5855.180      69.1     4.723    -2.070
  5855.215      64.1     1.598    -1.020
  5855.222      26.0     5.334    -4.459
  5855.280      23.0     2.608    -4.213
  5855.304      68.0     0.000    -1.795
  5855.469      23.0     1.942    -1.674
  5855.527      58.1     0.960    -3.520
  5855.574      58.1     1.533    -2.600
  5855.575      57.0     0.373    -1.320
  5855.666      58.1     1.930    -2.820
  5855.750     607.0     0.504    -3.886               7.650
  5855.810     607.0     0.503    -3.180               7.650
  5855.865      58.1     1.254    -2.800
  5855.870      24.0     5.462    -4.201
  5855.873      22.0     3.294    -0.330
  5855.901 106.00112     3.061    -3.918               3.456
  5855.993      58.1     4.213    -1.450
  5856.088    26.0       4.291    -1.328
  5856.100 106.00113     3.059    -4.474               3.456
  5856.120 106.00112     3.061    -3.933               3.456
  5856.124      27.0     3.409    -3.014
  5856.218      64.0     0.124    -0.552
  5856.386      58.1     0.357    -3.200
  5856.414     607.0     0.591    -3.520               7.650
  5856.437      24.0     2.708    -3.837
  5856.466     607.0     1.706    -1.981               7.650
  5856.484      69.1     3.505    -3.230
  5856.522 106.00113     2.370    -4.266               3.456
  5856.579      69.1     4.235    -1.470
  5856.587      23.1     9.073    -0.976
  5856.597      74.0     2.602    -1.600
  5856.607      58.1     3.992    -3.230
  5856.655 106.00113     1.919    -4.604               3.456
  5856.662 106.00113     1.919    -4.623               3.456
  5856.673 106.00113     3.059    -4.486               3.456
  5856.686 106.00113     2.642    -4.439               3.456
  5856.741 106.00113     2.370    -4.250               3.456
  5856.745 106.00113     2.390    -4.234               3.456
  5856.837      23.1     9.089    -0.938
  5856.881      20.0     5.490    -3.407
  5856.948      64.1     1.134    -1.650
  5857.010     4.0       6.779    -1.967
  5857.026 106.00113     2.390    -4.233               3.456
  5857.063     607.0     0.670    -2.594               7.650
  5857.110      58.0     0.521    -0.512
  5857.118     607.0     0.545    -3.902               7.650
  5857.153 106.00113     2.642    -4.501               3.456
  5857.167     607.0     0.670    -3.712               7.650
  5857.171     607.0     0.401    -4.658               7.650
  5857.205     607.0     0.545    -2.379               7.650
  5857.266     607.0     0.503    -4.112               7.650
  5857.300 106.00113     2.683    -3.970               3.456
  5857.379 106.00112     2.205    -4.317               3.456
  5857.393 106.00113     2.683    -3.953               3.456
  5857.404      14.0     7.761    -3.933
  5857.434 106.00112     2.205    -4.308               3.456
  5857.451      20.0     2.933     0.240
  5857.462 106.00112     2.390    -4.234               3.456
  5857.500      60.1     1.490    -0.950
  5857.568     607.0     1.521    -3.529               7.650
  5857.708     607.0     1.521    -2.203               7.650
  5857.733 106.00112     2.390    -4.233               3.456
  5857.746      28.0     4.167    -0.636
  5857.747      76.0     1.908    -1.600
  5857.747      69.1     2.620    -3.650
  5857.802      26.0     5.033    -1.897
  5857.915      23.0     3.113    -0.298
  5857.984      27.0     4.232    -1.689
  5858.050      66.0     1.856    -1.620
  5858.104     607.0     0.600    -3.528               7.650
  5858.139      58.0     0.398    -0.924
  5858.176 106.00113     2.999    -3.948               3.456
  5858.181     607.0     0.506    -3.513               7.650
  5858.186      24.0     4.096    -2.328
  5858.189     607.0     0.506    -3.351               7.650
  5858.226     607.0     0.508    -3.382               7.650
  5858.237     607.0     0.508    -3.288               7.650
  5858.266      42.0     1.470    -0.996
  5858.289     607.0     0.505    -3.686               7.650
  5858.295     607.0     0.505    -3.439               7.650
  5858.437     607.0     0.510    -3.278               7.650
  5858.445      26.1     7.627    -3.639
  5858.451     607.0     0.510    -3.242               7.650
  5858.468 106.00113     3.694    -4.109               3.456
  5858.477      22.0     1.430    -4.605
  5858.536      22.0     3.583    -3.095
  5858.545      58.1     1.279    -1.060
  5858.566     607.0     0.504    -3.962               7.650
  5858.570     607.0     0.504    -3.567               7.650
  5858.623      26.0     4.580    -4.859
  5858.664      26.0     4.559    -2.694
  5858.684      23.0     1.950    -3.020
  5858.742 106.00112     3.059    -4.474               3.456
  5858.773 106.00113     2.999    -3.933               3.456
  5858.778      26.0     4.220    -2.390
  5858.803     607.0     0.793    -3.051               7.650
  5858.824     607.0     0.513    -3.189               7.650
  5858.840     607.0     0.513    -3.208               7.650
  5858.842 106.00112     2.370    -4.250               3.456
  5858.848      24.0     2.709    -4.686
  5858.891      60.0     1.351     0.550
  5858.904 106.00112     2.370    -4.266               3.456
  5858.904      58.1     1.962    -2.130
  5858.935      15.0     7.965    -3.540
  5858.949     607.0     0.793    -4.425               7.650
  5858.953     607.0     0.503    -3.732               7.650
  5859.018      24.0     5.913    -1.102
  5859.021      22.0     1.443    -4.497
  5859.024 106.00112     1.919    -4.604               3.456
  5859.092      27.1     8.372    -3.277
  5859.158 106.00113     2.643    -4.439               3.456
  5859.201      14.0     4.954    -2.408
  5859.218      26.1     6.807    -4.317
  5859.234      26.0     4.301    -3.206
  5859.290      24.0     4.096    -4.354
  5859.329 106.00113     3.695    -4.098               3.456
  5859.347 106.00112     1.919    -4.623               3.456
  5859.353     607.0     0.561    -2.379               7.650
  5859.364     607.0     0.516    -3.113               7.650
  5859.372      58.0     0.719    -0.315
  5859.377      70.1     7.411    -2.900
  5859.382     607.0     0.516    -3.183               7.650
  5859.384     607.0     0.503    -4.343               7.650
  5859.391 106.00112     2.683    -3.953               3.456
  5859.391 106.00113     2.643    -4.501               3.456
  5859.419      23.0     3.406    -4.296
  5859.443     607.0     0.561    -3.914               7.650
  5859.500     607.0     0.503    -3.173               7.650
  5859.505 106.00112     3.059    -4.486               3.456
  5859.542 106.00112     2.683    -3.970               3.456
  5859.556 106.00112     2.642    -4.439               3.456
  5859.586      26.0     4.549    -0.549
  5859.594 106.00112     3.694    -4.838               3.456
  5859.618      69.1     3.947    -1.850
  5859.638      22.0     3.199    -1.235
  5859.665     607.0     0.469    -3.609               7.650
  5859.669      90.1     1.713    -1.817
  5859.676      59.1     1.419    -0.297
  5859.708      58.1     1.959    -2.450
  5859.739     607.0     0.469    -2.778               7.650
  5859.753      22.0     3.337    -2.778
  5859.803 106.00112     2.642    -4.501               3.456
  5859.814 106.00112     2.999    -3.948               3.456
  5859.837     607.0     0.991    -4.818               7.650
  5859.865 106.00112     2.390    -4.234               3.456
  5859.873      26.1     6.807    -3.911
  5859.927 106.00112     2.390    -4.233               3.456
  5859.936      69.1     5.197    -2.440
  5859.957      26.0     4.191    -4.373
  5859.971     607.0     0.609    -3.535               7.650
  5860.047 106.00113     1.394    -3.932               3.456
  5860.063     607.0     0.520    -3.047               7.650
  5860.074      26.0     4.988    -2.742
  5860.084     607.0     0.520    -3.165               7.650
  5860.109      70.1     6.950    -3.780
  5860.123      26.0     4.956    -5.096
  5860.125      26.0     4.191    -3.478
  5860.150 106.00112     3.694    -4.109               3.456
  5860.167 106.00112     2.999    -3.933               3.456
  5860.171      22.1     8.082    -2.633
  5860.200     607.0     0.670    -2.579               7.650
  5860.207     607.0     0.504    -3.732               7.650
  5860.211     607.0     0.504    -4.033               7.650
  5860.257      23.1     9.089    -1.268
  5860.264      67.0     0.000    -1.194
  5860.274      62.1     0.885    -1.786
  5860.310    18.0      12.907    -2.356
  5860.312      20.0     5.299    -2.818
  5860.315 106.00112     3.694    -4.828               3.456
  5860.335      22.0     3.716    -3.330
  5860.439 106.00113     1.394    -3.849               3.456
  5860.487     607.0     0.640    -2.809               7.650
  5860.504      27.0     3.409    -4.036
  5860.579      70.1     5.940    -3.710
  5860.618     607.0     0.640    -4.639               7.650
  5860.655      76.0     1.614    -2.490
  5860.721     607.0     1.908    -3.116               7.650
  5860.727      64.1     1.060    -1.557
  5860.765      62.0     0.388    -1.206
  5860.796      71.0     2.755    -0.190
  5860.865 106.00112     3.695    -4.098               3.456
  5860.875      22.1     1.572    -4.795
  5860.901      20.0     5.300    -2.589
  5860.938     607.0     0.524    -2.987               7.650
  5860.944      63.0     2.411    -0.170
  5860.954 106.00113     3.243    -4.218               3.456
  5860.962     607.0     0.524    -3.152               7.650
  5861.087     607.0     0.505    -3.492               7.650
  5861.093     607.0     0.505    -3.804               7.650
  5861.109      26.0     4.283    -2.580
  5861.128      22.0     2.578    -2.481
  5861.150      22.1     8.045    -1.920
  5861.153 106.00113     3.244    -4.206               3.456
  5861.205      21.1     7.222    -3.200
  5861.364     607.0     0.483    -2.770               7.650
  5861.373      42.0     3.247    -1.323
  5861.401      21.1     7.222    -3.888
  5861.417      24.0     5.656    -1.838
  5861.446      23.0     4.591    -2.940
  5861.518      22.1     8.098    -0.854
  5861.546      24.0     5.239    -3.523
  5861.583      22.1     8.071    -1.640
  5861.812      24.0     3.556    -3.693
  5861.847      69.1     2.745    -3.340
  5861.853     607.0     0.416    -3.932               7.650
  5861.935     607.0     0.840    -4.124               7.650
  5861.972     607.0     0.528    -2.934               7.650
  5861.998     607.0     0.529    -3.143               7.650
  5862.005      24.0     5.464    -4.207
  5862.009      69.1     4.647    -1.780
  5862.017     607.0     0.619    -3.543               7.650
  5862.030 106.00112     2.643    -4.439               3.456
  5862.044 106.00112     2.643    -4.501               3.456
  5862.051     607.0     0.793    -3.041               7.650
  5862.117     607.0     0.506    -3.306               7.650
  5862.125     607.0     0.506    -3.677               7.650
  5862.130      24.0     5.239    -4.073
  5862.188      14.0     5.863    -1.563
  5862.227      26.0     3.640    -4.489
  5862.311      22.0     3.111    -2.453
  5862.357      26.0     4.549    -0.257
  5862.377      23.0     3.113    -2.707
  5862.422      58.1     1.613    -3.580
  5862.467      26.0     5.334    -3.932
  5862.492      58.0     0.517    -0.191
  5862.563      24.0     3.668    -3.092
  5862.655     607.0     1.485    -4.704               7.650
  5862.666      24.0     3.125    -3.262
  5862.768      24.0     3.556    -2.166
  5862.769      23.1     2.468    -3.658
  5862.776     607.0     0.505    -4.033               7.650
  5862.782      24.0     3.892    -3.997
  5862.814 106.00113     2.372    -4.250               3.456
  5862.879      22.1     8.071    -0.590
  5862.889      26.0     4.209    -5.090
  5862.909      70.1     7.393    -0.940
  5862.913      24.0     5.239    -3.774
  5863.072 106.00113     2.372    -4.266               3.456
  5863.131     607.0     1.710    -3.449               7.650
  5863.161      23.0     2.122    -2.093
  5863.163      58.1     0.536    -3.220
  5863.188     607.0     0.534    -2.885               7.650
  5863.190      58.1     2.250    -3.540
  5863.216     607.0     0.534    -3.138               7.650
  5863.245     607.0     1.398    -3.555               7.650
  5863.269     607.0     0.508    -3.165               7.650
  5863.278 106.00113     3.001    -3.948               3.456
  5863.279     607.0     0.508    -3.593               7.650
  5863.319 106.00113     3.001    -3.933               3.456
  5863.330      60.1     1.357    -1.340
  5863.353      70.1     5.828    -2.650
  5863.406      92.0     0.870    -1.775
  5863.446 106.00112     3.243    -4.218               3.456
  5863.449      24.0     3.125    -2.393
  5863.476      26.0     4.991    -4.164
  5863.477 106.00112     3.244    -4.206               3.456
  5863.580     607.0     0.640    -4.637               7.650
  5863.593     607.0     1.731    -1.984               7.650
  5863.598     607.0     1.420    -3.854               7.650
  5863.622      26.0     5.341    -5.043
  5863.690      57.1     0.927    -1.370
  5863.711      22.0     3.569    -3.764
  5863.711     607.0     0.640    -2.801               7.650
  5863.729     607.0     0.561    -3.910               7.650
  5863.732      23.0     1.945    -2.030
  5863.818     607.0     0.561    -2.366               7.650
  5863.880     607.0     0.690    -2.583               7.650
  5863.921      28.0     4.266    -4.377
  5863.967     607.0     1.834    -2.472               7.650
  5863.987     607.0     0.690    -3.720               7.650
  5864.010      66.0     1.813    -1.130
  5864.034      24.0     3.125    -2.456
  5864.069      23.0     2.638    -3.773
  5864.145 106.00112     3.696    -4.828               3.456
  5864.163      20.0     5.585    -4.373
  5864.182 106.00113     3.696    -4.098               3.456
  5864.203      21.0     4.694    -3.606
  5864.203      21.0     4.694    -3.859
  5864.237     607.0     0.630    -3.551               7.650
  5864.244      26.0     4.301    -2.650
  5864.367      20.0     5.250    -2.288
  5864.392      26.0     4.913    -2.868
  5864.406 106.00113     3.696    -4.109               3.456
  5864.442      24.0     5.656    -0.933
  5864.509 106.00112     3.696    -4.838               3.456
  5864.562     607.0     0.539    -2.841               7.650
  5864.593     607.0     0.539    -3.136               7.650
  5864.619      74.0     2.458    -1.440
  5864.619      25.1     6.658    -4.771
  5864.626      20.0     5.586    -3.930
  5864.633     607.0     0.510    -3.051               7.650
  5864.647     607.0     0.510    -3.533               7.650
  5864.695      63.0     2.401    -0.440
  5864.716 106.00112     3.001    -3.933               3.456
  5864.718      24.0     4.613    -3.991
  5864.803      26.0     5.010    -2.273
  5864.831      42.0     4.316    -1.448
  5864.860      23.0     2.578    -3.573
  5864.905      25.0     4.425    -2.074
  5864.919 106.00112     2.372    -4.250               3.456
  5864.919 106.00112     3.001    -3.948               3.456
  5864.919      24.1     6.605    -2.769
  5864.943     607.0     0.506    -3.754               7.650
  5864.963       6.0     8.771    -3.550
  5864.996     607.0     1.596    -2.429               7.650
  5865.027      60.1     1.410    -0.876
  5865.035      58.1     4.668    -2.550
  5865.066      26.1     5.571    -4.420
  5865.094      23.0     4.232    -3.855
  5865.142      23.0     3.567    -3.674
  5865.156      23.1     9.103    -3.749
  5865.187      25.0     4.425    -1.929
  5865.245      22.0     1.053    -2.235
  5865.318      69.1     4.723    -2.480
  5865.435      22.1     8.093    -2.175
  5865.459 106.00112     2.372    -4.266               3.456
  5865.484      22.0     3.569    -3.596
  5865.506     607.0     1.710    -3.445               7.650
  5865.510 106.00113     3.694    -4.838               3.456
  5865.522     607.0     1.655    -2.808               7.650
  5865.585      22.0     3.921    -3.818
  5865.592      58.1     3.460    -2.040
  5865.626     607.0     0.525    -3.169               7.650
  5865.634      70.1     6.127    -1.190
  5865.686      25.0     5.087    -2.756
  5865.720 106.00112     3.696    -4.098               3.456
  5865.789      58.1     1.694    -1.970
  5865.803      25.0     4.425    -2.109
  5865.853      24.0     3.556    -2.275
  5865.879     607.0     1.834    -4.651               7.650
  5866.050      24.0     5.926    -2.173
  5866.054      14.0     5.614    -1.837
  5866.092 106.00112     3.696    -4.109               3.456
  5866.096     607.0     0.545    -2.800               7.650
  5866.120 106.00113     1.569    -3.283               3.456
  5866.128     607.0     0.513    -2.956               7.650
  5866.128     607.0     0.545    -3.135               7.650
  5866.144     607.0     0.513    -3.490               7.650
  5866.233      26.0     4.584    -2.146
  5866.234      22.0     3.176    -3.522
  5866.261      71.0     0.927    -2.640
  5866.261      26.1     9.761    -4.562
  5866.275 106.00113     2.464    -4.030               3.456
  5866.289     607.0     0.578    -2.366               7.650
  5866.295 106.00113     1.569    -3.211               3.456
  5866.359      24.0     4.099    -4.313
  5866.368      22.0     3.305    -0.186
  5866.381     607.0     0.578    -3.922               7.650
  5866.433      41.0     0.740    -1.490
  5866.439      26.0     4.256    -3.835
  5866.449    22.0       1.067    -0.840
  5866.453     607.0     0.483    -3.617               7.650
  5866.466      69.1     4.836    -2.820
  5866.478      70.1     6.570    -2.410
  5866.481 106.00113     2.464    -4.014               3.456
  5866.494      69.1     4.839    -2.710
  5866.496      24.0     3.104    -4.419
  5866.530     607.0     0.483    -2.762               7.650
  5866.540      23.0     4.078    -3.420
  5866.550 106.00113     3.624    -4.121               3.456
  5866.653     607.0     0.641    -3.560               7.650
  5866.657      22.1     8.089    -0.620
  5866.684      70.1     7.863    -0.960
  5866.807      22.0     3.323    -2.022
  5866.812 106.00113     2.604    -4.398               3.456
  5866.819 106.00113     3.694    -4.828               3.456
  5866.989      24.0     3.556    -4.331
  5866.990      26.0     4.638    -3.320
  5867.050     607.0     0.421    -4.666               7.650
  5867.058      60.0     1.730     0.730
  5867.194      20.1     9.016    -2.638
  5867.209     607.0     1.547    -2.201               7.650
  5867.213      22.0     3.215    -3.555
  5867.219      22.0     3.929    -2.508
  5867.220     607.0     0.508    -3.577               7.650
  5867.249      24.0     5.464    -2.850
  5867.276 106.00113     2.604    -4.437               3.456
  5867.278      58.1     1.212    -2.900
  5867.318      23.0     4.260    -2.028
  5867.321 106.00113     2.940    -3.964               3.456
  5867.373 106.00113     3.624    -4.110               3.456
  5867.384      14.0     5.863    -4.117
  5867.542      22.1     8.071    -0.715
  5867.562      20.0     2.933    -1.570
  5867.620     607.0     1.596    -3.894               7.650
  5867.766      62.0     0.388    -0.985
  5867.782     607.0     0.516    -2.874               7.650
  5867.790     607.0     1.596    -2.425               7.650
  5867.800 106.00113     3.246    -4.206               3.456
  5867.800     607.0     0.516    -3.458               7.650
  5867.806     607.0     0.551    -2.763               7.650
  5867.827      22.0     3.090    -3.689
  5867.841      24.1     8.168    -4.880
  5867.841     607.0     0.551    -3.137               7.650
  5867.851     607.0     1.655    -4.376               7.650
  5867.886 106.00113     2.940    -3.949               3.456
  5867.947      24.0     3.556    -1.998
  5868.046     607.0     1.655    -2.804               7.650
  5868.062      58.1     1.339    -2.900
  5868.078      26.0     5.273    -4.857
  5868.107      66.1     0.000    -2.730
  5868.109      22.0     3.171    -3.646
  5868.178     107.0     3.573    -4.094               3.450
  5868.206      25.0     5.579    -0.314
  5868.212      24.0     3.375    -3.985
  5868.244      23.1     9.069    -1.154
  5868.268      40.0     0.154    -2.510
  5868.298      69.1     4.459    -3.280
  5868.313 106.00113     2.621    -3.987               3.456
  5868.337      70.1     7.956    -0.810
  5868.341      70.1     6.562    -0.700
  5868.359     107.0     3.573    -4.094               3.450
  5868.385 106.00112     3.624    -4.121               3.456
  5868.420 106.00113     3.246    -4.218               3.456
  5868.454      22.1     3.095    -4.721
  5868.475     607.0     0.498    -2.755               7.650
  5868.588      26.0     4.580    -3.872
  5868.606      62.0     0.498    -0.807
  5868.647 106.00112     1.394    -3.932               3.456
  5868.730     607.0     0.820    -3.043               7.650
  5868.731      42.0     3.187    -1.375
  5868.747 106.00112     2.464    -4.014               3.456
  5868.795 106.00112     2.464    -4.030               3.456
  5868.797      58.1     3.772    -1.970
  5868.820      59.1     1.050    -0.622
  5868.847 106.00113     2.621    -3.970               3.456
  5868.873      60.0     1.869     0.800
  5868.880     607.0     0.820    -4.431               7.650
  5868.892      28.1     6.646    -3.943
  5868.916      23.0     4.079    -2.262
  5868.939      70.1     7.133    -1.220
  5868.943     607.0     0.428    -3.940               7.650
  5869.001      22.0     3.943    -1.763
  5869.033      69.1     4.461    -0.820
  5869.052      24.0     3.845    -3.071
  5869.061 106.00112     3.624    -4.110               3.456
  5869.068 106.00113     2.604    -4.398               3.456
  5869.071 106.00112     1.394    -3.849               3.456
  5869.099      23.0     3.116    -2.837
  5869.106      20.1     9.016    -1.939
  5869.138     607.0     0.525    -4.350               7.650
  5869.141     107.0     3.558    -4.299               3.450
  5869.188      25.0     3.763    -4.764
  5869.198      22.0     1.067    -2.939
  5869.199 106.00112     2.940    -3.964               3.456
  5869.228      58.1     1.748    -3.000
  5869.252     607.0     0.652    -3.568               7.650
  5869.257     607.0     0.525    -3.163               7.650
  5869.262     107.0     3.558    -4.299               3.450
  5869.269     607.0     0.690    -2.569               7.650
  5869.310      42.0     3.438    -0.399
  5869.316 106.00113     2.604    -4.437               3.456
  5869.355     107.0     3.593    -3.952               3.450
  5869.359     607.0     0.864    -4.131               7.650
  5869.403      58.1     2.145    -1.900
  5869.502      40.0     1.875    -0.460
  5869.529 106.00112     2.940    -3.949               3.456
  5869.581     607.0     0.520    -2.802               7.650
  5869.590      26.0     4.966    -4.848
  5869.601     607.0     0.520    -3.435               7.650
  5869.609     107.0     3.593    -3.952               3.450
  5869.619 106.00113     2.351    -4.238               3.456
  5869.624      60.0     0.000    -1.194
  5869.669     607.0     0.510    -3.444               7.650
  5869.709     607.0     0.558    -2.728               7.650
  5869.717      58.1     1.582    -3.430
  5869.747     607.0     0.558    -3.140               7.650
  5869.757      42.0     2.918    -2.129
  5869.797      58.1     4.343    -1.890
  5869.902 106.00112     2.604    -4.398               3.456
  5869.926      57.0     0.998    -1.400
  5869.929      23.0     4.261    -1.200
  5869.984      23.1     9.086    -2.472
  5870.018      26.0     4.218    -4.299
  5870.071     607.0     1.021    -4.823               7.650
  5870.098      14.0     8.034    -4.432
  5870.109      24.0     4.449    -2.188
  5870.112 106.00113     2.351    -4.232               3.456
  5870.129 106.00112     3.246    -4.206               3.456
  5870.143      14.0     8.034    -4.937
  5870.157 106.00112     2.604    -4.437               3.456
  5870.191      20.1     9.018    -1.684
  5870.203     607.0     1.547    -3.534               7.650
  5870.260      25.0     4.233    -3.141
  5870.325      20.0     5.490    -4.258
  5870.338     607.0     0.665    -2.801               7.650
  5870.346      23.1     9.113    -0.375
  5870.347     607.0     1.547    -2.195               7.650
  5870.436 106.00113     3.696    -4.838               3.456
  5870.473     607.0     0.665    -4.645               7.650
  5870.484      22.1     8.093    -3.132
  5870.553      90.1     1.548    -1.981
  5870.554     607.0     0.578    -3.919               7.650
  5870.646     607.0     0.578    -2.353               7.650
  5870.648      22.0     3.709    -3.215
  5870.649      69.1     3.247    -2.490
  5870.656 106.00113     3.696    -4.828               3.456
  5870.660       6.0     8.771    -3.540
  5870.664      26.0     4.584    -4.989
  5870.670 106.00113     2.009    -4.435               3.456
  5870.798 106.00112     2.621    -3.987               3.456
  5870.822      67.0     1.208    -0.786
  5870.826      58.1     4.158    -2.880
  5870.845      58.0     0.850    -0.800
  5870.918 106.00112     3.246    -4.218               3.456
  5870.929      58.1     4.213    -2.030
  5870.930      92.1     0.670    -2.165
  5870.962      69.1     4.368    -2.690
  5870.963 106.00113     2.009    -4.404               3.456
  5870.977      25.1     7.053    -3.795
  5870.986      26.1     7.583    -3.684
  5871.010      60.0     1.424     0.320
  5871.050      62.0     0.388    -1.180
  5871.098 106.00112     2.621    -3.970               3.456
  5871.135      24.0     3.648    -3.360
  5871.149      22.0     3.294    -1.675
  5871.169      24.0     5.662    -1.740
  5871.216      22.0     2.487    -2.542
  5871.238      58.1     4.440    -2.210
  5871.304      26.0     4.154    -2.796
  5871.322      69.1     5.147    -0.950
  5871.343     607.0     0.516    -2.988               7.650
  5871.424      26.0     5.314    -4.520
  5871.441     607.0     0.513    -3.043               7.650
  5871.443 106.00113     2.160    -4.325               3.456
  5871.477     607.0     0.520    -2.937               7.650
  5871.481      24.0     5.239    -4.177
  5871.486      42.0     3.739    -1.473
  5871.583     607.0     0.524    -2.739               7.650
  5871.588      25.0     3.772    -4.641
  5871.591      22.1     8.045    -2.448
  5871.591      58.0     0.274    -0.535
  5871.606     607.0     0.524    -3.418               7.650
  5871.628      68.0     1.333    -1.028
  5871.653 106.00113     2.466    -4.014               3.456
  5871.724     607.0     0.510    -3.105               7.650
  5871.736      23.1     2.522    -3.336
  5871.738      58.1     1.355    -1.980
  5871.762     607.0     0.566    -2.696               7.650
  5871.770    26.1      10.829    -0.280
  5871.787 106.00113     2.351    -4.238               3.456
  5871.802     607.0     0.566    -3.144               7.650
  5871.806     607.0     0.524    -2.890               7.650
  5871.820      39.0     2.085    -1.300
  5871.875      24.0     5.239    -3.189
  5871.884 106.00113     2.466    -4.030               3.456
  5871.894     607.0     0.820    -3.034               7.650
  5871.960 106.00113     2.160    -4.315               3.456
  5871.977     607.0     0.710    -2.573               7.650
  5872.039     607.0     0.664    -3.577               7.650
  5872.087     607.0     0.710    -3.727               7.650
  5872.088 106.00113     2.351    -4.232               3.456
  5872.105      25.1     6.139    -3.912
  5872.160 106.00112     2.604    -4.398               3.456
  5872.167     107.0     3.546    -4.651               3.450
  5872.198 106.00112     2.604    -4.437               3.456
  5872.235     607.0     0.508    -3.173               7.650
  5872.240     107.0     3.546    -4.651               3.450
  5872.273     607.0     0.513    -3.336               7.650
  5872.277 106.00113     2.942    -3.964               3.456
  5872.309     607.0     0.529    -2.847               7.650
  5872.326 106.00113     2.942    -3.949               3.456
  5872.351      68.0     0.954    -0.402
  5872.430      22.0     3.186    -1.392
  5872.467 106.00113     3.626    -4.110               3.456
  5872.603      90.1     1.166    -1.730
  5872.626      24.0     5.913    -2.030
  5872.684 106.00113     3.626    -4.121               3.456
  5872.707      14.0     4.954    -2.739
  5872.727      26.0     3.241    -3.644
  5872.773     107.0     3.616    -3.843               3.450
  5872.817      26.0     4.283    -3.803
  5872.932      69.1     1.111    -3.290
  5872.964 106.00112     2.351    -4.238               3.456
  5872.970     607.0     0.506    -3.249               7.650
  5872.978      63.1     1.250    -1.540
  5873.043     607.0     0.534    -2.808               7.650
  5873.051      24.0     4.446    -2.435
  5873.060      23.0     2.616    -1.650
  5873.112     107.0     3.616    -3.843               3.450
  5873.122      70.1     7.411    -1.200
  5873.126      69.1     2.725    -3.310
  5873.129      23.0     2.581    -2.875
  5873.213      26.0     4.256    -2.270
  5873.247 106.00112     2.351    -4.232               3.456
  5873.288 106.00113     2.623    -3.987               3.456
  5873.369      58.1     1.520    -2.190
  5873.391     607.0     0.596    -2.353               7.650
  5873.392 106.00113     2.623    -3.970               3.456
  5873.401     607.0     0.665    -4.643               7.650
  5873.423     607.0     0.498    -3.626               7.650
  5873.486     607.0     0.596    -3.930               7.650
  5873.492      24.0     5.538    -2.588
  5873.503     607.0     0.498    -2.746               7.650
  5873.527      68.0     1.309    -0.943
  5873.535     607.0     0.665    -2.792               7.650
  5873.552      58.1     3.860    -2.620
  5873.560      69.1     4.988    -1.650
  5873.626      70.1     6.020    -2.170
  5873.719     607.0     0.528    -2.682               7.650
  5873.744     607.0     0.529    -3.406               7.650
  5873.764      14.0     4.930    -4.255
  5873.767     607.0     1.418    -3.562               7.650
  5873.770      69.1     4.708    -0.580
  5873.809 106.00112     2.009    -4.435               3.456
  5873.833 106.00112     2.009    -4.404               3.456
  5873.851      59.1     1.163    -0.983
  5873.894      58.0     0.302    -1.269
  5873.900     607.0     0.505    -3.335               7.650
  5873.915      58.1     1.826    -0.970
  5873.923 106.00112     2.466    -4.014               3.456
  5873.954 106.00113     2.010    -4.435               3.456
  5873.967      69.1     4.571    -2.160
  5873.971 106.00112     2.942    -3.949               3.456
  5873.982      57.1     0.772    -2.072
  5873.988     607.0     0.539    -2.771               7.650
  5874.002      23.0     4.087    -3.978
  5874.003     607.0     0.574    -2.666               7.650
  5874.006 106.00113     2.161    -4.325               3.456
  5874.006 106.00113     2.010    -4.404               3.456
  5874.046     607.0     0.574    -3.149               7.650
  5874.158 106.00112     3.626    -4.110               3.456
  5874.158 106.00112     2.942    -3.964               3.456
  5874.158 106.00112     1.569    -3.283               3.456
  5874.189      24.0     5.466    -3.691
  5874.199      62.0     0.101    -1.870
  5874.206      74.0     2.387    -1.810
  5874.209      42.0     3.700    -1.315
  5874.247      69.1     4.480    -1.860
  5874.278      22.0     3.178    -3.104
  5874.282 106.00112     1.569    -3.211               3.456
  5874.316 106.00113     2.161    -4.315               3.456
  5874.351      90.1     0.510    -2.814
  5874.387      26.0     4.966    -3.816
  5874.403      69.1     4.435    -2.770
  5874.410 106.00112     2.466    -4.030               3.456
  5874.437      24.1     6.641    -4.033
  5874.524 106.00112     3.626    -4.121               3.456
  5874.555 106.00113     2.976    -4.500               3.456
  5874.613      22.1     8.056    -1.092
  5874.629      24.0     4.096    -4.113
  5874.644      70.1     7.393     0.200
  5874.672      41.0     1.121    -1.750
  5874.700      57.0     0.929    -1.000
  5874.710      23.0     1.955    -3.446
  5874.724 106.00113     2.976    -4.487               3.456
  5874.734      59.0     1.002     0.156
  5874.751      69.1     4.512    -1.900
  5874.758 106.00112     2.160    -4.325               3.456
  5874.890      25.0     4.755    -2.702
  5875.010     607.0     0.677    -3.585               7.650
  5875.017     607.0     0.504    -3.431               7.650
  5875.041      69.1     4.839    -2.550
  5875.045 106.00112     2.160    -4.315               3.456
  5875.045     607.0     0.516    -3.246               7.650
  5875.080      62.0     1.679    -0.521
  5875.080      26.0     5.012    -4.322
  5875.129     607.0     0.545    -2.736               7.650
  5875.135 106.00112     2.351    -4.238               3.456
  5875.190      23.1     9.103    -2.813
  5875.224 106.00112     2.351    -4.232               3.456
  5875.263      22.1     3.124    -3.891
  5875.411      26.1     6.138    -4.683
  5875.477       6.0     7.946    -3.930
  5875.569      24.0     4.208    -1.572
  5875.646 106.00112     2.623    -3.970               3.456
  5875.648      24.0     4.447    -2.353
  5875.653      74.0     2.121    -2.170
  5875.656 106.00113     3.554    -4.133               3.456
  5875.658     607.0     0.547    -3.160               7.650
  5875.684 106.00113     1.423    -3.858               3.456
  5875.701     607.0     0.710    -2.559               7.650
  5875.733      22.0     3.351    -4.079
  5875.734      69.1     4.324    -2.130
  5875.755      58.1     3.463    -2.130
  5875.771     607.0     0.513    -2.739               7.650
  5875.777 106.00112     2.623    -3.987               3.456
  5875.856       6.0     7.946    -3.490
  5875.864      26.1     9.776    -4.607
  5875.905      62.0     0.185    -1.979
  5875.938      58.1     1.339    -2.430
  5875.997      24.0     5.080    -3.907
  5876.036 106.00113     1.423    -3.778               3.456
  5876.066     607.0     0.534    -2.630               7.650
  5876.088      27.0     4.504    -0.807
  5876.094     607.0     0.534    -3.398               7.650
  5876.137      26.0     3.573    -4.465
  5876.163      69.1     2.725    -3.500
  5876.245     607.0     0.441    -3.947               7.650
  5876.250      58.1     1.339    -2.550
  5876.276      26.0     4.301    -2.780
  5876.378      58.1     4.417    -3.420
  5876.431     607.0     0.582    -2.637               7.650
  5876.447 106.00113     3.554    -4.121               3.456
  5876.453     607.0     1.444    -3.860               7.650
  5876.454     607.0     0.503    -3.532               7.650
  5876.476     607.0     0.582    -3.155               7.650
  5876.479     607.0     0.551    -2.704               7.650
  5876.513      23.1     9.103    -1.844
  5876.552      24.0     3.010    -2.401
  5876.563      58.1     1.404    -3.220
  5876.576      42.0     2.515    -1.772
  5876.600      82.1     9.581    -0.540
  5876.666      26.0     4.985    -3.454
  5876.720      25.1     6.186    -4.735
  5876.720      69.1     3.848    -3.110
  5876.724      22.0     1.460    -4.372
  5876.734      20.0     6.005    -4.932
  5876.794      58.1     0.459    -3.440
  5876.855 106.00113     2.883    -3.981               3.456
  5876.879 106.00112     2.010    -4.404               3.456
  5876.938      23.0     2.122    -4.519
  5876.983      27.0     3.687    -2.990
  5876.992     607.0     0.887    -4.137               7.650
  5877.003      23.0     2.115    -4.617
  5877.027      24.0     5.662    -2.880
  5877.086      69.1     4.940    -2.200
  5877.093      25.0     5.112    -2.199
  5877.096 106.00112     2.010    -4.435               3.456
  5877.123     607.0     0.441    -4.673               7.650
  5877.204 106.00113     2.567    -4.373               3.456
  5877.229      64.1     1.425    -0.960
  5877.259      23.1     6.964    -3.688
  5877.325 106.00112     2.161    -4.325               3.456
  5877.341       6.0     8.771    -2.143
  5877.345      73.0     1.655    -0.890
  5877.348      58.1     1.355    -2.200
  5877.401 106.00113     2.883    -3.964               3.456
  5877.404 106.00112     2.161    -4.315               3.456
  5877.425      27.0     4.395    -0.737
  5877.521     607.0     1.520    -2.085               7.650
  5877.556      25.0     4.429    -2.306
  5877.573 106.00112     2.976    -4.487               3.456
  5877.591 106.00112     2.976    -4.500               3.456
  5877.591     607.0     0.596    -3.927               7.650
  5877.606      20.0     3.910    -1.983
  5877.615      57.0     0.373    -1.890
  5877.626     607.0     0.505    -3.530               7.650
  5877.632     607.0     0.505    -3.350               7.650
  5877.649 106.00112     3.554    -4.133               3.456
  5877.657      22.0     3.319    -0.079
  5877.663 106.00113     2.567    -4.396               3.456
  5877.679      20.0     3.910    -2.205
  5877.685     607.0     0.596    -2.341               7.650
  5877.713      20.0     3.910    -2.682
  5877.714     607.0     0.504    -3.582               7.650
  5877.715      23.0     4.065    -4.091
  5877.717     607.0     0.504    -3.605               7.650
  5877.743      22.0     3.334    -2.059
  5877.760      41.0     0.620    -2.220
  5877.764     607.0     0.506    -3.483               7.650
  5877.773     607.0     0.506    -3.188               7.650
  5877.784      25.0     5.112    -1.493
  5877.788      26.0     4.178    -2.360
  5877.815      60.1     1.140    -1.070
  5877.877      69.1     4.854    -2.950
  5877.957      24.0     5.926    -1.373
  5877.996     607.0     0.520    -3.167               7.650
  5878.002      69.1     3.312    -3.330
  5878.002     607.0     0.558    -2.674               7.650
  5878.016      23.0     2.678    -4.163
  5878.026      58.0     0.411    -1.235
  5878.065      24.0     5.662    -0.965
  5878.071      27.0     1.956    -4.554
  5878.082     607.0     0.508    -3.446               7.650
  5878.093     607.0     0.508    -3.065               7.650
  5878.095      62.1     1.262    -1.560
  5878.102      59.0     1.196     0.347
  5878.136      58.1     1.828    -0.980
  5878.154      42.0     3.247    -1.869
  5878.171     607.0     0.690    -3.594               7.650
  5878.175      25.0     4.429    -1.824
  5878.202      58.1     0.655    -2.550
  5878.210      60.1     1.649    -1.300
  5878.213      22.1     8.071    -0.303
  5878.289 106.00112     3.554    -4.121               3.456
  5878.420      62.1     1.166    -1.830
  5878.443      22.0     2.662    -3.939
  5878.482      26.0     5.341    -3.858
  5878.483     607.0     1.633    -1.726               7.650
  5878.543     607.0     0.539    -2.583               7.650
  5878.557     107.0     3.643    -3.754               3.450
  5878.574     607.0     0.539    -3.393               7.650
  5878.594      26.0     4.256    -3.543
  5878.615     607.0     1.633    -3.537               7.650
  5878.628     607.0     0.510    -3.417               7.650
  5878.641     607.0     0.510    -2.965               7.650
  5878.699      26.0     5.273    -3.090
  5878.797 106.00112     3.699    -4.996               3.456
  5878.821      25.1     4.757    -4.585
  5878.873     607.0     0.848    -3.036               7.650
  5878.892      58.0     0.659    -0.669
  5878.907     607.0     0.731    -2.563               7.650
  5878.963 106.00113     3.168    -4.232               3.456
  5878.966 106.00112     3.699    -4.986               3.456
  5878.970 106.00112     2.883    -3.981               3.456
  5878.993     107.0     3.643    -3.754               3.450
  5879.019     607.0     0.731    -3.734               7.650
  5879.020      58.1     1.966    -0.820
  5879.026     607.0     0.848    -4.437               7.650
  5879.030     607.0     0.591    -2.610               7.650
  5879.035      23.1     9.079    -2.637
  5879.051      58.1     3.772    -2.930
  5879.077     607.0     0.591    -3.162               7.650
  5879.111     607.0     0.547    -4.357               7.650
  5879.118      22.1     8.098    -0.901
  5879.146      25.0     4.429    -1.682
  5879.153 106.00113     3.168    -4.219               3.456
  5879.170      58.1     4.221    -1.890
  5879.177      23.1     9.117    -0.627
  5879.181      24.1     6.076    -3.404
  5879.205      27.0     4.240    -4.504
  5879.210     607.0     1.518    -4.708               7.650
  5879.233     607.0     0.547    -3.153               7.650
  5879.239 106.00113     2.567    -4.373               3.456
  5879.260      59.1     1.365    -0.428
  5879.284 106.00112     2.883    -3.964               3.456
  5879.297      26.1     9.100    -3.259
  5879.354      23.0     3.131    -0.520
  5879.388     607.0     0.513    -3.396               7.650
  5879.404     607.0     0.513    -2.880               7.650
  5879.485      26.0     4.966    -4.415
  5879.487      26.0     4.607    -2.270
  5879.502 106.00113     2.567    -4.396               3.456
  5879.558      14.0     5.863    -4.373
  5879.620      23.0     1.945    -3.343
  5879.694      58.1     2.470    -1.460
  5879.708      16.0     7.866    -2.050
  5879.730      23.0     3.113    -1.542
  5879.739     607.0     0.566    -2.646               7.650
  5879.782      40.0     0.154    -1.670
  5879.832      24.0     3.011    -3.297
  5879.856      26.0     4.988    -2.425
  5879.866     607.0     1.627    -2.423               7.650
  5879.895      69.1     4.288    -1.370
  5879.909      69.1     4.660    -3.850
  5879.926      58.1     0.823    -2.420
  5879.930      39.0     2.002    -1.060
  5880.027      26.0     4.558    -2.070
  5880.133     607.0     1.574    -2.193               7.650
  5880.135      24.1     4.071    -4.442
  5880.188      24.0     5.462    -3.560
  5880.210      26.1     9.130    -4.376
  5880.218      74.0     4.231    -0.050
  5880.268    22.0       1.053    -2.045
  5880.300     607.0     0.505    -3.705               7.650
  5880.306     607.0     0.505    -4.184               7.650
  5880.356      23.1     9.086    -3.463
  5880.364     607.0     0.516    -3.380               7.650
  5880.382     607.0     0.516    -2.807               7.650
  5880.383      24.0     4.449    -2.933
  5880.412      23.0     4.065    -3.454
  5880.417     607.0     0.689    -2.792               7.650
  5880.502 106.00112     2.567    -4.373               3.456
  5880.516      58.1     3.847    -3.210
  5880.528     607.0     1.052    -4.828               7.650
  5880.554     607.0     0.689    -4.651               7.650
  5880.612     607.0     0.513    -3.634               7.650
  5880.630      57.1     0.235    -1.830
  5880.688      26.0     5.273    -4.363
  5880.695     607.0     0.513    -2.731               7.650
  5880.724     607.0     0.614    -2.341               7.650
  5880.765 106.00112     2.567    -4.396               3.456
  5880.806      23.0     4.261    -3.424
  5880.821     607.0     0.614    -3.938               7.650
  5880.948      25.0     5.714    -2.845
  5880.949      22.0     3.933    -2.727
  5881.034      25.0     5.673    -3.264
  5881.045      58.1     2.373    -1.170
  5881.047      22.0     3.176    -1.949
  5881.059      22.0     1.443    -4.277
  5881.079      27.0     2.042    -3.151
  5881.092      58.1     1.533    -3.020
  5881.104     607.0     0.524    -3.098               7.650
  5881.122     607.0     1.520    -3.247               7.650
  5881.147      68.0     1.069    -0.357
  5881.174      22.0     3.933    -2.115
  5881.202      26.0     5.010    -2.215
  5881.225     607.0     0.545    -2.540               7.650
  5881.239     607.0     1.520    -2.079               7.650
  5881.258     607.0     0.545    -3.391               7.650
  5881.258     607.0     1.749    -3.444               7.650
  5881.280      26.0     4.607    -1.970
  5881.373      58.1     3.466    -3.020
  5881.400      24.0     5.944    -2.239
  5881.427     607.0     0.506    -3.499               7.650
  5881.435     607.0     0.506    -3.833               7.650
  5881.510      42.0     2.496    -2.136
  5881.515     607.0     0.703    -3.602               7.650
  5881.545     607.0     0.520    -3.369               7.650
  5881.555     607.0     1.633    -3.535               7.650
  5881.565     607.0     0.520    -2.742               7.650
  5881.643 106.00112     3.168    -4.232               3.456
  5881.643 106.00113     2.884    -3.981               3.456
  5881.661 106.00112     3.168    -4.219               3.456
  5881.683     607.0     0.574    -2.619               7.650
  5881.686      58.1     1.406    -1.550
  5881.687     607.0     1.633    -1.718               7.650
  5881.693      24.0     5.465    -3.527
  5881.709 106.00113     2.884    -3.964               3.456
  5881.736      24.0     4.099    -3.576
  5881.743      69.1     5.151    -1.920
  5881.747 106.00113     3.556    -4.121               3.456
  5881.803     607.0     0.600    -2.585               7.650
  5881.853     607.0     0.600    -3.169               7.650
  5881.895    10.0      16.619    -0.747
  5881.948 106.00113     3.556    -4.133               3.456
  5881.992     607.0     0.848    -3.026               7.650
  5882.074      58.1     3.616    -3.410
  5882.114 106.00113     3.699    -4.996               3.456
  5882.124     607.0     1.690    -2.802               7.650
  5882.162 106.00113     1.860    -4.632               3.456
  5882.185      64.1     2.277    -0.940
  5882.247      26.1     9.112    -4.588
  5882.249      23.0     1.942    -4.394
  5882.273      73.0     2.915    -0.130
  5882.294      77.0     4.238    -0.580
  5882.325 106.00113     2.979    -4.487               3.456
  5882.377      24.0     5.662    -4.130
  5882.405      58.1     2.145    -1.680
  5882.456     607.0     1.627    -3.899               7.650
  5882.464 106.00113     1.860    -4.621               3.456
  5882.470      69.0     2.164    -1.790
  5882.540 106.00112     2.567    -4.373               3.456
  5882.605 106.00112     2.567    -4.396               3.456
  5882.624    18.0      12.907    -2.195
  5882.629     607.0     1.627    -2.418               7.650
  5882.671 106.00113     1.753    -4.928               3.456
  5882.738      42.0     3.443    -1.276
  5882.740 106.00113     3.699    -4.986               3.456
  5882.745      58.1     1.406    -1.890
  5882.786      60.1     0.559    -1.515
  5882.796      70.1     5.724    -0.680
  5882.804     607.0     0.731    -2.549               7.650
  5882.873     607.0     0.508    -3.386               7.650
  5882.879      28.1     6.616    -2.632
  5882.882 106.00113     2.979    -4.500               3.456
  5882.884     607.0     0.508    -3.622               7.650
  5882.910      76.0     1.411    -3.090
  5882.942     607.0     0.524    -3.362               7.650
  5882.965     607.0     0.524    -2.684               7.650
  5883.052      20.0     6.007    -2.621
  5883.074      26.0     4.294    -3.876
  5883.110      24.0     2.987    -4.420
  5883.128     607.0     1.574    -3.540               7.650
  5883.203      20.0     5.453    -4.579
  5883.221      26.1     9.100    -3.116
  5883.276     607.0     1.574    -2.187               7.650
  5883.276     607.0     0.529    -2.725               7.650
  5883.284      60.0     1.337     0.280
  5883.297      26.1     9.130    -4.831
  5883.316      26.0     4.283    -4.460
  5883.391      58.1     1.088    -3.030
  5883.412      27.0     2.042    -3.500
  5883.442     607.0     0.689    -4.650               7.650
  5883.541      16.0     7.868    -1.830
  5883.580     607.0     0.689    -2.784               7.650
  5883.592 106.00112     3.556    -4.121               3.456
  5883.596 106.00112     2.884    -3.964               3.456
  5883.625     607.0     1.749    -3.440               7.650
  5883.651      62.0     0.282    -2.074
  5883.651      72.0     2.932    -0.740
  5883.712      58.1     3.913    -2.210
  5883.717       6.0     8.771    -3.320
  5883.741     607.0     0.455    -3.955               7.650
  5883.748      58.1     0.808    -3.060
  5883.762 106.00112     2.884    -3.981               3.456
  5883.798      26.0     5.348    -3.496
  5883.809     607.0     0.582    -2.594               7.650
  5883.817      26.0     3.960    -1.490
  5883.824 106.00112     3.630    -4.849               3.456
  5883.886      69.1     4.833    -0.510
  5883.945 106.00112     3.556    -4.133               3.456
  5883.956      20.0     5.578    -3.190
  5884.024      27.1     8.599    -2.931
  5884.044     607.0     0.551    -2.500               7.650
  5884.080     607.0     0.551    -3.392               7.650
  5884.112      27.1     8.599    -2.737
  5884.130      58.1     0.470    -3.480
  5884.132     607.0     0.506    -4.334               7.650
  5884.190      66.0     0.874    -2.360
  5884.191      22.1     8.098    -0.790
  5884.194      26.0     5.273    -3.945
  5884.264 106.00113     2.300    -4.282               3.456
  5884.361 106.00112     1.423    -3.858               3.456
  5884.375     607.0     0.528    -3.036               7.650
  5884.435      24.0     3.013    -2.352
  5884.450     607.0     1.690    -4.380               7.650
  5884.455      23.1     2.525    -4.194
  5884.482 106.00113     2.300    -4.266               3.456
  5884.506 106.00112     3.630    -4.838               3.456
  5884.507     607.0     0.510    -3.311               7.650
  5884.510      69.1     5.147    -1.160
  5884.512      58.1     2.004    -3.430
  5884.521     607.0     0.510    -3.470               7.650
  5884.522     607.0     0.528    -3.359               7.650
  5884.527      59.1     1.615    -0.850
  5884.533     607.0     1.437    -3.569               7.650
  5884.547     607.0     0.529    -2.632               7.650
  5884.548 106.00113     2.563    -4.005               3.456
  5884.606      58.1     3.460    -2.590
  5884.649     607.0     1.690    -2.798               7.650
  5884.690      42.0     3.198    -2.424
  5884.729      58.1     1.177    -1.540
  5884.742      59.0     0.722    -0.122
  5884.745 106.00112     1.423    -3.778               3.456
  5884.752     607.0     0.609    -2.561               7.650
  5884.804     607.0     0.609    -3.177               7.650
  5884.831     607.0     0.614    -3.935               7.650
  5884.833     607.0     0.912    -4.143               7.650
  5884.849 106.00113     2.314    -4.247               3.456
  5884.867      28.1     9.473    -2.755
  5884.912      23.0     1.853    -4.309
  5884.929     607.0     0.614    -2.329               7.650
  5884.961      20.0     5.018    -3.025
  5885.016    26.1      10.751     0.300
  5885.029      26.0     5.273    -4.435
  5885.033      22.0     3.128    -2.091
  5885.034      58.1     0.809    -2.770
  5885.043      24.0     3.850    -1.483
  5885.048     607.0     0.717    -3.610               7.650
  5885.054      26.0     4.988    -1.588
  5885.060      66.0     1.930    -1.950
  5885.068 106.00113     2.563    -3.987               3.456
  5885.123 106.00112     3.701    -4.986               3.456
  5885.172 106.00112     1.860    -4.621               3.456
  5885.175 106.00112     1.860    -4.632               3.456
  5885.182 106.00112     2.979    -4.487               3.456
  5885.334      25.0     6.311    -3.952
  5885.338 106.00113     2.314    -4.235               3.456
  5885.356      58.1     1.706    -1.750
  5885.376      69.1     3.797    -2.980
  5885.622      40.0     0.071    -2.120
  5885.667 106.00113     3.484    -4.145               3.456
  5885.702      90.0     1.216    -1.529
  5885.823 106.00113     3.171    -4.219               3.456
  5885.913     607.0     0.570    -3.150               7.650
  5885.927 106.00112     2.979    -4.500               3.456
  5885.941      23.0     2.575    -3.830
  5886.020 106.00112     3.702    -4.996               3.456
  5886.023      24.0     5.465    -4.089
  5886.144     607.0     0.591    -2.570               7.650
  5886.216      60.0     1.600     0.420
  5886.225      23.0     4.078    -3.789
  5886.239      24.1     4.073    -3.434
  5886.261     607.0     0.534    -3.357               7.650
  5886.277 106.00113     1.862    -4.632               3.456
  5886.289     607.0     0.534    -2.584               7.650
  5886.294 106.00113     1.862    -4.621               3.456
  5886.338     607.0     0.513    -3.259               7.650
  5886.354     607.0     0.513    -3.350               7.650
  5886.375      24.0     5.464    -3.673
  5886.419 106.00113     3.171    -4.232               3.456
  5886.419 106.00113     3.484    -4.133               3.456
  5886.423     607.0     0.752    -2.553               7.650
  5886.426      23.1     8.050    -3.964
  5886.432      24.0     4.204    -1.748
  5886.438      24.0     5.667    -0.816
  5886.453      64.0     1.881     0.053
  5886.492      23.0     3.116    -3.643
  5886.538     607.0     0.752    -3.741               7.650
  5886.582      27.0     3.409    -3.007
  5886.602      58.1     0.175    -3.470
  5886.617     607.0     0.508    -4.032               7.650
  5886.641      24.0     4.533    -4.414
  5886.643      58.1     1.456    -2.690
  5886.714 106.00113     2.826    -3.998               3.456
  5886.738      21.0     5.024    -3.681
  5886.738      22.1     8.071    -0.294
  5886.780      23.1     6.478    -4.294
  5886.786 106.00113     2.314    -4.247               3.456
  5886.815      26.0     4.988    -2.759
  5886.859      23.1     4.776    -3.491
  5886.859     107.0     3.673    -3.681               3.450
  5886.887 106.00112     2.300    -4.266               3.456
  5886.894      25.0     4.273    -3.714
  5886.949 106.00112     2.300    -4.282               3.456
  5886.966      58.1     3.914    -2.700
  5887.015      69.1     4.387    -2.560
  5887.059     607.0     0.558    -2.463               7.650
  5887.096     607.0     0.558    -3.393               7.650
  5887.105 106.00113     2.314    -4.235               3.456
  5887.167      26.0     5.273    -3.988
  5887.227      22.1     8.045    -1.143
  5887.244 106.00113     2.826    -3.981               3.456
  5887.251      71.1     4.476    -1.480
  5887.275 106.00112     2.563    -4.005               3.456
  5887.291      24.0     4.455    -3.468
  5887.353     607.0     0.461    -4.680               7.650
  5887.376      77.0     2.890    -2.050
  5887.407     107.0     3.673    -3.681               3.450
  5887.465      26.0     4.559    -2.611
  5887.552      58.1     1.355    -1.450
  5887.561      22.0     3.090    -3.981
  5887.562      26.1     9.962    -4.595
  5887.567 106.00112     2.563    -3.987               3.456
  5887.729      58.1     0.735    -3.650
  5887.733      22.0     3.148    -1.159
  5887.792 106.00113     2.532    -4.361               3.456
  5887.820 106.00113     2.401    -4.047               3.456
  5887.820 106.00112     3.484    -4.145               3.456
  5887.822      22.0     3.215    -1.270
  5887.826     607.0     0.534    -2.980               7.650
  5887.844      23.0     4.059    -3.385
  5887.870     607.0     0.619    -2.539               7.650
  5887.875      60.0     0.000    -0.932
  5887.924     607.0     0.619    -3.185               7.650
  5887.954      22.0     3.305    -1.594
  5887.981      58.1     1.079    -3.090
  5887.988      24.0     4.778    -0.716
  5887.993     607.0     0.529    -3.642               7.650
  5888.017 106.00113     2.401    -4.030               3.456
  5888.020      70.1     7.273    -1.530
  5888.079     607.0     0.529    -2.716               7.650
  5888.086      24.0     4.096    -3.817
  5888.097     607.0     0.539    -3.358               7.650
  5888.128     607.0     0.539    -2.541               7.650
  5888.142      27.0     2.042    -4.136
  5888.253     607.0     0.632    -2.329               7.650
  5888.253 106.00113     2.532    -4.371               3.456
  5888.272     607.0     1.542    -2.075               7.650
  5888.310      42.0     1.470    -0.773
  5888.336 106.00112     3.171    -4.219               3.456
  5888.354     607.0     0.632    -3.946               7.650
  5888.354      58.1     2.000    -2.030
  5888.394     607.0     0.516    -3.221               7.650
  5888.409 106.00112     2.314    -4.247               3.456
  5888.412     607.0     0.516    -3.252               7.650
  5888.420 106.00112     3.484    -4.133               3.456
  5888.490      26.0     4.966    -4.291
  5888.516      58.0     1.219    -0.200
  5888.566      22.0     3.337     0.014
  5888.584    18.0      13.076    -1.474
  5888.617      23.0     4.079    -3.257
  5888.634     607.0     0.600    -2.548               7.650
  5888.635      70.1     7.552    -2.020
  5888.638 106.00112     3.631    -4.838               3.456
  5888.701 106.00112     2.314    -4.235               3.456
  5888.705      26.0     4.076    -3.800
  5888.779     607.0     0.731    -3.619               7.650
  5888.790      24.0     5.466    -3.472
  5888.819      25.0     4.429    -4.168
  5888.819      25.0     4.429    -4.314
  5888.819      26.0     4.638    -3.486
  5888.888      22.1     1.582    -3.877
  5888.905 106.00113     3.701    -4.986               3.456
  5888.924      24.0     3.122    -4.142
  5888.975      24.1     8.350    -4.342
  5888.992 106.00112     3.632    -4.849               3.456
  5889.006 106.00112     1.862    -4.621               3.456
  5889.038      58.1     2.373    -1.620
  5889.049      24.0     3.888    -3.018
  5889.053      58.1     3.193    -0.740
  5889.061 106.00112     2.826    -3.998               3.456
  5889.099 106.00113     1.611    -3.210               3.456
  5889.106 106.00112     3.171    -4.232               3.456
  5889.131      22.0     3.178    -1.551
  5889.200      23.0     3.567    -3.883
  5889.210 106.00113     3.630    -4.849               3.456
  5889.259 106.00113     1.611    -3.138               3.456
  5889.273     607.0     0.875    -3.028               7.650
  5889.287     607.0     1.657    -1.718               7.650
  5889.294 106.00112     1.862    -4.632               3.456
  5889.300     607.0     0.570    -4.364               7.650
  5889.301 106.00113     2.565    -4.005               3.456
  5889.329     607.0     0.510    -3.870               7.650
  5889.338      24.0     5.564    -2.837
  5889.346 106.00113     3.702    -4.996               3.456
  5889.349      23.0     2.115    -2.239
  5889.367 106.00112     2.826    -3.981               3.456
  5889.390      26.0     4.607    -3.556
  5889.419 106.00113     2.565    -3.987               3.456
  5889.423     607.0     1.657    -3.543               7.650
  5889.425     607.0     0.570    -3.143               7.650
  5889.429     607.0     0.875    -4.442               7.650
  5889.435      20.0     5.490    -4.958
  5889.489      58.1     1.274    -2.600
  5889.518       6.0     8.771    -2.366
  5889.594     607.0     1.469    -3.866               7.650
  5889.606      22.1     8.045    -0.528
  5889.616 106.00113     2.532    -4.361               3.456
  5889.622      58.1     1.742    -0.790
  5889.639      58.1     1.924    -1.650
  5889.700      62.1     1.064    -1.920
  5889.749      16.0     7.870    -1.690
  5889.770     6.1      18.046    -0.183
  5889.897 106.00113     2.532    -4.371               3.456
  5889.902      64.1     2.280    -1.470
  5889.929      24.0     3.113    -4.293
  5889.951    11.0       0.000     0.108
  5890.002      21.1     1.357    -2.930
  5890.036      69.1     3.331    -1.350
  5890.074      24.0     5.467    -3.225
  5890.093      58.1     2.470    -1.730
  5890.226      22.0     3.199    -1.518
  5890.232     607.0     0.752    -2.540               7.650
  5890.248     607.0     0.566    -2.429               7.650
  5890.256      22.0     3.904    -3.292
  5890.277      26.0     4.580    -4.087
  5890.286      22.1     8.108    -1.943
  5890.289     607.0     0.566    -3.397               7.650
  5890.340      58.1     1.495    -2.960
  5890.349 106.00112     2.314    -4.247               3.456
  5890.352 106.00113     2.302    -4.266               3.456
  5890.397 106.00112     1.753    -4.928               3.456
  5890.439      69.1     4.329    -1.870
  5890.440      58.1     1.613    -2.400
  5890.470 106.00112     2.314    -4.235               3.456
  5890.474 106.00113     3.630    -4.838               3.456
  5890.488      27.0     2.042    -2.160
  5890.505      22.1     8.093    -1.820
  5890.532      58.1     1.404    -3.300
  5890.548      26.0     4.593    -3.227
  5890.557 106.00112     2.401    -4.030               3.456
  5890.588      23.0     1.945    -3.580
  5890.588 106.00113     2.302    -4.282               3.456
  5890.609 106.00112     2.401    -4.047               3.456
  5890.663      69.1     3.958    -2.470
  5890.681     607.0     0.520    -3.194               7.650
  5890.682      23.1     6.686    -2.653
  5890.702     607.0     0.520    -3.168               7.650
  5890.712     607.0     0.715    -2.784               7.650
  5890.742      42.0     2.595    -2.544
  5890.852     607.0     0.715    -4.658               7.650
  5890.981     607.0     0.545    -2.710               7.650
  5891.015      23.1     9.089    -1.016
  5891.057      23.0     2.638    -4.516
  5891.070      58.1     4.165    -2.370
  5891.100      26.0     3.267    -4.516
  5891.176      26.0     4.652    -1.461
  5891.178     607.0     0.630    -2.517               7.650
  5891.178 106.00113     2.119    -4.335               3.456
  5891.201     607.0     0.545    -3.361               7.650
  5891.218     607.0     1.083    -4.833               7.650
  5891.234     607.0     0.545    -2.501               7.650
  5891.235     607.0     0.630    -3.193               7.650
  5891.283     607.0     0.609    -2.526               7.650
  5891.289 106.00112     2.532    -4.361               3.456
  5891.321 106.00113     2.828    -3.998               3.456
  5891.328      26.1     7.269    -2.119
  5891.400 106.00113     2.828    -3.981               3.456
  5891.407      62.0     1.527    -0.230
  5891.438     607.0     0.469    -3.963               7.650
  5891.439     607.0     0.539    -2.930               7.650
  5891.451      90.0     1.305    -1.685
  5891.506      60.1     1.044    -1.100
  5891.541      42.0     3.575    -0.785
  5891.564 106.00112     2.532    -4.371               3.456
  5891.571     607.0     1.505    -4.229               7.650
  5891.585      74.0     2.353    -1.770
  5891.590     6.1      18.046    -0.440
  5891.620     107.0     3.588    -3.463               3.450
  5891.699 106.00113     2.119    -4.322               3.456
  5891.735      26.0     5.357    -3.939
  5891.757      26.0     4.154    -4.656
  5891.801     107.0     3.588    -3.463               3.450
  5891.829     607.0     1.542    -3.254               7.650
  5891.870      58.1     1.855    -2.210
  5891.873      23.0     1.950    -3.754
  5891.878      26.0     4.593    -3.059
  5891.887 106.00113     3.486    -4.133               3.456
  5891.893      69.1     3.824    -0.740
  5891.921 106.00112     2.565    -3.987               3.456
  5891.950     607.0     1.542    -2.069               7.650
  5892.015       6.0     8.771    -2.843
  5892.032 106.00112     2.565    -4.005               3.456
  5892.046      69.1     4.736    -1.560
  5892.050      23.1     9.117    -1.327
  5892.081 106.00113     3.486    -4.145               3.456
  5892.159      26.0     5.345    -4.467
  5892.224     607.0     0.513    -3.766               7.650
  5892.245      24.0     5.239    -3.587
  5892.251      59.1     1.440    -0.452
  5892.256      26.0     5.320    -3.633
  5892.271      42.0     3.156    -1.352
  5892.278     607.0     0.632    -3.943               7.650
  5892.327      24.0     5.667    -1.414
  5892.330     607.0     0.875    -3.019               7.650
  5892.378     607.0     0.632    -2.318               7.650
  5892.395     607.0     1.657    -3.541               7.650
  5892.464      58.0     0.467    -1.109
  5892.466      26.0     4.638    -2.455
  5892.531     607.0     1.657    -1.709               7.650
  5892.662      24.0     3.845    -2.289
  5892.693      26.0     4.256    -2.456
  5892.700     607.0     0.745    -3.627               7.650
  5892.745      28.0     4.154    -1.494
  5892.762 106.00112     2.302    -4.266               3.456
  5892.800      26.0     2.198    -4.160
  5892.852 106.00113     1.455    -3.786               3.456
  5892.866     607.0     0.936    -4.149               7.650
  5892.880    28.0       1.986    -2.340
  5892.897      25.0     5.696    -2.589
  5892.984 106.00113     2.403    -4.030               3.456
  5893.008      22.1     8.082    -2.196
  5893.036      23.0     2.684    -4.103
  5893.037      32.1     7.737     0.280
  5893.090      66.0     1.489    -1.600
  5893.113       6.0     8.771    -3.040
  5893.116 106.00112     2.532    -4.361               3.456
  5893.133      23.0     2.115    -4.210
  5893.154     607.0     0.524    -3.174               7.650
  5893.168      22.1     8.056    -0.833
  5893.177     607.0     0.524    -3.095               7.650
  5893.182 106.00113     1.456    -3.708               3.456
  5893.185      58.0     0.826    -0.323
  5893.196 106.00113     2.403    -4.047               3.456
  5893.210 106.00112     2.532    -4.371               3.456
  5893.232      24.0     5.239    -3.721
  5893.235      26.0     4.218    -3.006
  5893.264      24.0     3.375    -4.679
  5893.279 106.00112     2.302    -4.282               3.456
  5893.284     607.0     1.601    -2.185               7.650
  5893.300      66.0     1.673    -1.390
  5893.318      25.1     6.668    -2.631
  5893.338     607.0     0.551    -3.364               7.650
  5893.362      22.0     2.506    -3.296
  5893.363      42.0     3.575    -0.170
  5893.373     607.0     0.551    -2.464               7.650
  5893.394      23.0     2.578    -4.124
  5893.429      41.0     1.762    -1.480
  5893.463      25.0     4.435    -2.724
  5893.491 106.00113     2.120    -4.335               3.456
  5893.526 106.00112     2.828    -3.981               3.456
  5893.617     607.0     0.574    -2.397               7.650
  5893.660     607.0     0.574    -3.401               7.650
  5893.672 106.00112     2.828    -3.998               3.456
  5893.686      21.0     3.791    -1.597
  5893.702     607.0     0.715    -4.656               7.650
  5893.713      42.0     3.201    -1.889
  5893.825 106.00113     2.120    -4.322               3.456
  5893.843     607.0     0.715    -2.776               7.650
  5893.891 106.00112     3.486    -4.133               3.456
  5893.899      26.0     4.608    -3.520
  5894.003      58.1     3.889    -2.170
  5894.054     607.0     0.619    -2.505               7.650
  5894.082      77.0     1.997    -2.150
  5894.092      22.0     0.000    -4.849
  5894.186     607.0     0.773    -2.543               7.650
  5894.225      58.1     4.221    -2.120
  5894.238 106.00112     3.486    -4.145               3.456
  5894.305     607.0     0.773    -3.748               7.650
  5894.318      22.1     8.082    -4.083
  5894.345      58.1     0.446    -2.120
  5894.388 106.00113     3.632    -4.849               3.456
  5894.423      23.1     6.496    -4.292
  5894.436      58.1     1.709    -1.200
  5894.440      25.0     4.435    -1.949
  5894.586      21.0     2.320    -0.970
  5894.614 106.00113     3.631    -4.838               3.456
  5894.625     607.0     0.641    -2.497               7.650
  5894.685     607.0     0.641    -3.201               7.650
  5894.735      23.1     9.086    -3.297
  5894.739 106.00112     2.119    -4.335               3.456
  5894.778      20.0     5.321    -1.882
  5894.826      57.0     0.952    -0.830
  5894.830      58.1     3.193    -0.120
  5894.836      58.1     3.463    -3.090
  5894.857      14.0     5.863    -3.248
  5894.874      23.0     4.111    -2.367
  5894.907      24.0     3.850    -3.294
  5894.938      58.1     1.042    -2.090
  5894.947      26.1     9.576    -4.928
  5894.950      58.1     0.812    -2.760
  5894.965     607.0     1.659    -2.416               7.650
  5894.979      69.1     5.151    -1.070
  5895.006      26.0     4.733    -3.088
  5895.015      58.1     2.003    -1.050
  5895.016      26.0     4.593    -5.125
  5895.038 106.00112     2.119    -4.322               3.456
  5895.100      23.1     9.103    -2.766
  5895.100 106.00113     1.961    -4.464               3.456
  5895.162      24.0     3.698    -3.490
  5895.163      26.0     3.547    -4.050
  5895.170      62.0     1.669    -0.146
  5895.239     607.0     0.545    -2.883               7.650
  5895.287     107.0     3.611    -3.382               3.450
  5895.302      63.0     2.423    -0.420
  5895.311      92.1     0.779    -2.243
  5895.351     607.0     0.516    -3.694               7.650
  5895.361      62.0     0.101    -2.301
  5895.376      24.0     5.926    -2.457
  5895.387      58.1     1.784    -2.670
  5895.399 106.00113     1.961    -4.433               3.456
  5895.496      22.0     3.128    -1.452
  5895.528 106.00112     2.403    -4.030               3.456
  5895.529     607.0     1.457    -3.576               7.650
  5895.541     107.0     3.611    -3.382               3.450
  5895.548      69.1     4.736    -1.090
  5895.594     607.0     0.545    -3.651               7.650
  5895.630      69.0     0.000    -1.570
  5895.679      58.1     1.406    -1.520
  5895.682     607.0     0.545    -2.702               7.650
  5895.837      25.0     4.435    -1.414
  5895.863     607.0     0.528    -3.159               7.650
  5895.887     607.0     0.558    -3.370               7.650
  5895.889     607.0     0.529    -3.031               7.650
  5895.914      24.1     6.686    -2.260
  5895.924    11.0       0.000    -0.194
  5895.925     607.0     0.558    -2.429               7.650
  5895.929      26.1     9.130    -4.998
  5895.932      42.0     3.575     0.056
  5895.954      26.0     5.086    -3.511
  5895.990 106.00112     2.403    -4.047               3.456
  5895.991     607.0     0.651    -2.318               7.650
  5896.006     607.0     1.552    -4.713               7.650
  5896.052      14.0     5.614    -3.224
  5896.094     607.0     0.651    -3.954               7.650
  5896.167      69.1     4.660    -1.230
  5896.203      58.1     3.855    -2.150
  5896.237      24.0     4.207    -4.276
  5896.309     607.0     1.601    -3.545               7.650
  5896.331      27.0     2.008    -2.736
  5896.352      22.0     3.890    -3.807
  5896.371     607.0     0.593    -3.140               7.650
  5896.449      24.0     4.208    -3.222
  5896.453 106.00113     3.413    -4.158               3.456
  5896.460     607.0     1.601    -2.180               7.650
  5896.543      22.0     3.186    -2.319
  5896.736      26.0     5.106    -3.144
  5896.802     607.0     0.760    -3.635               7.650
  5896.832 106.00113     2.771    -4.016               3.456
  5896.845     607.0     0.630    -2.486               7.650
  5896.929      27.0     3.629    -3.962
  5896.992      23.1     6.317    -3.772
  5897.009      26.0     4.985    -4.265
  5897.055 106.00112     2.120    -4.335               3.456
  5897.148 106.00112     1.611    -3.210               3.456
  5897.166 106.00112     2.120    -4.322               3.456
  5897.166     607.0     0.582    -2.367               7.650
  5897.176 106.00113     3.413    -4.146               3.456
  5897.211      70.1     6.066     0.240
  5897.211     607.0     0.582    -3.406               7.650
  5897.246 106.00112     1.611    -3.138               3.456
  5897.294     607.0     0.482    -4.687               7.650
  5897.343 106.00113     2.771    -3.998               3.456
  5897.380      62.1     1.493    -0.960
  5897.396      25.0     5.112    -3.217
  5897.396      25.0     5.112    -3.300
  5897.462      22.0     3.678    -3.635
  5897.469 106.00113     3.094    -4.245               3.456
  5897.504      22.0     2.231    -3.384
  5897.542      23.1     2.491    -1.863
  5897.593     607.0     1.659    -3.904               7.650
  5897.608      64.1     1.621    -1.095
  5897.621      58.1     1.155    -1.550
  5897.624      24.0     4.455    -2.980
  5897.639 106.00113     3.094    -4.232               3.456
  5897.705      24.0     5.667    -2.642
  5897.746      26.0     4.580    -3.587
  5897.750      58.0     0.671    -0.980
  5897.769     607.0     1.659    -2.412               7.650
  5897.789      22.0     3.334    -3.322
  5897.810      22.0     3.090    -3.082
  5897.842      42.0     2.598    -2.475
  5897.864     107.0     3.708    -3.617               3.450
  5897.929     607.0     0.773    -2.531               7.650
  5897.982      22.0     3.090    -3.286
  5898.000      14.0     5.614    -2.726
  5898.028    26.1      10.751    -0.430
  5898.050      23.0     4.073    -4.160
  5898.083      58.1     0.956    -1.600
  5898.108      22.0     3.112    -4.259
  5898.116 106.00113     1.962    -4.464               3.456
  5898.138      58.1     4.007    -2.070
  5898.160     607.0     0.652    -2.477               7.650
  5898.192 106.00113     1.962    -4.433               3.456
  5898.215      26.0     4.733    -1.960
  5898.223     607.0     0.652    -3.210               7.650
  5898.387      23.1     4.735    -3.953
  5898.457      23.1     9.086    -0.961
  5898.500      26.0     4.985    -4.197
  5898.504      26.0     5.064    -2.779
  5898.506      23.0     2.122    -3.376
  5898.519 106.00112     1.961    -4.464               3.456
  5898.523 106.00113     2.499    -4.356               3.456
  5898.536     107.0     3.708    -3.617               3.450
  5898.565 106.00112     1.961    -4.433               3.456
  5898.649      24.0     3.079    -4.995
  5898.696     607.0     0.520    -3.643               7.650
  5898.705     607.0     0.566    -3.376               7.650
  5898.746     607.0     0.566    -2.397               7.650
  5898.761      26.0     5.348    -3.608
  5898.769      29.0     5.348    -2.400
  5898.770 106.00112     3.413    -4.158               3.456
  5898.770     607.0     0.534    -3.150               7.650
  5898.773      70.1     6.257    -0.090
  5898.774      92.0     0.775    -1.397
  5898.798     607.0     0.534    -2.973               7.650
  5898.801      62.1     1.167    -1.590
  5898.842      42.0     3.359    -1.400
  5898.865     107.0     3.546    -3.952               3.450
  5898.866     607.0     0.561    -2.696               7.650
  5898.901     107.0     3.546    -3.952               3.450
  5898.952      58.1     2.995    -0.440
  5898.958      62.0     1.369    -0.086
  5898.989 106.00113     2.499    -4.358               3.456
  5899.031      22.1     8.082    -2.325
  5899.034     607.0     1.725    -2.797               7.650
  5899.061      26.0     3.547    -3.571
  5899.106      58.1     1.412    -2.170
  5899.203     607.0     0.551    -2.841               7.650
  5899.291    22.0       1.053    -1.154
  5899.301     607.0     0.483    -3.971               7.650
  5899.337 106.00112     3.413    -4.146               3.456
  5899.361      24.0     3.847    -3.018
  5899.364      69.1     4.531    -2.090
  5899.369      21.0     4.498    -1.369
  5899.395     607.0     1.564    -2.066               7.650
  5899.407 106.00112     2.771    -4.016               3.456
  5899.455      60.0     1.091    -0.190
  5899.479      69.0     1.088    -1.430
  5899.500      22.0     3.351    -2.307
  5899.511      20.0     6.013    -2.446
  5899.665      20.0     5.955    -4.386
  5899.669      42.0     2.836    -1.930
  5899.679      58.1     0.495    -2.570
  5899.684     607.0     1.788    -3.439               7.650
  5899.687      22.0     3.113    -2.842
  5899.699 106.00112     2.771    -3.998               3.456
  5899.711      58.0     0.926    -0.729
  5899.712     607.0     0.593    -4.371               7.650
  5899.788     107.0     3.638    -3.314               3.450
  5899.807      14.0     7.776    -4.638
  5899.811      23.0     2.638    -1.933
  5899.840     607.0     0.593    -3.134               7.650
  5899.867      22.1     8.056    -1.399
  5899.871     607.0     0.904    -3.021               7.650
  5899.898      14.0     8.044    -4.880
  5899.931     607.0     0.651    -3.951               7.650
  5899.961 106.00113     2.279    -4.260               3.456
