DEIMOS
  5700.159      69.1     5.012    -1.480
  5700.164      21.0     1.433     0.254
  5700.205     607.0     1.345    -3.501               7.650
  5700.237      29.0     1.642    -2.312
  5700.238      23.1     9.031    -2.975
  5700.249     607.0     1.420    -2.209               7.650
  5700.404     607.0     1.535    -2.425               7.650
  5700.437      26.0     5.033    -3.033
  5700.443     607.0     1.151    -3.078               7.650
  5700.459      90.1     1.204    -1.570
  5700.483     607.0     0.232    -3.051               7.650
  5700.501     607.0     1.151    -2.378               7.650
  5700.507      24.0     3.551    -1.440
  5700.509      58.1     1.274    -2.310
  5700.527      24.0     3.449    -2.574
  5700.557     607.0     0.232    -4.479               7.650
  5700.559     607.0     1.535    -3.889               7.650
  5700.580      16.0     7.868    -1.040
  5700.635      70.1     7.693    -2.410
  5700.696      90.1     1.205    -1.549
  5700.775     607.0     1.295    -2.877               7.650
  5700.794 106.00113     2.940    -4.211               3.456
  5700.802      58.1     1.274    -1.610
  5700.859 106.00112     2.940    -4.211               3.456
  5700.917      90.1     0.514    -1.592
  5700.933     607.0     1.164    -2.368               7.650
  5700.937      23.0     1.955    -3.200
  5700.953 106.00113     2.232    -4.542               3.456
  5700.966      70.1     5.910    -2.970
  5701.074      23.1     9.089    -0.568
  5701.104      14.0     4.930    -2.050
  5701.122      69.1     4.469    -2.300
  5701.181 106.00112     2.940    -4.196               3.456
  5701.249 106.00113     2.232    -4.527               3.456
  5701.285      23.1     9.036    -0.289
  5701.300     607.0     1.452    -4.605               7.650
  5701.328     607.0     1.217    -3.370               7.650
  5701.333      22.0     3.904    -3.861
  5701.346      64.0     0.027    -1.182
  5701.370    14.1      14.175    -0.057
  5701.379     607.0     1.198    -2.338               7.650
  5701.389      69.1     4.140    -1.910
  5701.397     607.0     1.217    -1.962               7.650
  5701.416      26.0     3.211    -3.995
  5701.444 106.00113     2.940    -4.196               3.456
  5701.454      22.0     2.506    -2.882
  5701.464      24.1     3.827    -4.207
  5701.470     607.0     1.452    -2.529               7.650
  5701.484      58.1     1.520    -1.770
  5701.514      26.0     4.913    -1.818
  5701.532      22.0     3.867    -2.711
  5701.545    26.0       2.557    -2.216
  5701.577      20.0     5.490    -3.765
  5701.645      22.0     2.495    -1.666
  5701.743      22.0     3.867    -1.954
  5701.769     607.0     0.328    -3.235               7.650
  5701.803      24.0     5.593    -3.400
  5701.818 106.00112     2.232    -4.527               3.456
  5701.824     607.0     0.164    -3.460               7.650
  5701.856     607.0     0.152    -4.172               7.650
  5701.883 106.00112     2.232    -4.542               3.456
  5701.898      26.0     4.178    -3.511
  5701.909      24.1     6.578    -3.351
  5701.915     607.0     0.152    -3.471               7.650
  5701.919 106.00113     2.403    -4.273               3.456
  5701.932       6.0     8.537    -3.840
  5701.988      25.0     3.383    -4.359
  5702.007      22.0     2.480    -1.577
  5702.020 106.00113     2.403    -4.289               3.456
  5702.031     607.0     1.304    -1.974               7.650
  5702.096      42.0     3.223    -1.429
  5702.143     607.0     1.304    -3.729               7.650
  5702.189      22.0     2.231    -4.724
  5702.238      60.1     0.745    -0.880
  5702.306      24.0     3.449    -0.667
  5702.319      69.1     5.104    -2.080
  5702.348      26.0     3.640    -3.000
  5702.352      44.0     1.589    -2.240
  5702.365 106.00112     1.289    -4.526               3.456
  5702.387      58.0     0.384    -0.537
  5702.459      45.0     4.209     0.160
  5702.537 106.00112     2.403    -4.273               3.456
  5702.633     607.0     0.108    -4.504               7.650
  5702.659    22.0       2.292    -0.600
  5702.667 106.00112     1.289    -4.431               3.456
  5702.694      24.0     4.613    -2.089
  5702.736      26.0     4.220    -4.195
  5702.746     607.0     1.309    -2.161               7.650
  5702.750      69.0     2.318    -1.690
  5702.760     607.0     1.231    -1.962               7.650
  5702.831     607.0     1.231    -3.383               7.650
  5702.861      58.1     3.513    -3.960
  5702.889      23.1     9.031    -0.218
  5702.905      66.0     0.938    -1.301
  5702.907      26.0     4.913    -2.767
  5702.973 106.00112     2.403    -4.289               3.456
  5703.022      25.0     5.087    -2.534
  5703.038     607.0     1.535    -2.417               7.650
  5703.045      27.0     3.622    -2.025
  5703.057      69.1     3.955    -2.450
  5703.087      58.1     3.935    -2.050
  5703.178      25.0     5.349    -2.994
  5703.218      58.1     1.342    -0.750
  5703.231      20.0     4.763    -0.765
  5703.257    26.1      10.600    -0.740
  5703.270      58.1     1.855    -2.290
  5703.282      69.1     4.778    -2.010
  5703.289 106.00113     3.545    -4.415               3.456
  5703.306     607.0     1.295    -4.326               7.650
  5703.310      57.1     0.709    -2.000
  5703.406 106.00112     3.415    -3.804               3.456
  5703.460     607.0     0.346    -3.240               7.650
  5703.463      69.1     4.606    -1.700
  5703.464     607.0     1.295    -2.872               7.650
  5703.477      28.0     5.494    -0.531
  5703.500      69.0     2.449    -1.590
  5703.518      58.1     3.550    -2.370
  5703.549 106.00113     3.545    -4.404               3.456
  5703.550     607.0     0.346    -4.289               7.650
  5703.575      23.0     1.051    -0.211
  5703.647      23.1     3.973    -4.727
  5703.668      69.1     4.459    -1.840
  5703.692      28.0     3.941    -2.301
  5703.705 106.00112     3.416    -3.815               3.456
  5703.715      69.1     4.141    -3.400
  5703.744      27.0     3.665    -3.179
  5703.752     607.0     1.131    -4.150               7.650
  5703.772      26.1     6.807    -3.837
  5703.817      58.1     1.676    -2.540
  5703.898      22.0     3.154    -0.725
  5704.135      24.0     3.104    -3.378
  5704.148      70.1     5.621    -2.480
  5704.154      27.0     4.175    -1.937
  5704.218     607.0     1.749    -3.430               7.650
  5704.317      73.0     2.623    -1.320
  5704.385      59.0     1.768     0.736
  5704.385 106.00113     3.436    -4.196               3.456
  5704.398      69.1     5.151    -1.120
  5704.400      15.0     7.213    -4.230
  5704.457 106.00113     1.333    -4.435               3.456
  5704.460      23.0     3.080    -0.690
  5704.464      23.1     9.054    -0.714
  5704.470 106.00113     3.415    -3.804               3.456
  5704.473 106.00113     3.416    -3.815               3.456
  5704.486      27.0     4.175    -2.570
  5704.522      15.0     7.965    -2.810
  5704.623      23.0     3.283    -4.458
  5704.733      26.0     5.033    -1.539
  5704.740 106.00113     1.333    -4.335               3.456
  5704.760      23.1     9.040    -0.322
  5704.837     607.0     1.326    -2.166               7.650
  5704.909 106.00112     3.545    -4.415               3.456
  5704.910      69.0     2.338    -1.990
  5704.922     607.0     1.326    -3.181               7.650
  5704.926 106.00113     3.436    -4.183               3.456
  5704.929      25.0     6.344    -2.374
  5704.987      70.1     7.133    -0.590
  5704.994 106.00112     3.545    -4.404               3.456
  5705.029      70.1     7.956    -2.330
  5705.056      26.0     5.067    -3.146
  5705.059     607.0     1.304    -3.727               7.650
  5705.078     607.0     0.232    -4.474               7.650
  5705.081     607.0     1.198    -3.438               7.650
  5705.085      23.0     1.893    -4.547
  5705.117      24.0     5.856    -2.612
  5705.151     607.0     0.232    -3.036               7.650
  5705.171     607.0     1.304    -1.964               7.650
  5705.181     607.0     1.198    -2.331               7.650
  5705.280      26.0     4.988    -2.919
  5705.328      26.0     4.218    -4.423
  5705.372 106.00112     2.942    -4.196               3.456
  5705.387      22.0     2.236    -2.120
  5705.438     607.0     1.601    -3.903               7.650
  5705.465    26.0       4.298    -1.355
  5705.473 106.00113     2.942    -4.211               3.456
  5705.483      27.1     9.240    -4.557
  5705.522      24.0     5.851    -2.756
  5705.533     607.0     1.118    -3.414               7.650
  5705.538 106.00112     2.942    -4.211               3.456
  5705.635 106.00113     2.942    -4.196               3.456
  5705.654      92.0     1.342    -1.091
  5705.692     607.0     0.503    -4.706               7.650
  5705.708      42.0     3.078    -0.590
  5705.713      69.1     3.186    -2.510
  5705.714 106.00112     3.022    -3.900               3.456
  5705.762      58.1     3.708    -3.120
  5705.762 106.00113     3.022    -3.900               3.456
  5705.825     607.0     1.390    -2.168               7.650
  5705.961      25.0     5.579    -3.699
  5705.970     607.0     1.390    -4.115               7.650
  5705.987      21.0     5.557    -2.686
  5705.992      26.0     4.607    -0.660
  5706.001      20.0     5.884    -4.504
  5706.006      69.1     3.283    -2.760
  5706.096      26.0     4.283    -3.142
  5706.144 106.00113     3.022    -3.913               3.456
  5706.150      41.0     1.895    -1.330
  5706.160      27.0     4.395    -1.120
  5706.184     607.0     0.247    -3.036               7.650
  5706.189      62.0     0.185    -0.980
  5706.201      60.1     0.933    -0.800
  5706.219      22.0     3.062    -3.784
  5706.247      58.1     2.876    -0.720
  5706.261     607.0     0.247    -4.487               7.650
  5706.264      73.0     3.097    -0.630
  5706.370    14.1      14.167    -0.225
  5706.394 106.00112     3.022    -3.913               3.456
  5706.399     607.0     1.749    -3.424               7.650
  5706.404     607.0     1.164    -3.086               7.650
  5706.411      24.1     6.012    -4.516
  5706.424      16.0     7.870    -0.950
  5706.465     607.0     1.164    -2.359               7.650
  5706.469      41.0     1.043    -1.040
  5706.487     607.0     1.255    -2.517               7.650
  5706.505 106.00113     2.234    -4.527               3.456
  5706.570     607.0     1.444    -2.211               7.650
  5706.609 106.00113     2.234    -4.542               3.456
  5706.696     607.0     1.444    -3.516               7.650
  5706.713      39.0     2.013     0.080
  5706.736      22.0     3.869    -3.840
  5706.743      62.0     0.036    -2.320
  5706.769      23.1     6.901    -3.971
  5706.771      22.0     3.154    -1.457
  5706.784      70.1     3.965    -2.480
  5706.851      22.0     3.148    -1.907
  5706.857      23.1     9.031    -1.107
  5706.954      58.1     1.546    -2.020
  5706.978      23.0     1.043    -0.454
  5706.993      92.1     0.889    -1.591
  5706.996      20.0     4.769    -3.223
  5706.997      28.0     5.494    -2.344
  5706.999     607.0     1.655    -2.793               7.650
  5707.011      20.0     4.430    -2.211
  5707.049      26.0     3.642    -2.530
  5707.075 106.00112     2.234    -4.527               3.456
  5707.104      90.1     0.770    -1.980
  5707.176      26.1     7.790    -2.351
  5707.183     607.0     1.655    -4.380               7.650
  5707.238      23.1     9.086    -0.501
  5707.243     607.0     1.176    -2.349               7.650
  5707.248      26.0     3.642    -3.530
  5707.303     607.0     1.231    -3.379               7.650
  5707.363      60.1     1.229    -1.580
  5707.374     607.0     1.231    -1.947               7.650
  5707.394     607.0     0.164    -4.181               7.650
  5707.400     607.0     0.346    -3.224               7.650
  5707.456     607.0     0.164    -3.451               7.650
  5707.541 106.00112     2.234    -4.542               3.456
  5707.548 106.00112     3.436    -4.196               3.456
  5707.578      22.0     2.239    -4.842
  5707.616      23.1     9.103    -1.651
  5707.704      26.0     4.103    -3.828
  5707.711     607.0     0.177    -3.441               7.650
  5707.740      58.1     0.823    -2.380
  5707.795      23.0     2.359    -1.062
  5707.836      15.0     7.213    -4.730
  5707.843      22.0     2.334    -3.114
  5708.049 106.00112     3.436    -4.183               3.456
  5708.073     607.0     1.122    -3.759               7.650
  5708.094      26.0     4.434    -1.700
  5708.104      58.1     1.930    -2.240
  5708.198    22.0       2.318    -0.820
  5708.271      60.1     0.859    -0.581
  5708.287      23.0     3.099    -1.581
  5708.400      14.0     4.954    -1.470
  5708.473 106.00112     3.343    -3.827               3.456
  5708.483     607.0     0.118    -4.510               7.650
  5708.495      58.1     2.145    -1.320
  5708.587      22.1     5.885    -4.202
  5708.636      21.0     1.448    -0.639
  5708.855      58.1     1.013    -2.760
  5708.858      40.0     0.000    -2.840
  5708.891      28.0     3.898    -2.092
  5708.920     607.0     1.326    -2.149               7.650
  5708.949 106.00113     3.343    -3.827               3.456
  5708.950      14.0     5.863    -4.531
  5708.956      23.0     2.379    -0.733
  5708.985 106.00112     3.343    -3.815               3.456
  5709.008     607.0     1.246    -1.947               7.650
  5709.038      26.1     7.604    -4.987
  5709.043      69.1     2.784    -3.610
  5709.060      58.0     0.691    -0.745
  5709.070      23.1     9.069    -0.736
  5709.082     607.0     1.246    -3.392               7.650
  5709.117      20.0     5.885    -4.127
  5709.151      23.1     9.045    -0.024
  5709.305 106.00113     3.438    -4.183               3.456
  5709.334      41.0     1.676    -1.700
  5709.360     607.0     0.364    -3.228               7.650
  5709.363      76.0     4.700    -0.250
  5709.371     607.0     1.655    -2.786               7.650
  5709.378    26.0       3.366    -1.028
  5709.413      64.0     0.124    -1.014
  5709.453     607.0     0.364    -4.297               7.650
  5709.493      92.0     0.881    -1.547
  5709.539      28.0     1.676    -2.170
  5709.556      22.1     1.892    -4.793
  5709.585 106.00113     3.438    -4.196               3.456
  5709.657     607.0     1.444    -2.201               7.650
  5709.670      23.0     2.616    -1.623
  5709.725      70.1     7.273    -2.180
  5709.738      62.0     1.618    -0.170
  5709.755 106.00113     3.343    -3.815               3.456
  5709.800      23.1     9.036    -1.482
  5709.865      23.1     9.054    -1.339
  5709.902      22.0     3.112    -2.264
  5709.931      22.1     5.567    -3.350
  5709.932      26.0     4.256    -2.470
  5709.966      69.1     2.772    -0.620
  5709.968      20.0     5.585    -2.758
  5710.039      58.0     0.850    -0.864
  5710.133      23.1     9.054    -0.590
  5710.216      22.0     2.250    -3.514
  5710.305      69.1     4.708    -2.270
  5710.319      64.0     1.819    -0.123
  5710.348      23.1     2.376    -3.049
  5710.358      28.0     5.497    -0.766
  5710.358      70.1     6.354    -1.970
  5710.407      20.0     5.586    -2.409
  5710.432      70.1     7.411    -1.100
  5710.456      24.0     3.850    -3.983
  5710.505      25.0     5.520    -3.868
  5710.527     607.0     1.559    -3.162               7.650
  5710.635      23.0     2.379    -3.183
  5710.655     607.0     0.247    -4.483               7.650
  5710.681       6.0     8.537    -2.710
  5710.715      24.0     3.845    -4.219
  5710.731     607.0     0.247    -3.021               7.650
  5710.748      70.1     6.660    -1.230
  5710.770     7.1      18.483    -0.542
  5710.783     607.0     1.218    -2.327               7.650
  5710.798      57.0     1.205    -1.350
  5710.865      58.1     1.014    -2.170
  5710.877      23.0     3.087    -1.708
  5710.935 106.00113     3.548    -4.404               3.456
  5711.006      26.1     9.100    -3.303
  5711.010      66.0     1.489    -1.540
  5711.088    12.0       4.346    -1.724
  5711.148     107.0     3.661    -4.067               3.450
  5711.236      22.0     3.179    -2.641
  5711.327     607.0     1.344    -2.154               7.650
  5711.363      23.1     9.040    -0.282
  5711.382      22.0     3.113    -3.215
  5711.414     607.0     1.344    -3.189               7.650
  5711.421      75.0     2.780    -1.250
  5711.427     607.0     1.326    -1.964               7.650
  5711.428      25.1     8.129    -4.489
  5711.429      20.0     5.585    -2.374
  5711.435      62.0     0.282    -1.569
  5711.437      58.1     1.458    -0.700
  5711.542     607.0     1.326    -3.736               7.650
  5711.565 106.00113     3.548    -4.415               3.456
  5711.604 106.00113     2.563    -4.245               3.456
  5711.632      27.1     8.536    -2.340
  5711.650      59.1     1.365    -0.618
  5711.676      22.0     2.345    -3.309
  5711.722      24.0     4.616    -3.383
  5711.740      26.1     9.100    -3.883
  5711.777      21.0     1.428     0.121
  5711.785      42.0     2.680    -1.717
  5711.842      23.0     2.122    -4.205
  5711.849      26.0     4.283    -1.590
  5711.853    22.0       2.305    -0.690
  5711.868      20.0     5.586    -2.748
  5711.900    28.0       1.935    -2.260
  5711.910     607.0     1.129    -3.420               7.650
  5711.966      23.1     4.516    -3.569
  5711.994     607.0     0.525    -4.713               7.650
  5712.054     607.0     0.262    -3.021               7.650
  5712.100     607.0     1.177    -4.656               7.650
  5712.132    26.0       3.414    -1.990
  5712.133     607.0     0.262    -4.496               7.650
  5712.157      58.1     3.822    -2.030
  5712.159      23.1     9.011    -2.827
  5712.166      23.0     4.256    -3.050
  5712.192 106.00113     2.563    -4.228               3.456
  5712.236      58.1     4.612    -2.760
  5712.244      23.1     9.036    -0.894
  5712.260 106.00112     1.333    -4.435               3.456
  5712.263     607.0     1.566    -2.418               7.650
  5712.292      58.0     0.516    -0.919
  5712.369      26.0     4.913    -2.966
  5712.384 106.00112     3.548    -4.404               3.456
  5712.391      57.1     0.173    -1.955
  5712.420      69.0     2.102    -1.580
  5712.422      24.0     5.479    -3.690
  5712.422     607.0     1.566    -3.894               7.650
  5712.427      24.0     4.411    -2.486
  5712.433 106.00112     3.438    -4.183               3.456
  5712.469 106.00113     2.883    -4.225               3.456
  5712.547 106.00112     1.333    -4.335               3.456
  5712.591      24.0     4.535    -1.277
  5712.600     607.0     1.176    -3.094               7.650
  5712.621     607.0     1.559    -3.157               7.650
  5712.644     107.0     3.661    -4.067               3.450
  5712.662     607.0     1.176    -2.340               7.650
  5712.675 106.00112     2.563    -4.245               3.456
  5712.707      23.1     9.103    -0.999
  5712.753 106.00112     3.438    -4.196               3.456
  5712.771      24.0     3.011    -1.297
  5712.833     607.0     1.485    -2.529               7.650
  5712.844      69.1     5.004    -2.000
  5712.854      70.1     6.189    -1.870
  5712.854 106.00112     2.883    -4.225               3.456
  5712.882      26.0     4.913    -2.159
  5712.952 106.00112     2.563    -4.228               3.456
  5713.006     607.0     1.485    -4.611               7.650
  5713.049     607.0     1.380    -3.499               7.650
  5713.054      58.1     1.339    -3.390
  5713.089 106.00113     2.883    -4.210               3.456
  5713.101      20.0     5.390    -3.899
  5713.112     607.0     0.177    -4.190               7.650
  5713.155 106.00112     2.883    -4.210               3.456
  5713.177     607.0     0.177    -3.432               7.650
  5713.190 106.00112     3.548    -4.415               3.456
  5713.215     607.0     0.364    -3.212               7.650
  5713.256      72.0     3.073    -0.520
  5713.282      70.1     4.342    -3.050
  5713.447     607.0     1.246    -3.387               7.650
  5713.457      71.1     3.646    -1.520
  5713.521     607.0     1.246    -1.933               7.650
  5713.560      23.0     1.893    -4.018
  5713.563      26.1     8.568    -4.065
  5713.738      70.1     5.671    -0.620
  5713.755      22.0     3.128    -3.260
  5713.777     607.0     0.190    -3.422               7.650
  5713.794      22.0     3.166    -3.485
  5713.809     607.0     1.218    -3.445               7.650
  5713.880      22.0     2.289    -1.127
  5713.886      28.0     5.497    -1.500
  5713.912     607.0     1.218    -2.321               7.650
  5713.925     607.0     1.189    -2.331               7.650
  5714.010      57.0     0.869    -1.110
  5714.177      58.1     1.828    -3.560
  5714.271      25.0     6.127    -2.709
  5714.304 106.00112     3.345    -3.815               3.456
  5714.350      22.0     2.175    -4.669
  5714.376      70.1     6.113    -2.940
  5714.415      25.0     3.373    -3.453
  5714.447     607.0     1.326    -2.870               7.650
  5714.474     607.0     1.326    -3.734               7.650
  5714.514     607.0     0.129    -4.517               7.650
  5714.516      23.0     3.267    -2.415
  5714.536      57.0     1.235    -1.220
  5714.551      26.0     5.086    -1.835
  5714.589     607.0     1.326    -1.955               7.650
  5714.595 106.00112     3.346    -3.827               3.456
  5714.629      58.1     1.581    -1.950
  5714.690      24.0     4.490    -4.337
  5714.693      69.1     4.512    -3.110
  5714.770      69.1     4.854    -0.800
  5714.866     607.0     1.566    -2.410               7.650
  5714.872      26.0     3.241    -4.216
  5714.916     607.0     1.485    -4.610               7.650
  5714.945      39.0     1.967    -1.220
  5715.000 106.00113     1.381    -4.339               3.456
  5715.059      21.0     3.057    -3.126
  5715.066      28.0     4.088    -0.352
  5715.072 106.00113     3.346    -3.827               3.456
  5715.075 106.00113     3.345    -3.815               3.456
  5715.089     607.0     1.485    -2.523               7.650
  5715.090      42.0     4.329    -0.885
  5715.091      26.0     4.283    -2.330
  5715.102      26.0     4.191    -2.769
  5715.116      22.0     2.256    -0.526
  5715.166      24.0     4.618    -1.600
  5715.222      73.0     1.325    -1.980
  5715.251      24.0     3.556    -2.395
  5715.259      58.1     1.544    -0.650
  5715.260     607.0     1.344    -2.138               7.650
  5715.278 106.00113     1.381    -4.234               3.456
  5715.299     107.0     3.396    -4.430               3.450
  5715.392      21.0     4.423    -2.627
  5715.392      21.0     4.423    -2.475
  5715.434     607.0     0.382    -3.217               7.650
  5715.469      26.0     4.154    -3.110
  5715.484     607.0     1.261    -1.933               7.650
  5715.487     607.0     1.380    -3.495               7.650
  5715.497      23.1     9.036    -1.774
  5715.530     607.0     0.382    -4.305               7.650
  5715.561     607.0     1.261    -3.400               7.650
  5715.578      41.0     1.524    -2.090
  5715.602     607.0     1.155    -4.156               7.650
  5715.777      69.1     4.324    -2.950
  5715.790      69.0     1.893    -1.090
  5715.793      26.0     4.559    -3.535
  5715.817      27.0     3.622    -2.801
  5715.821      20.0     2.709    -3.256
  5715.836      26.0     4.985    -4.592
  5715.904     107.0     3.396    -4.430               3.450
  5715.974      25.0     4.685    -2.600
  5716.031      42.0     3.187    -2.089
  5716.055      22.0     3.062    -3.820
  5716.081 106.00113     2.565    -4.245               3.456
  5716.110      24.0     3.449    -3.806
  5716.171      26.0     4.473    -3.702
  5716.202     607.0     1.469    -2.203               7.650
  5716.291 106.00113     2.565    -4.228               3.456
  5716.331     607.0     1.469    -3.522               7.650
  5716.359      41.0     1.532    -1.510
  5716.376      58.1     4.382    -2.140
  5716.415     607.0     0.262    -4.492               7.650
  5716.442    22.0       2.297    -0.720
  5716.462      58.0     0.848    -0.278
  5716.480      20.0     5.578    -4.314
  5716.484      25.0     5.087    -4.269
  5716.494     607.0     0.262    -3.007               7.650
  5716.522      58.1     1.026    -1.940
  5716.559      73.0     1.517    -2.680
  5716.590      26.1     7.773    -2.075
  5716.706      70.1     7.956    -1.380
  5716.718      22.0     3.424    -3.300
  5716.783      69.1     4.265    -2.620
  5716.794      23.0     4.258    -2.165
  5716.875      92.0     0.552    -1.591
  5716.935      23.1     9.073    -1.342
  5716.941      75.0     3.306    -0.870
  5716.949     607.0     1.326    -4.331               7.650
  5716.993 106.00113     2.884    -4.225               3.456
  5717.020      27.0     3.530    -3.607
  5717.052 106.00112     2.565    -4.228               3.456
  5717.100      69.0     2.318    -1.180
  5717.110     607.0     1.326    -2.865               7.650
  5717.154 106.00112     2.565    -4.245               3.456
  5717.160 106.00113     2.884    -4.210               3.456
  5717.226 106.00112     2.884    -4.210               3.456
  5717.261      70.1     7.003     0.000
  5717.278      23.1     9.089    -2.975
  5717.307      21.0     1.440    -0.532
  5717.377      20.0     2.709    -4.681
  5717.379 106.00112     2.884    -4.225               3.456
  5717.486      68.0     1.309    -0.436
  5717.518      20.0     4.763    -0.888
  5717.562      25.0     5.579    -2.205
  5717.595      69.1     4.571    -1.970
  5717.644      58.1     1.930    -2.020
  5717.682     607.0     1.140    -3.767               7.650
  5717.833      26.0     4.284    -1.260
  5717.881      20.0     4.430    -1.358
  5717.883 106.00113     2.741    -4.194               3.456
  5717.891      58.1     0.709    -3.300
  5717.919      62.0     1.543    -0.125
  5717.920     607.0     1.361    -2.142               7.650
  5717.995      28.0     5.019    -4.077
  5718.010     607.0     1.361    -3.197               7.650
  5718.018      26.0     4.835    -4.824
  5718.050      24.1     6.001    -4.285
  5718.060      24.1     8.308    -3.937
  5718.082      69.1     3.884    -1.550
  5718.109     607.0     0.278    -3.007               7.650
  5718.118      60.1     1.410    -0.400
  5718.141 106.00113     2.741    -4.181               3.456
  5718.142      58.1     0.977    -3.680
  5718.178      58.1     1.582    -3.360
  5718.191     607.0     0.278    -4.504               7.650
  5718.233      25.0     5.696    -0.015
  5718.266      58.1     4.077    -2.740
  5718.348     607.0     1.281    -2.509               7.650
  5718.365      58.0     0.172    -1.448
  5718.426      23.1     9.089    -0.447
  5718.462      66.0     2.289     0.500
  5718.475      23.0     2.115    -4.664
  5718.486     607.0     0.547    -4.720               7.650
  5718.503     607.0     1.140    -3.427               7.650
  5718.571      58.1     3.803    -3.190
  5718.590      24.0     2.987    -3.520
  5718.592      58.1     1.876    -0.520
  5718.651      20.0     4.769    -1.009
  5718.658      23.1     9.045    -0.962
  5718.674 106.00112     2.741    -4.181               3.456
  5718.723 106.00112     2.741    -4.194               3.456
  5718.733      69.1     4.266    -1.810
  5718.793      58.1     0.977    -2.630
  5718.848 106.00113     2.946    -3.926               3.456
  5718.965      69.1     4.839    -1.250
  5718.972      26.0     4.956    -1.781
  5719.010      66.0     1.884    -2.010
  5719.019     607.0     1.189    -3.102               7.650
  5719.032     607.0     0.190    -4.198               7.650
  5719.036      58.0     0.719     0.431
  5719.064      59.1     0.796    -1.014
  5719.077      60.1     0.550    -1.660
  5719.079      59.1     1.518    -0.610
  5719.085     607.0     1.189    -2.323               7.650
  5719.099     607.0     0.190    -3.413               7.650
  5719.116 106.00113     2.946    -3.913               3.456
  5719.116      62.1     1.076    -1.662
  5719.130      22.0     2.333    -3.238
  5719.175      72.0     1.114    -1.360
  5719.224      58.1     1.348    -2.420
  5719.239     607.0     0.382    -3.201               7.650
  5719.258     607.0     1.469    -2.193               7.650
  5719.283      23.1     5.868    -2.708
  5719.296      25.0     4.194    -2.980
  5719.343      58.1     1.930    -2.860
  5719.368 106.00112     2.946    -3.913               3.456
  5719.391 106.00112     2.946    -3.926               3.456
  5719.490      26.0     5.064    -3.724
  5719.535      58.0     0.159    -1.549
  5719.553      68.0     1.069    -0.569
  5719.622      58.1     1.090    -2.960
  5719.623      90.0     0.930    -1.656
  5719.640      59.1     1.004    -0.854
  5719.808     607.0     1.261    -3.396               7.650
  5719.816      24.0     3.013    -1.660
  5719.825     607.0     1.788    -3.425               7.650
  5719.884     607.0     1.261    -1.919               7.650
  5719.908      23.1     9.040    -1.981
  5719.921      69.1     5.104    -1.350
  5720.001      70.0     3.432     0.573
  5720.009      57.0     0.433    -1.470
  5720.024     607.0     0.203    -3.405               7.650
  5720.039      21.1     7.159    -2.163
  5720.127      21.0     4.432    -1.888
  5720.167      25.0     5.673     0.117
  5720.176      62.0     0.036    -1.724
  5720.183      90.0     0.457    -1.703
  5720.239      15.0     7.176    -4.850
  5720.252      25.0     4.666    -3.659
  5720.281 106.00112     3.274    -3.840               3.456
  5720.330      25.0     5.599    -3.045
  5720.390      26.0     4.966    -4.889
  5720.395      69.1     4.003    -3.540
  5720.436      22.0     2.292    -0.900
  5720.468 106.00113     3.274    -3.840               3.456
  5720.478      58.1     1.706    -2.550
  5720.505     607.0     1.203    -2.314               7.650
  5720.510      69.1     4.288    -2.390
  5720.562     607.0     1.239    -2.317               7.650
  5720.572      23.0     2.743    -1.183
  5720.617      39.0     2.038    -0.600
  5720.740     607.0     0.140    -4.524               7.650
  5720.748      69.1     5.231    -2.920
  5720.756      23.1     5.537    -4.778
  5720.762 106.00112     3.274    -3.827               3.456
  5720.775       6.0     8.537    -2.710
  5720.775      27.0     2.042    -3.968
  5720.837      26.0     5.012    -3.397
  5720.886      26.0     4.548    -2.080
  5720.923      21.0     2.338    -1.459
  5720.933      25.1     6.800    -4.766
  5720.947     607.0     1.690    -2.787               7.650
  5720.952      22.0     3.062    -2.729
  5721.021      14.0     5.863    -0.851
  5721.064     607.0     1.349    -1.955               7.650
  5721.074      58.1     3.853    -2.290
  5721.113      14.0     7.979    -4.903
  5721.134     607.0     1.690    -4.384               7.650
  5721.153     607.0     0.279    -3.856               7.650
  5721.181     607.0     1.349    -3.743               7.650
  5721.220     607.0     0.284    -3.852               7.650
  5721.226     607.0     1.281    -3.837               7.650
  5721.240 106.00113     3.274    -3.827               3.456
  5721.241     607.0     0.274    -3.863               7.650
  5721.362     607.0     1.281    -2.504               7.650
  5721.388      62.0     1.624    -0.166
  5721.470     607.0     0.289    -3.851               7.650
  5721.504     607.0     0.270    -3.873               7.650
  5721.561      26.0     5.478    -4.697
  5721.604 106.00113     2.339    -4.305               3.456
  5721.644      22.0     2.334    -3.252
  5721.706      26.0     4.283    -5.104
  5721.707      26.0     4.154    -2.656
  5721.715      28.1     9.413    -3.847
  5721.718     607.0     0.401    -3.205               7.650
  5721.771      24.0     3.551    -2.386
  5721.798      22.0     3.161    -2.293
  5721.816     607.0     0.401    -4.312               7.650
  5721.838      69.1     4.756    -1.640
  5721.839     607.0     1.361    -2.127               7.650
  5721.879 106.00113     2.339    -4.288               3.456
  5721.885     607.0     0.295    -3.852               7.650
  5721.897     607.0     0.266    -3.888               7.650
  5721.914      69.1     5.004    -1.880
  5721.931      76.0     0.638    -2.660
  5721.963      64.1     1.659    -1.240
  5722.007      23.1     6.479    -4.598
  5722.017     607.0     1.788    -3.419               7.650
  5722.043      23.0     4.260    -1.852
  5722.046      58.0     0.274    -0.846
  5722.144     607.0     1.277    -1.919               7.650
  5722.215      24.0     3.122    -4.470
  5722.223     607.0     1.277    -3.408               7.650
  5722.237      92.0     1.678    -0.761
  5722.275      23.1     9.054    -0.127
  5722.287      58.1     1.212    -3.750
  5722.294      20.0     5.490    -2.985
  5722.360      27.0     1.883    -2.712
  5722.369      22.0     3.148    -2.024
  5722.372     607.0     0.278    -4.500               7.650
  5722.418      26.1     9.736    -4.292
  5722.431      26.0     4.559    -3.534
  5722.442     607.0     0.302    -3.855               7.650
  5722.453     607.0     0.278    -2.993               7.650
  5722.458     607.0     0.263    -3.910               7.650
  5722.469      26.0     4.638    -4.037
  5722.563      22.0     2.267    -4.502
  5722.652      23.1     9.069     0.040
  5722.738      42.0     1.420    -1.500
  5722.765      70.1     7.321    -1.480
  5722.822      27.0     2.871    -4.135
  5722.835 106.00112     1.381    -4.339               3.456
  5722.838 106.00112     2.339    -4.288               3.456
  5722.888 106.00112     2.339    -4.305               3.456
  5722.960      69.1     3.934    -1.810
  5723.031      26.0     4.956    -3.006
  5723.042      74.0     3.222    -1.190
  5723.103      42.0     3.675    -1.171
  5723.114 106.00112     1.381    -4.234               3.456
  5723.165     607.0     0.260    -3.940               7.650
  5723.188     607.0     0.309    -3.859               7.650
  5723.286     607.0     1.690    -2.780               7.650
  5723.329      58.1     2.008    -2.790
  5723.363      38.1     6.915    -1.161
  5723.375      22.0     3.154    -1.712
  5723.461      23.1     9.069     0.185
  5723.466      69.1     4.110    -1.940
  5723.507 106.00113     3.501    -4.182               3.456
  5723.622      23.0     3.113    -1.693
  5723.641      22.0     3.869    -3.700
  5723.644      69.1     4.364    -1.000
  5723.648      92.1     0.670    -2.087
  5723.671      26.0     4.473    -3.674
  5723.704      22.0     2.239    -3.862
  5723.759      22.1     1.584    -4.735
  5723.765      70.1     7.005    -2.970
  5723.870      58.1     3.719    -1.520
  5723.949       6.0     8.537    -4.000
  5723.949      23.1     9.069    -0.328
  5723.966      70.1     7.080    -3.090
  5724.038     607.0     0.258    -3.981               7.650
  5724.059     607.0     1.349    -3.741               7.650
  5724.067      23.0     3.267    -3.607
  5724.083     607.0     0.316    -3.864               7.650
  5724.090 106.00113     3.501    -4.170               3.456
  5724.096      70.1     7.959    -1.600
  5724.107      37.0     1.589    -1.140
  5724.107      21.0     1.433    -0.661
  5724.130      23.0     3.087    -1.297
  5724.177     607.0     1.349    -1.946               7.650
  5724.179     607.0     1.239    -3.452               7.650
  5724.217      70.1     7.707    -1.630
  5724.250      29.0     5.348    -2.680
  5724.285     607.0     1.239    -2.310               7.650
  5724.295      24.0     4.411    -3.043
  5724.320      23.1     9.103    -1.777
  5724.322     607.0     1.596    -2.412               7.650
  5724.325    18.1      17.140    -2.410
  5724.362     607.0     0.294    -2.993               7.650
  5724.446     607.0     0.294    -4.513               7.650
  5724.454      26.0     4.284    -2.770
  5724.477      62.0     1.936    -0.121
  5724.484     607.0     1.596    -3.898               7.650
  5724.542      26.0     5.086    -2.503
  5724.571      58.1     1.206    -2.920
  5724.588      21.1     7.222    -3.750
  5724.602      37.0     1.589    -2.108
  5724.688      22.0     3.161    -3.010
  5724.731      64.0     1.467    -0.421
  5724.733     607.0     1.380    -2.131               7.650
  5724.795 106.00113     2.826    -4.240               3.456
  5724.808      44.0     1.589    -2.290
  5724.826     607.0     1.380    -3.204               7.650
  5724.946 106.00113     2.743    -4.181               3.456
  5725.012      90.1     0.868    -2.152
  5725.034      23.1     9.069    -1.479
  5725.049      26.0     5.086    -4.105
  5725.064     607.0     0.256    -4.038               7.650
  5725.096      58.1     2.650    -2.160
  5725.137     607.0     0.203    -4.207               7.650
  5725.154     607.0     0.324    -3.869               7.650
  5725.175 106.00113     1.344    -4.131               3.456
  5725.175     607.0     0.570    -4.726               7.650
  5725.198 106.00113     1.368    -4.047               3.456
  5725.206     607.0     0.203    -3.396               7.650
  5725.228 106.00113     2.949    -3.913               3.456
  5725.238 106.00113     3.463    -4.426               3.456
  5725.277 106.00113     1.368    -3.980               3.456
  5725.283 106.00113     2.743    -4.194               3.456
  5725.293      23.1     9.045    -0.274
  5725.307     607.0     1.151    -3.434               7.650
  5725.359       6.0     8.537    -3.080
  5725.362 106.00113     1.344    -4.062               3.456
  5725.388      90.0     1.216    -1.176
  5725.398 106.00113     2.826    -4.224               3.456
  5725.402      23.0     3.299    -3.242
  5725.439     607.0     0.401    -3.191               7.650
  5725.447      69.1     3.255    -1.950
  5725.474      58.1     2.000    -3.270
  5725.477 106.00113     3.463    -4.415               3.456
  5725.480 106.00112     2.949    -3.913               3.456
  5725.480 106.00112     2.743    -4.181               3.456
  5725.493 106.00112     2.826    -4.240               3.456
  5725.573     607.0     1.203    -3.110               7.650
  5725.595 106.00113     2.949    -3.926               3.456
  5725.641     607.0     1.203    -2.306               7.650
  5725.641      23.0     2.365     0.010
  5725.651      41.0     2.236    -1.210
  5725.703      58.1     3.855    -2.110
  5725.743      44.0     1.063    -2.810
  5725.785 106.00112     2.826    -4.224               3.456
  5725.830      58.0     0.548    -0.142
  5725.906      58.1     1.925    -1.320
  5725.925      24.0     2.967    -4.518
  5725.963      26.1     3.425    -4.820
  5725.989     607.0     1.206    -4.661               7.650
  5726.021      24.0     2.915    -4.999
  5726.066      26.0     5.067    -4.884
  5726.076     607.0     1.495    -2.195               7.650
  5726.077      69.1     4.784    -2.350
  5726.093     607.0     1.596    -3.157               7.650
  5726.107      22.0     3.171    -4.146
  5726.126 106.00112     2.743    -4.194               3.456
  5726.133      58.0     0.516    -0.921
  5726.139 106.00112     2.949    -3.926               3.456
  5726.143 106.00112     3.276    -3.827               3.456
  5726.208     607.0     1.495    -3.528               7.650
  5726.238      26.0     4.966    -5.014
  5726.238     607.0     0.255    -4.119               7.650
  5726.288      26.0     4.913    -3.347
  5726.323 106.00113     2.341    -4.288               3.456
  5726.360     607.0     1.277    -3.404               7.650
  5726.379 106.00113     1.430    -4.237               3.456
  5726.400     607.0     0.333    -3.876               7.650
  5726.415 106.00113     2.341    -4.305               3.456
  5726.421 106.00112     3.276    -3.840               3.456
  5726.439     607.0     1.277    -1.906               7.650
  5726.455     607.0     0.217    -3.388               7.650
  5726.497 106.00113     1.323    -4.221               3.456
  5726.513      29.0     5.348    -2.440
  5726.553    26.1      10.714    -0.040
  5726.569      23.1     9.103     0.639
  5726.598      58.1     1.348    -2.630
  5726.608 106.00113     3.276    -3.840               3.456
  5726.622 106.00113     3.276    -3.827               3.456
  5726.651 106.00112     3.501    -4.182               3.456
  5726.653      58.1     0.635    -1.700
  5726.661 106.00113     1.430    -4.125               3.456
  5726.738     607.0     1.518    -2.523               7.650
  5726.772 106.00113     1.394    -3.902               3.456
  5726.789 106.00113     1.394    -3.968               3.456
  5726.789      23.1     7.938    -4.297
  5726.805 106.00113     1.323    -4.150               3.456
  5726.825      60.1     1.044    -0.810
  5726.914     607.0     1.518    -4.616               7.650
  5726.962     607.0     1.596    -2.404               7.650
  5726.975      68.0     0.000    -1.931
  5727.048      23.0     1.081    -0.012
  5727.048 106.00112     3.463    -4.426               3.456
  5727.110 106.00112     3.463    -4.415               3.456
  5727.166     607.0     0.152    -4.531               7.650
  5727.191      58.1     1.796    -2.900
  5727.192 106.00112     3.501    -4.170               3.456
  5727.225      70.1     5.828    -2.480
  5727.250      58.1     2.179    -0.320
  5727.281      57.1     0.651    -2.054
  5727.281      45.0     1.833    -2.430
  5727.284 106.00112     2.341    -4.288               3.456
  5727.343      58.1     1.696    -3.040
  5727.405     607.0     1.217    -2.298               7.650
  5727.522     607.0     1.159    -3.774               7.650
  5727.561     607.0     0.254    -4.244               7.650
  5727.652      23.0     1.051    -0.870
  5727.662      23.0     1.893    -4.065
  5727.664     607.0     1.180    -4.162               7.650
  5727.701 106.00112     2.341    -4.305               3.456
  5727.710      26.0     4.607    -3.265
  5727.728      26.0     5.341    -5.061
  5727.744      25.0     5.087    -4.232
  5727.774      58.1     2.167    -2.830
  5727.815     607.0     0.341    -3.883               7.650
  5727.819      20.0     5.578    -4.043
  5728.042      58.1     4.105    -3.130
  5728.051      69.1     4.469    -3.320
  5728.112      58.1     4.160    -1.360
  5728.169     607.0     1.596    -3.152               7.650
  5728.179     607.0     0.421    -3.195               7.650
  5728.280     607.0     0.421    -4.320               7.650
  5728.297      22.0     3.139    -1.961
  5728.309      64.1     1.134    -2.050
  5728.354      21.0     3.101    -1.961
  5728.374 106.00113     3.502    -4.170               3.456
  5728.399     607.0     1.357    -2.864               7.650
  5728.503      58.1     1.639    -1.840
  5728.512     607.0     0.294    -4.509               7.650
  5728.584      27.0     3.632    -4.134
  5728.596     607.0     0.294    -2.980               7.650
  5728.615     607.0     1.415    -3.493               7.650
  5728.625     607.0     1.380    -2.116               7.650
  5728.666 106.00113     3.503    -4.182               3.456
  5728.756      42.0     3.198    -1.375
  5728.822     607.0     1.518    -4.614               7.650
  5728.850      58.1     1.914    -1.770
  5728.855      69.1     5.188    -1.860
  5728.890      39.1     1.839    -1.120
  5728.961 106.00113     1.305    -4.324               3.456
  5728.999     607.0     1.518    -2.517               7.650
  5729.012      58.1     1.775    -1.630
  5729.027     607.0     1.293    -1.906               7.650
  5729.060     607.0     1.495    -2.185               7.650
  5729.081     607.0     0.253    -4.470               7.650
  5729.108     607.0     1.293    -3.416               7.650
  5729.152 106.00113     2.828    -4.240               3.456
  5729.185      41.0     0.197    -1.530
  5729.206      24.0     3.845    -1.058
  5729.251      39.0     2.003    -1.180
  5729.272      60.0     0.293    -0.176
  5729.313      62.0     1.414    -0.571
  5729.319      28.0     5.004    -2.802
  5729.329 106.00113     2.828    -4.224               3.456
  5729.339      58.0     0.646    -1.069
  5729.396     607.0     0.351    -3.890               7.650
  5729.411      26.0     4.608    -4.301
  5729.424      58.0     1.055    -0.774
  5729.428 106.00113     1.306    -4.248               3.456
  5729.438      25.0     4.679    -2.986
  5729.445      42.0     2.496    -2.242
  5729.572      42.0     3.734    -0.981
  5729.593      26.1     7.971    -2.433
  5729.618      69.1     2.692    -2.720
  5729.631      25.0     3.378    -3.796
  5729.635      24.1     8.291    -4.292
  5729.648      58.1     0.721    -2.170
  5729.660      22.0     3.186    -1.807
  5729.689      69.1     4.329    -2.090
  5729.717 106.00112     2.828    -4.224               3.456
  5729.736      27.0     5.111    -4.271
  5729.777     607.0     1.447    -2.153               7.650
  5729.791      26.1     6.807    -3.872
  5729.851 106.00112     2.828    -4.240               3.456
  5729.870      42.0     2.916    -1.656
  5729.895     607.0     0.256    -3.869               7.650
  5729.896      69.1     3.764    -2.240
  5729.903     607.0     0.256    -3.709               7.650
  5729.917      23.0     1.800    -3.509
  5729.928     607.0     1.447    -4.126               7.650
  5729.946      20.0     5.453    -4.382
  5729.953     607.0     0.258    -3.739               7.650
  5729.964     607.0     0.258    -3.646               7.650
  5730.011      70.1     6.014    -0.080
  5730.015     607.0     0.255    -4.043               7.650
  5730.021     607.0     0.255    -3.797               7.650
  5730.124 106.00113     1.423    -3.826               3.456
  5730.137      62.0     1.414    -0.717
  5730.182     607.0     0.260    -3.634               7.650
  5730.194     607.0     0.260    -3.601               7.650
  5730.222 106.00113     1.423    -3.892               3.456
  5730.242     607.0     0.254    -4.319               7.650
  5730.245     607.0     0.254    -3.924               7.650
  5730.436     607.0     1.260    -2.307               7.650
  5730.439     607.0     1.308    -2.501               7.650
  5730.458      69.1     4.288    -1.790
  5730.460      58.1     2.167    -1.410
  5730.469      27.0     3.568    -2.897
  5730.474      22.0     2.738    -3.469
  5730.490      58.1     0.601    -2.100
  5730.512     607.0     0.263    -3.546               7.650
  5730.527     607.0     0.263    -3.567               7.650
  5730.631      22.0     2.506    -3.584
  5730.634      22.0     3.178    -2.010
  5730.728     607.0     0.253    -4.089               7.650
  5730.756      24.0     5.604    -1.184
  5730.793     607.0     0.311    -2.980               7.650
  5730.830      63.0     1.668    -0.570
  5730.854      26.0     4.913    -1.575
  5730.855     607.0     1.357    -4.336               7.650
  5730.880     607.0     0.311    -4.521               7.650
  5730.882      69.1     4.480    -2.230
  5730.930     607.0     1.372    -1.946               7.650
  5731.021     607.0     1.357    -2.859               7.650
  5731.048     607.0     1.415    -3.489               7.650
  5731.048     607.0     0.266    -3.470               7.650
  5731.050     607.0     1.372    -3.749               7.650
  5731.066     607.0     0.266    -3.542               7.650
  5731.118      22.0     2.231    -2.244
  5731.119      23.1     9.103     0.664
  5731.123      24.0     3.375    -4.124
  5731.154     607.0     0.360    -3.898               7.650
  5731.172 106.00113     2.506    -4.261               3.456
  5731.231 106.00113     2.165    -4.557               3.456
  5731.241      23.0     1.064    -0.730
  5731.352      23.1     9.079    -1.534
  5731.434      14.0     5.614    -2.401
  5731.439     607.0     0.217    -4.216               7.650
  5731.481 106.00112     3.502    -4.170               3.456
  5731.511     607.0     0.217    -3.379               7.650
  5731.513      25.0     5.701    -2.366
  5731.520 106.00113     2.165    -4.541               3.456
  5731.668      23.0     3.113    -0.676
  5731.688      70.1     7.707    -1.600
  5731.693      22.0     2.239    -3.820
  5731.698     607.0     0.270    -3.403               7.650
  5731.717     607.0     0.270    -3.524               7.650
  5731.721     607.0     1.398    -2.120               7.650
  5731.740 106.00113     2.506    -4.243               3.456
  5731.762      26.0     4.256    -1.430
  5731.771      58.1     2.003    -1.580
  5731.798      60.1     1.140    -1.460
  5731.816 106.00112     3.503    -4.182               3.456
  5731.817     607.0     1.399    -3.211               7.650
  5731.831     607.0     0.421    -3.180               7.650
  5731.912     607.0     0.254    -4.089               7.650
  5731.915     607.0     0.254    -4.390               7.650
  5731.937      58.1     1.533    -1.860
  5732.025      70.1     5.921    -2.920
  5732.055     607.0     0.593    -4.733               7.650
  5732.090      39.0     2.085    -0.660
  5732.099      26.1     9.905    -4.728
  5732.115      24.0     3.980    -3.805
  5732.142     607.0     1.447    -4.124               7.650
  5732.160      64.0     0.066    -1.575
  5732.283     607.0     1.164    -3.441               7.650
  5732.293     607.0     1.447    -2.146               7.650
  5732.296      26.0     4.991    -1.690
  5732.323      29.0     5.575    -1.792
  5732.371     607.0     1.217    -3.119               7.650
  5732.414 106.00113     1.290    -4.445               3.456
  5732.441     607.0     1.217    -2.289               7.650
  5732.460 106.00112     2.165    -4.541               3.456
  5732.476     607.0     0.274    -3.343               7.650
  5732.499     607.0     0.274    -3.512               7.650
  5732.522 106.00112     2.165    -4.557               3.456
  5732.549 106.00112     2.506    -4.261               3.456
  5732.637 106.00112     1.368    -4.047               3.456
  5732.680 106.00112     1.344    -4.131               3.456
  5732.697      70.1     7.133    -2.280
  5732.724      26.1     3.387    -4.636
  5732.771     607.0     0.255    -3.849               7.650
  5732.776     607.0     0.255    -4.161               7.650
  5732.818 106.00112     2.506    -4.243               3.456
  5732.826      26.0     4.549    -4.628
  5732.851 106.00113     3.204    -3.852               3.456
  5732.863      26.0     4.103    -3.170
  5732.917      23.0     3.283    -4.081
  5732.937      62.0     0.498    -0.682
  5732.950 106.00112     3.204    -3.852               3.456
  5732.950 106.00113     3.466    -4.415               3.456
  5732.975      90.1     2.198    -1.073
  5733.015      20.0     4.769    -0.959
  5733.075      23.0     2.359    -0.699
  5733.084     607.0     0.232    -3.371               7.650
  5733.088 106.00113     1.291    -4.361               3.456
  5733.091 106.00112     1.368    -3.980               3.456
  5733.093     607.0     0.371    -3.906               7.650
  5733.141      14.0     7.715    -3.629
  5733.150     607.0     1.293    -3.412               7.650
  5733.162      58.1     3.562    -1.840
  5733.196 106.00112     1.344    -4.062               3.456
  5733.232     607.0     1.293    -1.893               7.650
  5733.236      92.1     1.026    -1.590
  5733.255      22.0     3.179    -3.660
  5733.308      27.0     3.629    -2.446
  5733.348      24.0     5.607    -1.008
  5733.404      23.0     3.066    -0.162
  5733.407 106.00112     3.204    -3.840               3.456
  5733.505     607.0     0.279    -3.290               7.650
  5733.529     607.0     0.279    -3.503               7.650
  5733.578 106.00113     3.466    -4.426               3.456
  5733.594 106.00113     3.204    -3.840               3.456
  5733.623      58.1     3.719    -1.770
  5733.624      23.1     9.103     0.200
  5733.676      26.0     4.186    -4.477
  5733.692      58.1     1.544    -1.170
  5733.710     607.0     0.256    -3.663               7.650
  5733.718     607.0     0.256    -4.034               7.650
  5733.788     607.0     0.164    -4.539               7.650
  5733.814      69.1     4.114     0.135
  5733.847      23.0     2.723    -1.063
  5733.852      64.1     1.372    -0.670
  5733.880      23.1     9.045    -1.449
  5733.915     607.0     1.372    -3.747               7.650
  5733.934      58.0     0.396    -1.040
  5733.999      23.0     2.359    -1.113
  5734.031     607.0     1.260    -3.459               7.650
  5734.036     607.0     1.372    -1.938               7.650
  5734.050      42.0     1.531    -2.570
  5734.064 106.00112     1.323    -4.221               3.456
  5734.139     607.0     1.260    -2.300               7.650
  5734.160 106.00112     1.394    -3.968               3.456
  5734.193      69.1     4.778    -1.900
  5734.198      22.0     3.199    -1.854
  5734.212      58.1     3.411    -2.390
  5734.245      21.0     5.568    -2.922
  5734.245 106.00112     1.430    -4.237               3.456
  5734.272      23.1     9.079    -1.838
  5734.272      27.0     3.530    -2.564
  5734.311      22.0     2.297    -1.959
  5734.335      58.1     3.112    -1.730
  5734.419     607.0     0.255    -4.390               7.650
  5734.518 106.00112     1.430    -4.125               3.456
  5734.550      60.1     1.878    -0.530
  5734.563     607.0     1.231    -2.282               7.650
  5734.564      26.0     4.956    -1.704
  5734.568 106.00112     1.394    -3.902               3.456
  5734.587 106.00112     3.466    -4.415               3.456
  5734.589      26.1     9.130    -4.053
  5734.614      23.1     9.113    -3.880
  5734.618     607.0     0.284    -3.241               7.650
  5734.645     607.0     0.284    -3.498               7.650
  5734.657 106.00112     1.323    -4.150               3.456
  5734.801      25.0     5.579    -2.095
  5734.813      24.0     5.471    -1.639
  5734.824     607.0     0.441    -3.184               7.650
  5734.845     607.0     0.258    -3.522               7.650
  5734.856     607.0     0.258    -3.950               7.650
  5734.858     607.0     0.311    -4.518               7.650
  5734.928     607.0     0.441    -4.327               7.650
  5734.944     607.0     0.311    -2.967               7.650
  5734.963      23.1     4.005    -3.806
  5734.972      57.0     1.235    -0.750
  5734.982      14.0     7.716    -3.861
  5734.992      58.1     3.562    -2.680
  5735.005      25.1     6.536    -4.866
  5735.049      22.0     2.250    -3.326
  5735.055      23.0     2.115    -2.518
  5735.074      74.0     3.408    -0.090
  5735.120      23.0     3.283    -4.244
  5735.141     607.0     1.725    -2.781               7.650
  5735.200     607.0     0.381    -3.914               7.650
  5735.203      21.0     3.101    -0.846
  5735.229      42.0     3.359    -1.872
  5735.292      23.0     1.950    -2.187
  5735.332     607.0     1.725    -4.388               7.650
  5735.393 106.00112     3.466    -4.426               3.456
  5735.399      20.0     4.780    -3.125
  5735.430 106.00113     2.508    -4.261               3.456
  5735.494      26.1     7.539    -4.577
  5735.498      70.1     7.047    -1.510
  5735.511      58.1     1.694    -1.820
  5735.512      23.1     9.073    -1.113
  5735.538      24.0     3.847    -2.027
  5735.578     607.0     1.399    -2.106               7.650
  5735.588      23.1     9.086    -0.835
  5735.647 106.00113     2.508    -4.243               3.456
  5735.660 106.00113     1.456    -3.750               3.456
  5735.688      58.0     0.684    -0.707
  5735.690      40.0     0.000    -2.240
  5735.706      26.0     4.913    -2.583
  5735.728     607.0     1.827    -3.420               7.650
  5735.769      70.1     5.910    -0.930
  5735.832      58.1     0.897    -3.440
  5735.841 106.00113     1.455    -3.818               3.456
  5735.880      22.0     2.345    -2.358
  5735.911      20.0     4.441    -1.043
  5735.948     607.0     0.289    -3.197               7.650
  5735.966      64.0     0.985    -1.089
  5735.977     607.0     0.289    -3.496               7.650
  5736.068      58.1     1.533    -2.230
  5736.104      21.1     7.222    -3.832
  5736.117      69.1     3.936    -1.850
  5736.124     607.0     1.309    -1.893               7.650
  5736.131     607.0     0.260    -3.408               7.650
  5736.138     607.0     1.521    -2.188               7.650
  5736.144     607.0     0.260    -3.891               7.650
  5736.159      24.0     5.487    -1.840
  5736.184      28.0     5.004    -3.389
  5736.198      58.1     1.581    -3.760
  5736.208     607.0     1.309    -3.424               7.650
  5736.243      23.0     2.616    -2.868
  5736.273     607.0     1.521    -3.533               7.650
  5736.359      22.0     3.430    -3.423
  5736.391      92.0     0.869    -1.242
  5736.400     607.0     0.256    -4.111               7.650
  5736.470      23.0     1.711    -4.446
  5736.539      71.0     0.000    -1.470
  5736.556      68.0     2.145    -0.011
  5736.568 106.00113     2.167    -4.541               3.456
  5736.575      27.0     4.232    -2.070
  5736.595 106.00112     1.305    -4.324               3.456
  5736.601      23.1     9.073    -0.286
  5736.625      24.0     3.556    -1.442
  5736.631      23.1     5.537    -3.541
  5736.657 106.00113     2.167    -4.557               3.456
  5736.667      46.0     4.636    -0.200
  5736.697 106.00113     1.278    -4.597               3.456
  5736.704     607.0     1.627    -2.406               7.650
  5736.726 106.00112     2.508    -4.243               3.456
  5736.809 106.00112     2.508    -4.261               3.456
  5736.855      62.0     1.618    -0.174
  5736.869     607.0     1.627    -3.903               7.650
  5737.059      23.0     1.064    -0.740
  5737.207      24.1     8.316    -4.168
  5737.220      69.1     2.734    -1.330
  5737.272      92.0     0.870    -1.241
  5737.299 106.00112     1.306    -4.248               3.456
  5737.336      25.0     5.491    -1.887
  5737.418     607.0     0.328    -2.967               7.650
  5737.420     607.0     0.295    -3.157               7.650
  5737.451     607.0     0.295    -3.496               7.650
  5737.488     607.0     0.392    -3.923               7.650
  5737.489      69.1     4.938    -2.340
  5737.492     607.0     1.725    -2.775               7.650
  5737.503      58.1     1.456    -3.960
  5737.507     607.0     0.328    -4.529               7.650
  5737.510 106.00112     2.167    -4.541               3.456
  5737.526 106.00112     1.423    -3.892               3.456
  5737.564     607.0     0.263    -3.312               7.650
  5737.576     607.0     1.178    -3.781               7.650
  5737.579     607.0     0.263    -3.848               7.650
  5737.685 106.00113     1.279    -4.502               3.456
  5737.717 106.00113     2.771    -4.256               3.456
  5737.892    26.1      10.737    -0.310
  5737.895      76.0     2.190    -2.460
  5737.902 106.00112     1.423    -3.826               3.456
  5737.903     607.0     1.828    -3.414               7.650
  5737.936     607.0     0.232    -4.224               7.650
  5737.951 106.00112     2.167    -4.557               3.456
  5738.011     607.0     0.232    -3.363               7.650
  5738.037      62.1     1.798    -0.847
  5738.119      23.0     2.379    -1.459
  5738.227      26.0     4.220    -2.470
  5738.235      23.1     8.010    -4.256
  5738.261      25.0     4.233    -0.888
  5738.297      23.0     3.056    -2.688
  5738.300 106.00113     2.771    -4.239               3.456
  5738.389      62.1     1.166    -1.880
  5738.426      22.0     3.176    -2.255
  5738.431      58.1     3.616    -3.750
  5738.433     607.0     0.441    -3.170               7.650
  5738.437      58.1     2.470    -3.410
  5738.454      24.0     5.607    -2.421
  5738.524      69.1     3.934    -2.540
  5738.530      24.0     3.551    -1.468
  5738.541     107.0     3.442    -4.401               3.450
  5738.606      26.0     4.220    -4.601
  5738.640     607.0     0.258    -3.934               7.650
  5738.643      21.0     2.338    -2.056
  5738.719 106.00112     2.771    -4.256               3.456
  5738.775 106.00113     1.483    -4.128               3.456
  5738.790      26.1     7.583    -4.639
  5738.804     607.0     1.418    -2.110               7.650
  5738.818 106.00112     3.206    -3.840               3.456
  5738.818      23.0     3.273    -2.539
  5738.827      70.1     7.520    -1.210
  5738.887      69.1     5.078     0.156
  5738.902     607.0     1.418    -3.219               7.650
  5738.949 106.00113     2.874    -3.939               3.456
  5738.956      22.1     5.885    -4.811
  5738.983      22.0     3.154    -2.811
  5738.986 106.00113     3.207    -3.852               3.456
  5738.986      63.0     2.411     0.220
  5739.000      22.0     3.166    -2.366
  5739.002 106.00112     2.771    -4.239               3.456
  5739.005 106.00113     3.206    -3.840               3.456
  5739.030      22.0     3.285    -3.479
  5739.049    22.0       2.305    -1.680
  5739.050     607.0     0.302    -3.119               7.650
  5739.058 106.00113     1.483    -4.011               3.456
  5739.084     607.0     0.302    -3.498               7.650
  5739.084 106.00112     3.207    -3.852               3.456
  5739.104      69.1     5.231    -1.650
  5739.124     607.0     0.616    -4.739               7.650
  5739.124     607.0     1.521    -2.178               7.650
  5739.151     607.0     0.266    -3.230               7.650
  5739.168     607.0     0.266    -3.817               7.650
  5739.196      68.0     1.309    -0.179
  5739.203      70.1     7.707    -1.830
  5739.206 106.00113     2.874    -3.926               3.456
  5739.265      24.0     4.416    -2.678
  5739.273     107.0     3.442    -4.401               3.450
  5739.281      58.1     0.318    -3.300
  5739.301     607.0     1.627    -2.398               7.650
  5739.332      21.0     1.448    -2.199
  5739.391      23.0     2.565    -3.552
  5739.398     607.0     1.231    -3.127               7.650
  5739.469      22.0     2.249    -0.600
  5739.470     607.0     1.231    -2.273               7.650
  5739.515     607.0     1.176    -3.449               7.650
  5739.569      70.1     5.450    -3.360
  5739.579      27.0     2.080    -4.574
  5739.589      74.0     3.997    -0.580
  5739.646      42.0     3.390    -1.511
  5739.648      21.1     8.493    -2.366
  5739.671      22.1     8.045    -3.716
  5739.720      76.0     3.173    -1.480
  5739.727      24.1     7.386    -3.610
  5739.753      23.1     9.113    -0.379
  5739.753 106.00112     2.874    -3.926               3.456
  5739.779      26.0     4.191    -2.873
  5739.783 106.00112     2.874    -3.939               3.456
  5739.865      21.0     4.432    -2.177
  5739.865      21.0     4.432    -3.439
  5739.897     607.0     0.247    -3.355               7.650
  5739.925      25.0     5.599    -3.448
  5739.946     607.0     0.404    -3.931               7.650
  5739.950      60.1     1.264    -0.930
  5739.958     607.0     1.204    -4.168               7.650
  5739.978      22.0     2.236    -0.670
  5739.986      26.0     4.580    -2.186
  5739.987      23.0     1.931    -4.258
  5740.027      69.1     3.744    -1.010
  5740.109 106.00112     1.290    -4.445               3.456
  5740.131     607.0     1.309    -3.420               7.650
  5740.135     607.0     1.235    -4.666               7.650
  5740.164      58.1     1.694    -1.390
  5740.188      66.0     2.788     0.840
  5740.215     607.0     1.309    -1.880               7.650
  5740.217      39.0     1.398    -0.920
  5740.264      21.0     4.498    -1.916
  5740.264      27.0     3.713    -4.277
  5740.329      58.1     1.575    -1.330
  5740.402      58.1     1.482    -3.660
  5740.418      69.1     4.174    -2.960
  5740.432      24.0     5.611    -0.965
  5740.452      14.0     5.863    -1.574
  5740.487     607.0     1.282    -2.297               7.650
  5740.594     607.0     0.177    -4.547               7.650
  5740.611      68.0     0.624    -1.312
  5740.643      57.0     0.331    -0.970
  5740.833      69.1     4.847    -0.680
  5740.849     607.0     0.309    -3.084               7.650
  5740.858      60.1     1.160    -0.530
  5740.881      62.0     1.755    -0.039
  5740.885     607.0     0.309    -3.501               7.650
  5740.894     607.0     1.552    -2.517               7.650
  5740.897      23.0     2.582    -3.740
  5740.905     607.0     0.270    -3.159               7.650
  5740.925     607.0     0.270    -3.794               7.650
  5740.963      27.0     4.395    -1.381
  5740.979 106.00112     1.291    -4.361               3.456
  5740.983      69.1     4.914    -2.050
  5740.988     607.0     0.260    -3.801               7.650
  5741.016     607.0     1.396    -1.938               7.650
  5741.018      58.1     1.520    -3.560
  5741.074     607.0     1.552    -4.620               7.650
  5741.139     607.0     1.396    -3.755               7.650
  5741.151      25.1     6.185    -3.979
  5741.159      58.1     1.613    -2.440
  5741.170      90.1     0.868    -1.815
  5741.174      62.0     0.101    -2.016
  5741.200      22.0     2.506    -0.881
  5741.270      60.1     1.490    -0.830
  5741.286      23.0     2.122    -3.758
  5741.309      22.0     2.495    -3.469
  5741.319      24.1     3.871    -4.621
  5741.359      23.0     3.286    -4.714
  5741.390     607.0     0.328    -4.526               7.650
  5741.395      21.0     1.440    -2.066
  5741.397      22.0     3.161    -2.625
  5741.412      20.0     4.443    -3.094
  5741.471      27.0     3.632    -3.067
  5741.474      23.1     9.031     0.080
  5741.480     607.0     0.328    -2.954               7.650
  5741.519      22.0     3.062    -3.573
  5741.580      23.1     4.704    -2.606
  5741.581      58.1     1.706    -1.920
  5741.596 106.00113     1.269    -4.815               3.456
  5741.633      24.0     3.122    -4.821
  5741.673      58.1     2.250    -2.910
  5741.678     607.0     0.461    -3.174               7.650
  5741.695      42.0     3.907    -1.016
  5741.745      23.0     3.099    -1.116
  5741.770      70.1     5.168    -2.710
  5741.785     607.0     0.461    -4.335               7.650
  5741.848    26.0       4.253    -1.673
  5741.880      25.1     6.005    -4.916
  5741.893 106.00113     2.772    -4.256               3.456
  5741.896     607.0     1.246    -2.266               7.650
  5741.926     607.0     1.634    -3.152               7.650
  5741.931      26.1     9.130    -3.303
  5741.994      20.0     5.181    -2.489
  5742.078 106.00113     2.772    -4.239               3.456
  5742.084      90.1     1.670    -1.693
  5742.087      60.1     1.091    -0.830
  5742.219      24.1     7.387    -2.132
  5742.272      58.1     1.355    -2.410
  5742.289      24.0     3.850    -3.225
  5742.305      69.1     4.940    -3.210
  5742.401     607.0     0.266    -3.344               7.650
  5742.414      23.0     3.278    -2.141
  5742.491     607.0     0.270    -3.293               7.650
  5742.527     607.0     0.263    -3.400               7.650
  5742.550      24.0     3.113    -3.172
  5742.553      42.0     3.247    -2.310
  5742.572     607.0     1.388    -2.857               7.650
  5742.592      26.1     9.112    -4.691
  5742.592     607.0     0.416    -3.940               7.650
  5742.646      26.1     8.592    -4.303
  5742.721      24.0     3.890    -3.054
  5742.760      60.1     1.649    -0.740
  5742.780 106.00112     2.772    -4.239               3.456
  5742.784     607.0     1.335    -2.493               7.650
  5742.802     607.0     0.274    -3.246               7.650
  5742.806     607.0     0.274    -3.095               7.650
  5742.816     607.0     0.260    -3.461               7.650
  5742.822     607.0     0.316    -3.052               7.650
  5742.828     607.0     0.274    -3.777               7.650
  5742.861     607.0     0.316    -3.506               7.650
  5742.872      58.1     1.212    -2.490
  5742.896 106.00112     2.772    -4.256               3.456
  5742.922      57.0     0.897    -1.420
  5742.957      69.1     4.531    -3.180
  5742.960      26.0     4.178    -2.640
  5742.981     607.0     1.552    -4.619               7.650
  5742.990      22.0     3.921    -3.397
  5743.018      24.0     5.239    -3.753
  5743.019      58.1     1.838    -2.680
  5743.077 106.00112     1.455    -3.818               3.456
  5743.087      24.0     4.778    -0.972
  5743.137      20.0     5.299    -2.972
  5743.161     607.0     1.552    -2.511               7.650
  5743.166 106.00113     1.270    -4.700               3.456
  5743.189      60.1     1.282    -0.730
  5743.207      26.0     3.635    -3.783
  5743.226      23.1     9.079     0.437
  5743.302     607.0     1.326    -1.880               7.650
  5743.302     607.0     0.279    -3.204               7.650
  5743.310     607.0     0.258    -3.529               7.650
  5743.333      24.0     5.611    -1.797
  5743.350      62.1     1.750    -0.680
  5743.388     607.0     1.326    -3.432               7.650
  5743.412      26.0     4.191    -4.903
  5743.423 106.00112     1.456    -3.750               3.456
  5743.447      23.0     1.081    -0.970
  5743.449      69.1     5.012    -0.660
  5743.494      22.0     3.139    -3.367
  5743.513      27.0     4.395    -1.349
  5743.518     607.0     0.263    -3.693               7.650
  5743.527      58.0     0.302    -0.387
  5743.569      23.0     3.286    -1.677
  5743.579      24.0     5.239    -4.046
  5743.646      58.1     0.122    -2.250
  5743.688      23.0     2.678    -4.218
  5743.694      25.1     6.186    -4.963
  5743.703      20.0     5.300    -2.381
  5743.793 106.00113     1.490    -3.676               3.456
  5743.802      22.0     3.294    -2.280
  5743.861      39.0     2.122    -0.040
  5743.905      58.1     1.404    -3.970
  5743.927     607.0     1.396    -3.753               7.650
  5743.930      24.0     5.615    -0.996
  5743.933      26.0     5.067    -1.381
  5743.998     607.0     0.284    -3.164               7.650
  5743.999     607.0     1.634    -3.146               7.650
  5744.041     607.0     0.256    -3.606               7.650
  5744.050     607.0     1.396    -1.929               7.650
  5744.050 106.00113     1.490    -3.744               3.456
  5744.100     607.0     1.282    -3.466               7.650
  5744.131      60.1     0.745    -1.809
  5744.202 106.00113     3.565    -4.169               3.456
  5744.211     607.0     1.282    -2.290               7.650
  5744.219      58.1     0.900    -1.970
  5744.229     607.0     0.346    -2.954               7.650
  5744.308      14.0     5.863    -3.794
  5744.321     607.0     0.346    -4.537               7.650
  5744.331      24.0     5.239    -3.614
  5744.332      26.0     4.991    -1.486
  5744.384      57.0     0.952    -0.430
  5744.405      58.1     1.582    -1.530
  5744.448     607.0     1.450    -3.488               7.650
  5744.456 106.00112     1.278    -4.597               3.456
  5744.463      22.0     3.215    -1.335
  5744.483      23.1     9.073    -0.870
  5744.625     607.0     0.247    -4.233               7.650
  5744.660      64.0     0.027    -1.847
  5744.674      58.0     1.065    -0.333
  5744.703     607.0     0.247    -3.347               7.650
  5744.726      58.1     2.000    -1.100
  5744.750      23.1     9.036     0.200
  5744.753      60.1     1.349    -1.200
  5744.777      60.1     0.986    -1.048
  5744.813      20.0     5.578    -4.834
  5744.819      69.1     3.936    -3.100
  5744.820 106.00113     3.565    -4.157               3.456
  5744.877     607.0     0.279    -3.038               7.650
  5744.896     607.0     0.289    -3.127               7.650
  5744.902     607.0     0.279    -3.765               7.650
  5744.928      24.0     3.556    -3.280
  5744.939     607.0     0.324    -3.022               7.650
  5744.952     607.0     0.255    -3.692               7.650
  5744.980     607.0     0.324    -3.511               7.650
  5744.993      58.1     3.379    -2.810
  5745.023     607.0     1.388    -4.341               7.650
  5745.047      23.1     9.040    -1.245
  5745.065    22.0       2.318    -1.970
  5745.120      23.0     3.315    -1.257
  5745.190     607.0     1.388    -2.852               7.650
  5745.221     607.0     0.461    -3.160               7.650
  5745.245 106.00113     2.876    -3.926               3.456
  5745.305 106.00113     2.664    -4.207               3.456
  5745.321      24.0     5.239    -3.519
  5745.409     607.0     0.428    -3.948               7.650
  5745.438      26.0     5.352    -4.231
  5745.444      23.0     3.299    -1.455
  5745.493      62.0     1.369    -0.809
  5745.506      20.0     5.490    -3.573
  5745.526      66.0     1.239    -0.850
  5745.543      23.0     2.708    -1.181
  5745.559      70.1     7.370    -2.000
  5745.559 106.00113     2.664    -4.194               3.456
  5745.595 106.00112     1.279    -4.502               3.456
  5745.595 106.00113     2.877    -3.939               3.456
  5745.605      25.0     3.763    -4.818
  5745.606      58.1     1.254    -2.760
  5745.612      44.0     1.125    -3.000
  5745.619     607.0     1.335    -3.848               7.650
  5745.667      69.1     3.328    -3.000
  5745.675      90.1     2.602    -1.153
  5745.724      55.0     1.455    -2.286
  5745.728      23.1     9.089    -0.788
  5745.760     607.0     1.335    -2.488               7.650
  5745.794 106.00112     2.876    -3.926               3.456
  5745.926      21.1     7.222    -4.139
  5745.952      23.1     9.059    -0.877
  5745.980     607.0     0.295    -3.093               7.650
  5745.995      44.0     1.692    -2.080
  5746.012 106.00113     3.136    -3.865               3.456
  5746.056     607.0     0.254    -3.788               7.650
  5746.123      22.0     3.178    -2.198
  5746.220     607.0     0.266    -3.602               7.650
  5746.269      24.0     5.240    -3.397
  5746.320      24.0     3.556    -1.732
  5746.328      22.0     3.867    -3.824
  5746.346      64.0     0.066    -1.175
  5746.349      23.0     2.555    -3.638
  5746.371      70.1     6.660    -1.660
  5746.388 106.00112     3.136    -3.865               3.456
  5746.401     607.0     0.640    -4.745               7.650
  5746.405 106.00113     2.279    -4.321               3.456
  5746.405     607.0     1.547    -2.180               7.650
  5746.408 106.00112     2.664    -4.194               3.456
  5746.412      24.0     3.849    -0.803
  5746.431 106.00112     2.877    -3.939               3.456
  5746.457 106.00112     2.664    -4.207               3.456
  5746.463      58.0     0.467    -1.161
  5746.484      62.0     0.101    -2.409
  5746.489      69.1     4.433    -2.630
  5746.543     607.0     1.547    -3.539               7.650
  5746.566    26.1      10.629    -0.400
  5746.624     607.0     1.246    -3.135               7.650
  5746.666 106.00112     1.483    -4.128               3.456
  5746.675 106.00113     2.279    -4.304               3.456
  5746.689      73.0     3.296    -0.480
  5746.699     607.0     1.246    -2.258               7.650
  5746.702      70.1     5.771    -3.710
  5746.722 106.00113     3.136    -3.852               3.456
  5746.798      25.0     4.685    -3.816
  5746.821 106.00112     3.136    -3.852               3.456
  5746.828      24.0     3.850    -3.938
  5746.866     607.0     1.450    -3.483               7.650
  5746.887     607.0     0.262    -3.340               7.650
  5746.891      20.0     4.441    -1.934
  5746.930     607.0     1.189    -3.456               7.650
  5746.933      58.1     2.473    -1.560
  5746.933 106.00112     1.483    -4.011               3.456
  5747.055      69.1     3.936    -1.840
  5747.079     607.0     0.284    -2.986               7.650
  5747.105     607.0     0.284    -3.758               7.650
  5747.170      20.0     4.780    -0.741
  5747.204      23.0     3.113    -0.280
  5747.238      24.0     3.556    -2.199
  5747.257      74.0     3.804    -0.640
  5747.266     607.0     0.333    -2.993               7.650
  5747.271     607.0     0.302    -3.061               7.650
  5747.273      58.1     3.728    -3.300
  5747.300     7.1      18.497    -1.091
  5747.310     607.0     0.333    -3.517               7.650
  5747.326 106.00112     3.565    -4.169               3.456
  5747.329     607.0     1.326    -3.428               7.650
  5747.365      20.0     5.390    -4.411
  5747.371     607.0     0.253    -3.889               7.650
  5747.389      70.1     6.020    -3.510
  5747.415     607.0     1.326    -1.868               7.650
  5747.458      26.0     4.559    -3.147
  5747.485      44.0     2.683    -1.280
  5747.616     607.0     0.190    -4.555               7.650
  5747.658      42.0     3.212    -1.421
  5747.667      14.0     5.614    -1.543
  5747.703      23.0     2.374    -2.849
  5747.759      59.0     1.002    -0.329
  5747.773      24.0     4.416    -3.112
  5747.808      24.0     3.892    -1.556
  5747.830      58.1     2.004    -2.280
  5747.836      26.0     4.435    -2.787
  5747.837      26.1     7.604    -4.722
  5747.857     607.0     1.198    -3.788               7.650
  5747.884      26.1     5.571    -2.949
  5747.885      24.1     8.348    -2.705
  5747.908 106.00112     3.565    -4.157               3.456
  5747.948      59.1     0.630    -1.631
  5747.954      26.0     4.607    -1.560
  5747.971 106.00112     2.279    -4.304               3.456
  5747.974      23.1     9.079    -0.297
  5748.014 106.00112     2.279    -4.321               3.456
  5748.023      69.1     4.684    -1.850
  5748.070      62.0     1.713     0.038
  5748.105     607.0     0.346    -4.534               7.650
  5748.106      92.1     0.000    -3.032
  5748.144      60.1     0.745    -1.373
  5748.175      26.0     5.012    -3.733
  5748.186      58.1     1.914    -1.770
  5748.197     607.0     0.346    -2.942               7.650
  5748.267      58.0     0.889    -0.831
  5748.278 106.00113     3.381    -4.437               3.456
  5748.337      26.0     4.956    -3.057
  5748.346      28.0     1.676    -3.260
  5748.374      20.1     8.763    -0.978
  5748.411     607.0     0.441    -3.957               7.650
  5748.448      92.1     1.026    -2.299
  5748.467      23.0     2.379    -0.867
  5748.509 106.00113     3.382    -4.426               3.456
  5748.512     607.0     0.255    -3.888               7.650
  5748.518     607.0     0.255    -3.707               7.650
  5748.589      21.0     5.469    -3.609
  5748.628      23.1     9.031    -3.365
  5748.641     607.0     0.254    -3.939               7.650
  5748.641     607.0     0.256    -3.841               7.650
  5748.645      68.0     0.863    -0.844
  5748.645     607.0     0.254    -3.962               7.650
  5748.649     607.0     0.256    -3.544               7.650
  5748.691      26.1     7.693    -4.238
  5748.711      72.0     3.073    -0.830
  5748.721     607.0     0.482    -3.163               7.650
  5748.724     607.0     0.309    -3.031               7.650
  5748.741      90.0     0.789    -2.078
  5748.799      58.1     1.406    -2.890
  5748.814      23.0     2.359    -2.270
  5748.830     607.0     0.482    -4.342               7.650
  5748.896      23.0     1.893    -0.850
  5748.938      58.0     0.467    -0.973
  5748.944     607.0     0.258    -3.804               7.650
  5748.955     607.0     0.258    -3.421               7.650
  5748.966 106.00113     3.567    -4.157               3.456
  5749.020      60.1     0.859    -1.410
  5749.026     607.0     0.270    -3.523               7.650
  5749.098      23.0     1.712    -3.918
  5749.180      58.1     4.173    -2.010
  5749.183      60.0     1.051     0.280
  5749.200      74.0     3.792    -0.340
  5749.220      23.1     9.069    -1.344
  5749.274     607.0     1.659    -2.399               7.650
  5749.283 106.00113     3.567    -4.169               3.456
  5749.299      28.0     3.941    -1.970
  5749.388      90.1     0.231    -1.984
  5749.389      64.1     1.314    -1.270
  5749.415 106.00112     1.269    -4.815               3.456
  5749.416      26.0     3.640    -3.813
  5749.419     607.0     1.547    -2.171               7.650
  5749.420     607.0     1.261    -2.251               7.650
  5749.428      26.0     5.070    -3.937
  5749.435      70.1     7.211    -2.690
  5749.442     607.0     1.659    -3.908               7.650
  5749.459     607.0     0.289    -2.939               7.650
  5749.488     607.0     0.289    -3.753               7.650
  5749.488     607.0     0.260    -3.776               7.650
  5749.501     607.0     0.260    -3.321               7.650
  5749.637      26.0     4.434    -3.070
  5749.646     607.0     1.761    -2.776               7.650
  5749.654      60.0     0.000    -0.967
  5749.689      24.0     3.122    -4.916
  5749.710      23.1     9.079     0.758
  5749.720      69.0     2.355    -1.960
  5749.751     607.0     0.341    -2.967               7.650
  5749.797     607.0     0.341    -3.524               7.650
  5749.809      23.1     9.086    -0.441
  5749.817      22.0     2.345    -3.131
  5749.840     607.0     1.761    -4.392               7.650
  5749.870      26.1     9.100    -3.344
  5749.898      70.1     6.076    -0.440
