DEIMOS
  5800.029      26.1     5.569    -3.967
  5800.080      60.0     0.456    -0.410
  5800.143      26.1     7.517    -4.710
  5800.212 106.00113     3.640    -4.624               3.456
  5800.226    56.0       1.676    -0.200
  5800.232       6.0     7.946    -2.802
  5800.242      14.0     7.996    -4.692
  5800.249     607.0     1.690    -2.494               7.650
  5800.269      63.0     1.708    -0.510
  5800.270      63.0     1.708    -0.510
  5800.313 106.00113     2.167    -4.336               3.456
  5800.343 106.00113     2.167    -4.355               3.456
  5800.392      58.1     0.740    -3.700
  5800.439      42.0     2.496    -1.503
  5800.442     607.0     1.690    -4.637               7.650
  5800.528      62.0     1.624     0.258
  5800.578      58.1     1.855    -2.790
  5800.582      76.0     1.887    -2.070
  5800.602       6.0     7.946    -2.338
  5800.635      20.0     5.390    -2.908
  5800.769     607.0     0.416    -2.536               7.650
  5800.786      68.0     0.624    -1.020
  5800.791 106.00113     2.514    -4.236               3.456
  5800.832     607.0     0.416    -3.829               7.650
  5800.855 106.00112     3.641    -4.612               3.456
  5800.860     607.0     0.360    -2.972               7.650
  5800.884      26.1     9.100    -4.729
  5800.918     607.0     0.482    -4.589               7.650
  5800.925      20.0     5.578    -4.690
  5800.957      24.0     5.239    -3.864
  5801.023 106.00113     2.514    -4.221               3.456
  5801.029     607.0     0.482    -2.865               7.650
  5801.046      70.1     5.572    -1.930
  5801.103      24.0     4.449    -3.938
  5801.123      69.1     4.988    -2.500
  5801.131      70.1     7.275    -1.000
  5801.140      69.0     2.355    -2.040
  5801.185      58.1     0.812    -2.160
  5801.185      24.0     3.850    -1.068
  5801.212 106.00112     3.641    -4.624               3.456
  5801.245      62.0     1.679    -0.319
  5801.250      22.0     3.166    -3.012
  5801.262 106.00113     3.640    -4.612               3.456
  5801.269      23.0     3.116    -2.214
  5801.270      64.1     1.584    -1.660
  5801.271      26.0     5.100    -2.393
  5801.305     607.0     0.382    -3.246               7.650
  5801.406      42.0     3.675    -1.465
  5801.488      70.1     7.520    -2.300
  5801.507      70.1     5.856    -0.660
  5801.616      62.1     1.359    -1.632
  5801.627     607.0     0.404    -3.812               7.650
  5801.670      72.1     2.196    -2.230
  5801.688     607.0     0.404    -2.536               7.650
  5801.700 106.00113     2.663    -3.982               3.456
  5801.717      23.0     3.080    -3.090
  5801.752    19.0       1.617    -1.605
  5801.815      20.0     5.321    -3.074
  5801.826      26.0     4.985    -4.719
  5801.864     607.0     1.518    -2.832               7.650
  5801.892      23.1     9.045    -0.912
  5801.913      24.0     5.239    -4.162
  5801.922 106.00113     2.663    -3.968               3.456
  5802.065     607.0     0.316    -3.881               7.650
  5802.106      92.0     1.007    -0.875
  5802.134 106.00113     2.965    -4.781               3.456
  5802.135      22.0     3.161    -2.473
  5802.239     607.0     1.690    -4.635               7.650
  5802.245      21.0     2.296    -1.823
  5802.262 106.00112     2.167    -4.336               3.456
  5802.289 106.00113     2.964    -4.765               3.456
  5802.300     607.0     0.294    -4.611               7.650
  5802.346       6.0     8.851    -3.930
  5802.363      69.1     4.435    -2.510
  5802.432     607.0     1.690    -2.488               7.650
  5802.501 106.00112     2.514    -4.221               3.456
  5802.562 106.00112     2.514    -4.236               3.456
  5802.589 106.00112     2.167    -4.355               3.456
  5802.671      42.0     2.523    -1.619
  5802.771    26.1      10.678    -0.450
  5802.804      27.1     8.423    -4.433
  5802.811      26.1     7.558    -4.523
  5802.815      22.0     3.559    -3.112
  5802.819     607.0     1.304    -3.823               7.650
  5802.835      62.0     0.282    -1.046
  5802.858 106.00113     3.550    -4.158               3.456
  5802.906      64.0     0.000    -1.795
  5802.925     607.0     0.498    -2.698               7.650
  5802.944     607.0     0.351    -3.527               7.650
  5802.946      15.0     7.176    -4.160
  5802.969      69.1     3.349    -2.720
  5802.993     607.0     0.351    -2.989               7.650
  5803.038     607.0     0.820    -4.787               7.650
  5803.070 106.00112     2.964    -4.765               3.456
  5803.128     607.0     1.361    -3.190               7.650
  5803.141      65.1     1.396    -0.381
  5803.195      21.0     5.661    -2.656
  5803.208 106.00112     2.965    -4.781               3.456
  5803.209      21.0     2.564    -3.868
  5803.209      23.0     2.379    -3.046
  5803.215      24.0     4.535    -3.752
  5803.221     607.0     1.361    -2.165               7.650
  5803.236      58.1     1.828    -1.140
  5803.283     607.0     0.513    -2.704               7.650
  5803.343 106.00112     2.663    -3.968               3.456
  5803.363     607.0     0.513    -3.641               7.650
  5803.394 106.00112     2.663    -3.982               3.456
  5803.422      26.0     4.652    -4.831
  5803.435      70.0     3.494    -0.719
  5803.545 106.00113     3.550    -4.169               3.456
  5803.559      14.0     5.616    -1.729
  5803.600     607.0     0.640    -3.099               7.650
  5803.623     607.0     1.457    -3.481               7.650
  5803.662      26.0     5.314    -4.709
  5803.729     607.0     1.457    -1.791               7.650
  5803.729     607.0     0.640    -4.389               7.650
  5803.731      20.0     4.877    -3.369
  5803.756      28.0     5.004    -2.550
  5803.862      23.1     9.089     0.190
  5803.960      42.0     3.201    -1.752
  5804.000      60.1     0.745    -0.530
  5804.010      41.0     1.079    -1.220
  5804.034      26.0     3.881    -2.420
  5804.043      20.0     5.181    -4.123
  5804.118      24.0     4.096    -4.009
  5804.127      20.0     5.921    -3.049
  5804.141      90.0     0.000    -2.322
  5804.142      23.1     9.054    -0.999
  5804.153      58.1     1.495    -1.900
  5804.208     607.0     0.651    -4.062               7.650
  5804.250 106.00112     3.630    -3.815               3.456
  5804.259      22.0     3.337     0.710
  5804.279     607.0     1.518    -4.359               7.650
  5804.353      24.0     3.847    -2.735
  5804.364      44.0     2.900    -1.070
  5804.385      20.0     4.877    -2.857
  5804.401 106.00113     3.641    -4.624               3.456
  5804.405      28.0     4.167    -3.105
  5804.429      58.0     0.302    -0.396
  5804.448 106.00112     3.694    -3.804               3.456
  5804.460     607.0     1.518    -2.827               7.650
  5804.463      26.0     4.283    -2.170
  5804.472 106.00113     2.869    -3.922               3.456
  5804.472 106.00113     3.641    -4.612               3.456
  5804.475 106.00112     3.550    -4.158               3.456
  5804.691 106.00112     1.394    -3.649               3.456
  5804.809      23.0     2.616    -4.484
  5804.812 106.00113     2.913    -4.797               3.456
  5804.821     607.0     1.586    -2.033               7.650
  5804.833 106.00113     3.221    -4.450               3.456
  5804.840      66.0     1.569    -2.200
  5804.846      74.0     3.252    -0.350
  5804.897 106.00112     3.630    -3.804               3.456
  5804.913      26.1     5.571    -3.984
  5804.924     607.0     1.293    -3.510               7.650
  5804.943     607.0     1.587    -3.273               7.650
  5804.973      58.1     0.902    -2.130
  5805.005 106.00112     1.395    -3.575               3.456
  5805.062      25.1     6.133    -4.157
  5805.082 106.00113     2.869    -3.907               3.456
  5805.084     607.0     1.335    -4.197               7.650
  5805.112       6.0     8.851    -2.930
  5805.112      22.0     3.215    -2.908
  5805.139 106.00112     3.694    -3.793               3.456
  5805.193      92.0     0.743    -1.697
  5805.200       6.0     7.946    -2.682
  5805.213      28.0     4.167    -0.640
  5805.287     607.0     0.382    -4.298               7.650
  5805.310      69.1     3.958    -3.510
  5805.311 106.00113     3.630    -3.815               3.456
  5805.325 106.00112     3.550    -4.169               3.456
  5805.369 106.00113     2.913    -4.780               3.456
  5805.372      69.1     5.188    -0.710
  5805.386     607.0     0.382    -3.239               7.650
  5805.396 106.00112     3.565    -3.827               3.456
  5805.403      58.1     3.161    -0.800
  5805.429 106.00113     3.221    -4.461               3.456
  5805.678      56.0     1.190    -0.850
  5805.688      20.0     5.921    -2.684
  5805.699      23.0     3.406    -2.873
  5805.757      26.0     5.033    -1.720
  5805.761      24.0     4.613    -2.607
  5805.769     607.0     0.428    -2.517               7.650
  5805.770      57.1     0.126    -1.560
  5805.772     607.0     0.503    -2.865               7.650
  5805.807 106.00113     3.694    -3.804               3.456
  5805.807       6.0     8.848    -2.636
  5805.818      26.0     4.988    -1.823
  5805.835     607.0     0.428    -3.838               7.650
  5805.873      22.0     3.569    -3.097
  5805.886     607.0     0.503    -4.598               7.650
  5805.905      23.0     2.379    -3.776
  5805.935 106.00112     2.869    -3.922               3.456
  5805.938 106.00112     3.699    -4.613               3.456
  5805.989      20.0     4.878    -2.879
  5806.002 106.00112     3.565    -3.815               3.456
  5806.040      74.0     2.267    -1.840
  5806.040      26.0     4.913    -4.149
  5806.069     607.0     0.371    -2.947               7.650
  5806.101      68.0     1.870    -0.292
  5806.107 106.00113     1.424    -3.574               3.456
  5806.149     607.0     1.420    -2.242               7.650
  5806.164 106.00113     3.565    -3.827               3.456
  5806.166      58.1     1.962    -0.920
  5806.171 106.00112     2.913    -4.797               3.456
  5806.172      42.0     2.758    -1.998
  5806.229      26.0     4.607    -4.600
  5806.245      23.0     1.955    -1.840
  5806.252 106.00112     1.290    -4.393               3.456
  5806.255 106.00113     3.630    -3.804               3.456
  5806.271     607.0     0.416    -3.822               7.650
  5806.275      14.0     4.930    -2.991
  5806.280      90.1     1.559    -1.962
  5806.283     607.0     1.547    -1.889               7.650
  5806.286 106.00112     2.869    -3.907               3.456
  5806.288      69.1     2.725    -2.740
  5806.323      21.0     3.189    -1.274
  5806.335     607.0     0.416    -2.518               7.650
  5806.353      26.0     3.415    -4.944
  5806.387      27.0     3.530    -2.614
  5806.390      23.0     3.545    -1.970
  5806.397 106.00113     1.424    -3.501               3.456
  5806.424     607.0     1.547    -3.791               7.650
  5806.444 106.00112     2.913    -4.780               3.456
  5806.457      58.1     2.008    -2.460
  5806.465      58.1     1.482    -1.850
  5806.524      69.1     4.914    -1.620
  5806.593      25.0     4.258    -3.699
  5806.599 106.00112     3.699    -4.602               3.456
  5806.603      69.1     5.104    -1.360
  5806.627      26.0     4.913    -2.215
  5806.666     607.0     0.640    -3.088               7.650
  5806.678      42.0     3.318    -1.365
  5806.707      23.1     9.059    -1.531
  5806.725      26.0     4.607    -1.180
  5806.730      22.0     3.546    -3.948
  5806.734      21.1     1.357    -3.018
  5806.765      62.0     1.624    -0.375
  5806.798 106.00113     3.694    -3.793               3.456
  5806.893      45.0     1.833    -1.340
  5806.943      25.1     6.128    -3.830
  5806.979      69.1     4.778    -1.660
  5807.001      69.1     5.004    -1.270
  5807.018      26.1     7.806    -2.192
  5807.024      64.1     1.570    -1.190
  5807.045      24.0     5.900    -1.241
  5807.061 106.00112     3.221    -4.450               3.456
  5807.065 106.00113     3.565    -3.815               3.456
  5807.085      23.0     3.087     0.293
  5807.119      22.0     3.154    -1.813
  5807.128      20.0     5.390    -2.147
  5807.136     607.0     0.324    -3.882               7.650
  5807.139 106.00112     1.291    -4.236               3.456
  5807.186      27.0     5.111    -2.122
  5807.255      22.0     3.179    -2.178
  5807.418      22.0     3.458    -1.606
  5807.421      58.1     1.123    -2.120
  5807.446 106.00113     2.517    -4.221               3.456
  5807.500      70.1     7.393    -1.940
  5807.510      25.1     6.573    -4.726
  5807.520      59.1     1.196    -1.360
  5807.618 106.00113     2.665    -3.968               3.456
  5807.665      26.1     7.988    -2.577
  5807.707      64.0     0.841    -0.964
  5807.718     607.0     0.360    -3.534               7.650
  5807.736      24.0     3.104    -3.517
  5807.740 106.00113     2.517    -4.236               3.456
  5807.769     607.0     0.360    -2.962               7.650
  5807.773 106.00112     3.501    -3.838               3.456
  5807.783      26.0     3.292    -3.540
  5807.797      21.0     3.619    -2.305
  5807.839     607.0     0.513    -2.684               7.650
  5807.844 106.00112     3.221    -4.461               3.456
  5807.854      70.1     6.651    -1.330
  5807.898      69.1     5.104    -0.930
  5807.915 106.00113     2.666    -3.982               3.456
  5807.945      23.1     9.103    -0.684
  5807.976      26.0     4.607    -2.600
  5808.068     607.0     1.788    -3.131               7.650
  5808.077     607.0     1.380    -2.160               7.650
  5808.161     607.0     1.476    -2.457               7.650
  5808.201      22.0     3.337    -0.542
  5808.226      42.0     1.420    -2.910
  5808.256 106.00113     3.501    -3.838               3.456
  5808.263      23.1     7.951    -2.401
  5808.267     607.0     1.587    -2.022               7.650
  5808.313      57.1     0.000    -2.178
  5808.325      22.0     3.199    -0.779
  5808.344 106.00112     3.501    -3.827               3.456
  5808.435      23.1     9.054    -1.237
  5808.468     607.0     0.529    -2.690               7.650
  5808.526 106.00113     2.914    -4.797               3.456
  5808.545      58.1     2.915    -1.210
  5808.551     607.0     0.529    -3.649               7.650
  5808.661      70.1     5.912    -1.110
  5808.691 106.00113     2.914    -4.780               3.456
  5808.698      24.0     4.446    -4.202
  5808.742 106.00113     1.305    -4.274               3.456
  5808.816 106.00113     2.519    -4.255               3.456
  5808.897 106.00112     3.696    -3.793               3.456
  5808.917 106.00112     3.631    -3.804               3.456
  5808.927 106.00112     2.517    -4.221               3.456
  5808.932      58.1     1.149    -3.480
  5808.958      23.0     2.608    -3.035
  5808.971      23.1     9.079    -1.453
  5809.042 106.00112     2.665    -3.968               3.456
  5809.059     607.0     1.547    -3.789               7.650
  5809.113 106.00113     3.501    -3.827               3.456
  5809.118      20.0     3.910    -1.073
  5809.118      20.0     3.910    -1.294
  5809.127      22.0     3.458    -2.373
  5809.145      20.0     3.910    -1.772
  5809.156      26.0     3.695    -3.273
  5809.198      64.0     1.965     0.146
  5809.200     607.0     1.547    -1.882               7.650
  5809.217      26.0     3.883    -1.970
  5809.222     607.0     0.503    -4.596               7.650
  5809.230      60.1     0.680    -1.710
  5809.272 106.00112     3.696    -3.804               3.456
  5809.278 106.00112     3.632    -3.815               3.456
  5809.326 106.00113     2.519    -4.275               3.456
  5809.333     607.0     1.420    -3.505               7.650
  5809.336     607.0     0.503    -2.856               7.650
  5809.338      22.0     1.734    -3.562
  5809.417 106.00113     1.306    -4.149               3.456
  5809.446      58.1     2.885    -1.010
  5809.461     607.0     1.420    -2.236               7.650
  5809.515 106.00112     2.517    -4.236               3.456
  5809.525      72.1     1.482    -2.370
  5809.525      27.0     4.259    -2.440
  5809.538 106.00112     3.700    -4.602               3.456
  5809.549      24.1     6.484    -3.318
  5809.562 106.00113     3.699    -4.613               3.456
  5809.579      24.1     6.282    -4.722
  5809.613 106.00112     2.666    -3.982               3.456
  5809.637     607.0     1.627    -4.154               7.650
  5809.755      25.1     8.129    -3.045
  5809.768 106.00112     2.914    -4.780               3.456
  5809.787      22.0     1.053    -2.321
  5809.806     607.0     1.627    -2.107               7.650
  5809.828     607.0     0.670    -4.069               7.650
  5809.835      69.1     3.824    -1.910
  5809.862      58.1     1.546    -3.260
  5809.869      25.0     5.087    -2.108
  5809.880     607.0     0.401    -3.234               7.650
  5809.881      26.0     4.283    -3.604
  5809.886 106.00112     2.914    -4.797               3.456
  5809.920 106.00112     3.700    -4.613               3.456
  5809.949      69.1     4.940    -2.520
  5809.972      26.0     3.573    -4.605
  5810.001      26.0     4.988    -4.068
  5810.082      26.1     5.361    -4.504
  5810.123     607.0     1.788    -3.126               7.650
  5810.177 106.00113     2.871    -3.922               3.456
  5810.237 106.00112     3.567    -3.815               3.456
  5810.237 106.00113     2.871    -3.907               3.456
  5810.243     8.1      26.379    -1.974
  5810.264      23.1     9.079    -1.204
  5810.278 106.00113     3.631    -3.804               3.456
  5810.285       6.0     8.847    -4.820
  5810.332      23.1     7.942    -2.466
  5810.342 106.00113     3.632    -3.815               3.456
  5810.359      24.0     5.905    -1.203
  5810.499      28.0     4.154    -4.320
  5810.545      23.1     9.073    -0.139
  5810.547     607.0     1.596    -3.465               7.650
  5810.558 106.00113     3.696    -3.793               3.456
  5810.585      59.1     1.440    -0.695
  5810.585 106.00112     3.567    -3.827               3.456
  5810.632 106.00113     3.696    -3.804               3.456
  5810.666 106.00113     3.699    -4.602               3.456
  5810.722      58.0     0.999     0.055
  5810.737      25.1     6.834    -3.040
  5810.768      14.0     5.863    -1.469
  5810.855     607.0     1.476    -3.875               7.650
  5810.862      23.1     4.704    -4.465
  5810.927     607.0     0.311    -4.619               7.650
  5810.967     607.0     0.441    -2.500               7.650
  5811.013     607.0     1.476    -2.452               7.650
  5811.016    27.1      11.622    -0.230
  5811.036     607.0     0.441    -3.846               7.650
  5811.055      24.0     4.099    -3.208
  5811.065      27.0     2.042    -3.846
  5811.092 106.00113     3.471    -4.181               3.456
  5811.095      73.0     0.491    -1.930
  5811.098     607.0     0.428    -3.831               7.650
  5811.122      23.0     3.079    -0.412
  5811.139      70.1     6.954    -1.370
  5811.150      24.0     4.778    -2.135
  5811.164     607.0     0.428    -2.500               7.650
  5811.166      69.1     2.606    -1.170
  5811.175      26.0     4.733    -4.575
  5811.207 106.00112     2.519    -4.255               3.456
  5811.238      24.0     4.447    -4.395
  5811.266      92.1     1.055    -1.438
  5811.267 106.00113     2.297    -4.304               3.456
  5811.284 106.00112     3.436    -3.851               3.456
  5811.301 106.00113     3.567    -3.815               3.456
  5811.345 106.00113     3.471    -4.170               3.456
  5811.354      69.1     4.606    -3.090
  5811.355 106.00113     3.567    -3.827               3.456
  5811.380      58.1     1.706    -3.430
  5811.443 106.00112     2.871    -3.907               3.456
  5811.460     607.0     0.381    -2.924               7.650
  5811.467 106.00112     2.519    -4.275               3.456
  5811.487 106.00113     3.436    -3.851               3.456
  5811.541      25.0     4.258    -2.465
  5811.570      60.1     0.859    -0.860
  5811.586      22.0     1.734    -4.567
  5811.614      26.0     4.638    -3.267
  5811.619      23.0     1.945    -4.194
  5811.634    26.1      10.678    -0.610
  5811.642 106.00112     2.871    -3.922               3.456
  5811.669    27.1      11.622     0.260
  5811.674      26.0     4.209    -4.189
  5811.695      26.0     4.209    -2.703
  5811.791 106.00113     2.297    -4.298               3.456
  5811.818 106.00112     3.436    -3.839               3.456
  5811.839      58.0     0.911    -0.731
  5811.915      26.0     4.143    -2.560
  5811.918      70.1     6.354    -1.090
  5811.919 106.00113     2.520    -4.255               3.456
  5811.963     607.0     0.848    -4.792               7.650
  5811.972      69.1     4.162    -2.670
  5812.021      23.0     3.286    -4.513
  5812.043      22.0     3.108    -4.019
  5812.054     607.0     1.380    -3.198               7.650
  5812.078 106.00113     2.864    -4.814               3.456
  5812.132      23.0     4.087    -2.819
  5812.146      24.1     6.282    -3.804
  5812.149      19.0     1.610    -2.250
  5812.149     607.0     1.380    -2.153               7.650
  5812.156 106.00113     2.520    -4.275               3.456
  5812.183      24.1     6.484    -4.510
  5812.258     607.0     0.665    -3.091               7.650
  5812.301 106.00113     3.436    -3.839               3.456
  5812.390     607.0     0.665    -4.395               7.650
  5812.412     607.0     0.333    -3.884               7.650
  5812.445      26.0     4.559    -4.207
  5812.498      42.0     3.223    -2.003
  5812.560     607.0     1.478    -3.488               7.650
  5812.586      58.1     2.250    -3.750
  5812.616 106.00113     2.864    -4.796               3.456
  5812.644      22.0     1.046    -3.960
  5812.669     607.0     1.478    -1.781               7.650
  5812.698     607.0     0.371    -3.542               7.650
  5812.718       6.0     8.851    -2.160
  5812.727      22.0     3.551    -2.675
  5812.729      69.1     4.708    -0.220
  5812.752     607.0     0.371    -2.938               7.650
  5812.754 106.00112     3.502    -3.827               3.456
  5812.802      23.1     9.103    -2.377
  5812.822      22.0     3.319    -0.759
  5812.915      58.0     0.552    -0.048
  5812.936     607.0     1.596    -3.461               7.650
  5812.938     607.0     0.529    -2.671               7.650
  5813.041 106.00112     3.471    -4.181               3.456
  5813.046      26.1     6.209    -3.019
  5813.075      23.1     9.073    -0.539
  5813.081      14.0     5.619    -1.371
  5813.085 106.00112     3.503    -3.838               3.456
  5813.129 106.00112     3.471    -4.170               3.456
  5813.294      58.1     4.192    -2.850
  5813.332      26.0     4.191    -4.039
  5813.335      58.1     4.322    -2.320
  5813.346      24.1     9.102    -2.006
  5813.436      69.1     4.647    -1.560
  5813.508       6.0     8.847    -2.734
  5813.508      23.1     7.971    -4.185
  5813.525 106.00113     3.502    -3.827               3.456
  5813.549 106.00113     3.700    -4.613               3.456
  5813.559      25.0     5.133    -3.831
  5813.566      59.1     1.365    -0.937
  5813.569 106.00113     3.503    -3.838               3.456
  5813.582      70.1     5.572    -1.890
  5813.609 106.00113     3.700    -4.602               3.456
  5813.667 106.00113     1.656    -3.383               3.456
  5813.677      26.1     5.571    -2.750
  5813.680      26.0     4.985    -3.580
  5813.684      58.1     4.489    -3.850
  5813.695      24.0     2.987    -3.906
  5813.714 106.00112     2.864    -4.814               3.456
  5813.721      23.0     1.931    -3.154
  5813.750      66.0     1.930    -1.720
  5813.770      26.1     7.118    -4.029
  5813.775     607.0     0.401    -4.306               7.650
  5813.802 106.00112     2.297    -4.304               3.456
  5813.820      92.0     0.743    -1.698
  5813.825      26.1     7.773    -1.844
  5813.847      42.0     4.900    -0.310
  5813.877     607.0     0.401    -3.227               7.650
  5813.896     607.0     0.545    -2.677               7.650
  5813.907      22.0     3.460    -3.630
  5813.947      22.0     1.067    -0.992
  5813.964      23.0     4.065    -3.997
  5813.978 106.00112     2.864    -4.796               3.456
  5813.980     607.0     0.545    -3.657               7.650
  5813.995      28.1     6.728    -3.189
  5814.008      26.0     5.086    -2.312
  5814.019     607.0     1.610    -2.024               7.650
  5814.066 106.00112     2.297    -4.298               3.456
  5814.067     607.0     1.309    -3.518               7.650
  5814.120 106.00112     1.424    -3.574               3.456
  5814.145     607.0     1.610    -3.279               7.650
  5814.235 106.00113     1.656    -3.451               3.456
  5814.299 106.00112     2.520    -4.275               3.456
  5814.313 106.00112     2.520    -4.255               3.456
  5814.338      68.0     2.206    -0.189
  5814.349      26.0     4.580    -2.966
  5814.371     607.0     0.525    -2.856               7.650
  5814.384 106.00112     1.424    -3.501               3.456
  5814.393      58.1     4.192    -1.540
  5814.417      92.0     0.480    -2.045
  5814.441      58.1     1.319    -3.310
  5814.472       6.0     8.848    -4.210
  5814.472     607.0     1.326    -3.829               7.650
  5814.487     607.0     0.525    -4.605               7.650
  5814.502      22.1     1.584    -4.326
  5814.577      23.1     9.103    -0.044
  5814.580      27.0     2.871    -3.919
  5814.583 106.00113     2.298    -4.304               3.456
  5814.654      26.0     5.273    -4.167
  5814.658      21.0     3.189    -4.097
  5814.700     607.0     1.388    -4.690               7.650
  5814.759      70.1     7.166    -1.940
  5814.776      23.0     2.130    -1.476
  5814.807      26.0     4.283    -2.100
  5814.840 106.00113     2.298    -4.298               3.456
  5814.911      62.0     1.473    -0.018
  5814.979      44.0     1.131    -1.940
  5815.020      23.0     2.575    -4.123
  5815.118      24.0     4.616    -3.875
  5815.123      20.0     5.453    -4.998
  5815.149      24.0     3.079    -4.620
  5815.165      59.1     1.050    -0.381
  5815.185      69.1     4.481    -2.040
  5815.217      26.0     4.154    -2.750
  5815.223      26.0     4.593    -2.888
  5815.225     607.0     0.665    -3.080               7.650
  5815.327      41.0     1.490    -1.900
  5815.331      59.1     1.590     0.271
  5815.419      25.1     6.834    -3.560
  5815.422      90.1     0.231    -1.901
  5815.439      21.1     8.493    -2.213
  5815.467      58.0     0.493    -1.145
  5815.513      26.0     4.294    -4.689
  5815.584      22.0     3.559    -3.201
  5815.605 106.00113     2.865    -4.814               3.456
  5815.626      26.0     4.956    -1.641
  5815.637     607.0     0.690    -4.077               7.650
  5815.725      42.0     3.717    -1.120
  5815.727      58.1     1.013    -2.860
  5815.747 106.00113     3.372    -3.864               3.456
  5815.750      69.1     4.856    -2.310
  5815.754      58.1     0.446    -3.260
  5815.756     607.0     1.725    -2.488               7.650
  5815.781 106.00113     2.865    -4.796               3.456
  5815.821 106.00112     3.372    -3.864               3.456
  5815.830      64.1     1.584    -1.050
  5815.865      24.0     3.847    -2.182
  5815.916      75.0     2.149    -2.290
  5815.953     607.0     1.725    -4.641               7.650
  5816.049      26.0     4.220    -2.332
  5816.061      26.0     4.294    -2.430
  5816.112     607.0     0.441    -3.840               7.650
  5816.139      69.1     4.708    -1.460
  5816.181     607.0     0.441    -2.483               7.650
  5816.183      21.0     2.569    -3.918
  5816.322      69.1     5.004    -3.880
  5816.325 106.00112     3.372    -3.851               3.456
  5816.339      62.0     1.369    -0.694
  5816.343     607.0     0.455    -2.483               7.650
  5816.363 106.00112     3.438    -3.839               3.456
  5816.373    26.0       4.545    -0.601
  5816.384      20.0     5.585    -4.727
  5816.407      23.1     9.089    -1.734
  5816.414     607.0     0.455    -3.855               7.650
  5816.444      23.1     9.073    -1.563
  5816.458      69.0     2.040    -1.021
  5816.512      73.0     3.322    -0.420
  5816.528 106.00113     3.372    -3.851               3.456
  5816.650      69.0     2.414    -2.120
  5816.681 106.00112     3.438    -3.851               3.456
  5816.700    27.1      11.700     0.200
  5816.711      20.1     9.235    -2.855
  5816.766      24.0     5.239    -3.347
  5816.771    38.0       2.498    -2.120
  5816.772      92.0     1.276    -1.172
  5816.784      24.0     5.615    -2.029
  5816.820      58.1     1.676    -3.320
  5816.837      22.0     3.166    -3.392
  5816.837      25.0     4.258    -1.037
  5816.840      20.0     5.586    -4.308
  5816.847 106.00113     3.438    -3.839               3.456
  5816.880      69.1     5.147    -1.760
  5816.884 106.00113     3.438    -3.851               3.456
  5816.966      22.0     3.305    -2.463
  5817.004      22.0     3.460    -4.160
  5817.012     607.0     0.392    -2.901               7.650
  5817.046 106.00112     1.305    -4.274               3.456
  5817.076      26.0     4.956    -2.490
  5817.077      23.0     1.893    -1.045
  5817.091      42.0     3.443    -1.645
  5817.105      24.0     5.239    -3.194
  5817.108      58.1     1.959    -1.050
  5817.117 106.00112     2.298    -4.298               3.456
  5817.121 106.00112     2.298    -4.304               3.456
  5817.144 106.00112     2.865    -4.796               3.456
  5817.192      69.1     4.531    -2.790
  5817.209      25.0     6.389    -1.120
  5817.238      69.1     5.104    -1.450
  5817.243 106.00112     2.865    -4.814               3.456
  5817.273     607.0     1.398    -2.149               7.650
  5817.363     607.0     1.552    -2.826               7.650
  5817.371 106.00113     1.456    -3.501               3.456
  5817.392      24.1     6.487    -4.320
  5817.396     607.0     1.610    -2.013               7.650
  5817.466      72.0     1.790    -1.930
  5817.469      69.1     4.265    -2.950
  5817.490      23.0     3.099     0.434
  5817.537      24.0     5.239    -3.755
  5817.541      21.0     3.101    -1.471
  5817.614      69.1     4.459    -1.390
  5817.625 106.00113     1.456    -3.429               3.456
  5817.650      58.1     3.750    -3.090
  5817.656      24.0     3.890    -4.215
  5817.697       6.0     8.848    -2.859
  5817.734      90.1     0.510    -2.785
  5817.745     607.0     1.725    -4.639               7.650
  5817.746     607.0     0.525    -4.603               7.650
  5817.750 106.00113     3.474    -4.170               3.456
  5817.764 106.00112     1.306    -4.149               3.456
  5817.814      58.1     1.014    -3.750
  5817.837      58.1     1.194    -1.370
  5817.862     607.0     0.525    -2.846               7.650
  5817.872     607.0     0.381    -3.549               7.650
  5817.876      24.0     5.239    -3.639
  5817.878     607.0     0.341    -3.888               7.650
  5817.880     607.0     1.444    -2.233               7.650
  5817.929     607.0     0.381    -2.914               7.650
  5817.941     607.0     1.725    -2.483               7.650
  5818.061     607.0     1.574    -1.882               7.650
  5818.072      23.0     4.053    -3.771
  5818.150      27.0     3.665    -2.417
  5818.174      23.0     3.299    -4.084
  5818.205     607.0     1.574    -3.797               7.650
  5818.221      24.1     6.285    -4.268
  5818.247     607.0     0.545    -2.658               7.650
  5818.275      26.0     4.913    -2.544
  5818.319      62.0     1.624    -0.408
  5818.421 106.00113     3.474    -4.181               3.456
  5818.428      23.0     1.942    -2.242
  5818.509      24.0     5.240    -4.088
  5818.519    27.1      11.700    -0.420
  5818.579      59.1     1.121    -0.696
  5818.643     607.0     0.421    -3.223               7.650
  5818.688      24.0     4.618    -3.597
  5818.746      63.1     1.230    -1.250
  5818.773      58.1     1.966    -1.410
  5818.783      22.0     3.546    -2.692
  5818.783      69.1     3.797    -2.530
  5818.900     607.0     1.362    -4.203               7.650
  5818.952      69.1     4.706    -1.820
  5819.017      92.0     0.869    -1.661
  5819.139     107.0     3.601    -4.324               3.450
  5819.272    16.1      14.067    -0.715
  5819.278      26.0     4.220    -3.758
  5819.379      38.1     6.950    -0.863
  5819.398      15.0     7.213    -4.520
  5819.409      70.1     5.771     0.000
  5819.430      41.0     1.613    -1.220
  5819.439      69.1     2.784    -2.490
  5819.451      22.1     8.045    -2.410
  5819.487     607.0     0.561    -2.664               7.650
  5819.495       6.0     8.848    -2.734
  5819.532      23.1     9.117     0.026
  5819.539 106.00112     3.474    -4.170               3.456
  5819.575     607.0     0.561    -3.666               7.650
  5819.596      26.0     4.076    -4.839
  5819.753     607.0     0.328    -4.627               7.650
  5819.788     607.0     1.552    -4.364               7.650
  5819.919      24.0     3.850    -1.913
  5819.931      22.0     1.739    -3.109
  5819.935      23.1     2.522    -1.703
  5819.972     607.0     1.552    -2.821               7.650
  5819.986 106.00113     2.816    -4.832               3.456
  5819.998      70.1     6.063    -2.120
  5820.033      24.1     6.487    -2.595
  5820.118      58.1     1.206    -2.200
  5820.125 106.00113     2.805    -3.937               3.456
  5820.179      21.0     4.527    -2.460
  5820.192 106.00113     1.323    -4.175               3.456
  5820.211      28.0     4.154    -2.880
  5820.232      58.1     1.709    -1.830
  5820.281      23.0     3.529    -4.475
  5820.294       6.0     8.848    -2.870
  5820.338     107.0     3.601    -4.324               3.450
  5820.347      60.0     0.140    -0.940
  5820.365      58.0     0.786    -0.245
  5820.375 106.00112     3.474    -4.181               3.456
  5820.504      23.0     4.597    -3.577
  5820.504 106.00113     2.816    -4.813               3.456
  5820.537      69.1     4.833    -0.880
  5820.613      41.0     2.086    -1.250
  5820.616      23.0     2.582    -3.854
  5820.683      42.0     3.198    -1.850
  5820.714 106.00113     2.805    -3.922               3.456
  5820.728      23.1     9.059    -1.539
  5820.755     607.0     1.574    -3.795               7.650
  5820.762 106.00113     1.323    -4.069               3.456
  5820.836      70.1     7.166    -2.250
  5820.899     607.0     1.574    -1.874               7.650
  5820.904      63.1     1.250    -2.148
  5820.952 106.00113     3.308    -3.877               3.456
  5820.968 106.00112     3.374    -3.851               3.456
  5820.976      64.1     1.575    -1.060
  5821.035     607.0     1.444    -3.511               7.650
  5821.070      21.0     2.303    -2.899
  5821.070      14.0     5.614    -3.019
  5821.106     607.0     0.875    -4.797               7.650
  5821.109      22.0     3.551    -3.370
  5821.111 106.00112     1.656    -3.451               3.456
  5821.116     607.0     0.689    -3.082               7.650
  5821.166     607.0     1.444    -2.227               7.650
  5821.172 106.00113     3.374    -3.851               3.456
  5821.173      58.1     3.379    -3.150
  5821.185 106.00113     2.111    -4.380               3.456
  5821.196 106.00113     3.374    -3.864               3.456
  5821.204     607.0     1.659    -2.107               7.650
  5821.209      27.0     2.787    -4.632
  5821.218      58.1     3.144    -2.690
  5821.235     607.0     1.398    -3.205               7.650
  5821.250     607.0     0.689    -4.402               7.650
  5821.270 106.00112     3.374    -3.864               3.456
  5821.281     607.0     0.455    -3.849               7.650
  5821.291      23.0     3.315    -2.341
  5821.301 106.00112     3.308    -3.877               3.456
  5821.334     607.0     1.399    -2.142               7.650
  5821.352     607.0     0.455    -2.466               7.650
  5821.376     607.0     1.659    -4.160               7.650
  5821.382 106.00112     1.656    -3.383               3.456
  5821.392      20.0     5.586    -4.992
  5821.406       6.0     8.851    -3.950
  5821.434      26.0     5.410    -4.816
  5821.463 106.00113     2.111    -4.354               3.456
  5821.517      22.0     3.062    -3.592
  5821.541      24.1     9.105    -2.459
  5821.626      21.0     5.321    -3.304
  5821.634      22.0     3.154    -2.161
  5821.651      26.1     6.803    -4.714
  5821.651     607.0     0.710    -4.084               7.650
  5821.697 106.00113     3.308    -3.864               3.456
  5821.765      22.1     8.056    -1.636
  5821.772 106.00112     3.308    -3.864               3.456
  5821.802     607.0     1.499    -3.495               7.650
  5821.836      45.0     1.733    -2.570
  5821.837      39.0     1.992    -0.880
  5821.850 106.00112     2.805    -3.937               3.456
  5821.887 106.00112     2.816    -4.832               3.456
  5821.888      26.0     4.988    -1.746
  5821.891      23.0     3.099    -1.806
  5821.911      69.1     3.934    -3.330
  5821.913     607.0     0.469    -2.466               7.650
  5821.914     607.0     1.499    -1.771               7.650
  5821.975      57.0     1.235    -0.200
  5821.984      58.1     0.635    -3.730
  5821.987     607.0     0.469    -3.864               7.650
  5822.040      24.0     5.905    -1.904
  5822.064      23.0     3.087    -0.256
  5822.145 106.00112     2.816    -4.813               3.456
  5822.162 106.00113     1.976    -4.606               3.456
  5822.173      58.1     1.319    -3.250
  5822.186 106.00112     2.805    -3.922               3.456
  5822.226      20.0     5.927    -3.885
  5822.294      23.0     2.578    -2.673
  5822.399 106.00113     3.137    -4.474               3.456
  5822.450 106.00113     1.976    -4.588               3.456
  5822.479      58.1     1.319    -1.840
  5822.487     607.0     0.421    -4.314               7.650
  5822.515      25.0     6.391    -0.129
  5822.522      90.1     0.994    -2.482
  5822.567      58.1     1.694    -2.040
  5822.569      23.1     2.491    -3.605
  5822.569      62.0     0.036    -2.677
  5822.589      74.0     2.787    -1.630
  5822.589 106.00113     3.137    -4.462               3.456
  5822.592     607.0     0.421    -3.216               7.650
  5822.799     607.0     0.404    -2.880               7.650
  5822.806      24.0     3.850    -2.855
  5822.876      24.0     3.892    -3.856
  5822.877      69.1     5.004    -0.690
  5822.982      58.0     0.691    -0.251
  5823.016      21.0     3.340    -1.729
  5823.044      22.1     8.056    -3.498
  5823.054      24.1     9.016    -4.413
  5823.068      22.0     3.199    -1.580
  5823.091      22.0     3.546    -3.502
  5823.115       6.0     9.003    -2.160
  5823.138 106.00113     2.596    -3.998               3.456
  5823.155      26.1     5.569    -2.987
  5823.171     607.0     0.547    -2.846               7.650
  5823.183      60.1     1.121    -1.459
  5823.256     607.0     0.392    -3.558               7.650
  5823.264      27.0     2.080    -4.807
  5823.291     607.0     0.547    -4.612               7.650
  5823.315 106.00113     2.817    -4.832               3.456
  5823.315     607.0     0.392    -2.892               7.650
  5823.349 106.00113     2.596    -3.982               3.456
  5823.356      60.1     1.410    -0.960
  5823.359      70.1     7.080    -2.040
  5823.443     607.0     1.633    -2.016               7.650
  5823.461      58.1     1.962    -0.580
  5823.465     607.0     1.326    -3.526               7.650
  5823.498 106.00113     2.817    -4.813               3.456
  5823.522      21.0     2.294    -2.010
  5823.556     607.0     0.351    -3.892               7.650
  5823.572      24.0     3.111    -3.035
  5823.573     607.0     1.633    -3.285               7.650
  5823.586      26.0     4.966    -3.914
  5823.590      23.0     1.950    -3.470
  5823.686      22.0     2.267    -1.591
  5823.688      24.0     5.617    -3.342
  5823.722      59.1     0.216    -1.221
  5823.725 106.00112     2.111    -4.354               3.456
  5823.734     607.0     0.561    -2.646               7.650
  5823.736 106.00112     2.111    -4.380               3.456
  5823.820      57.0     0.998    -0.870
  5823.881 106.00113     2.474    -4.242               3.456
  5823.909      60.1     0.745    -1.693
  5823.924     607.0     0.689    -3.072               7.650
  5823.955      64.0     0.027    -1.720
  5824.046      24.0     5.900    -1.938
  5824.149      24.0     3.111    -2.448
  5824.265      20.0     5.578    -3.719
  5824.326      20.0     5.928    -2.884
  5824.338      70.1     5.921    -1.260
  5824.356      23.1     9.059    -0.524
  5824.380 106.00113     2.474    -4.254               3.456
  5824.468 106.00112     1.976    -4.588               3.456
  5824.479      14.0     8.017    -4.540
  5824.502 106.00112     1.976    -4.606               3.456
  5824.516      23.1     9.069    -0.486
  5824.536      24.0     3.111    -2.844
  5824.567      24.1     9.007    -4.802
  5824.641       6.0     8.851    -2.638
  5824.835      23.1     9.103    -1.338
  5824.992      42.0     2.496    -2.240
  5825.001 106.00113     2.112    -4.380               3.456
  5825.001 106.00113     2.112    -4.354               3.456
  5825.011 106.00112     3.137    -4.474               3.456
  5825.018 106.00112     3.137    -4.462               3.456
  5825.049       6.0     9.003    -4.970
  5825.056 106.00112     2.596    -3.982               3.456
  5825.113 106.00112     2.596    -3.998               3.456
  5825.140 106.00112     2.817    -4.813               3.456
  5825.180      26.0     5.067    -2.949
  5825.195      42.0     3.393    -1.003
  5825.218 106.00112     2.817    -4.832               3.456
  5825.242     607.0     0.578    -2.651               7.650
  5825.256      24.1     8.348    -1.998
  5825.311      26.0     4.966    -4.492
  5825.326     607.0     1.827    -3.126               7.650
  5825.333     607.0     0.578    -3.674               7.650
  5825.388 106.00112     1.456    -3.501               3.456
  5825.445      70.1     5.581    -3.820
  5825.459      24.0     3.850    -2.262
  5825.541      58.1     1.251    -3.200
  5825.551      23.1     3.973    -4.704
  5825.561      27.0     3.409    -4.110
  5825.612 106.00112     1.456    -3.429               3.456
  5825.649      69.1     5.004    -2.200
  5825.654      42.0     2.934    -2.125
  5825.673      22.0     3.161    -3.121
  5825.673 106.00113     2.807    -3.937               3.456
  5825.745 106.00113     2.807    -3.922               3.456
  5825.769      26.0     5.112    -3.843
  5825.785      24.0     0.968    -4.861
  5825.815      69.1     4.860    -1.300
  5825.836      69.1     4.904    -2.210
  5825.857      60.1     1.081    -0.660
  5825.957      24.0     3.888    -3.731
  5826.054       6.0     8.851    -3.380
  5826.061      22.0     3.199    -2.860
  5826.111      26.1     5.911    -3.299
  5826.208      26.0     4.584    -3.770
  5826.274    56.0       1.413    -0.160
  5826.288      25.1     6.668    -1.770
  5826.298      27.0     3.622    -1.706
  5826.305      22.0     3.186    -2.406
  5826.348     607.0     1.349    -3.835               7.650
  5826.403 106.00113     3.310    -3.864               3.456
  5826.413 106.00113     3.310    -3.877               3.456
  5826.478 106.00112     3.310    -3.864               3.456
  5826.479     607.0     0.547    -4.610               7.650
  5826.483     607.0     0.469    -3.858               7.650
  5826.522 106.00112     2.474    -4.242               3.456
  5826.524    26.1      10.751    -0.780
  5826.548      60.1     1.522    -0.910
  5826.557     607.0     0.469    -2.450               7.650
  5826.565      70.1     8.209    -3.070
  5826.587      23.0     1.945    -1.601
  5826.597      21.0     2.569    -3.393
  5826.598     607.0     0.547    -2.837               7.650
  5826.637      26.0     4.283    -3.070
  5826.699      26.1     8.145    -4.563
  5826.705     607.0     1.418    -2.137               7.650
  5826.736      60.0     0.456    -0.523
  5826.753 106.00113     2.475    -4.242               3.456
  5826.763 106.00112     3.310    -3.877               3.456
  5826.784 106.00112     2.474    -4.254               3.456
  5826.789      20.0     5.390    -2.041
  5826.794 106.00113     1.978    -4.588               3.456
  5826.805      68.0     0.000    -1.076
  5826.828 106.00113     1.978    -4.606               3.456
  5826.847    27.1      11.705    -0.440
  5826.851     607.0     1.633    -2.005               7.650
  5826.868      58.1     1.581    -1.440
  5826.886 106.00113     3.395    -4.193               3.456
  5826.891      42.0     3.782    -1.487
  5826.915      26.0     5.607    -4.071
  5826.987      14.0     5.616    -4.965
  5826.998 106.00113     2.475    -4.254               3.456
  5827.015 106.00113     3.245    -3.890               3.456
  5827.015      23.1     4.735    -3.470
  5827.109      69.1     5.151    -1.670
  5827.123 106.00113     3.395    -4.182               3.456
  5827.191      22.1     8.086    -3.269
  5827.218 106.00112     2.807    -3.922               3.456
  5827.242       6.0     8.851    -4.020
  5827.263      24.1     6.605    -2.228
  5827.266 106.00112     2.112    -4.354               3.456
  5827.303      23.0     3.315    -3.997
  5827.371     607.0     1.828    -3.121               7.650
  5827.402 106.00112     2.807    -3.937               3.456
  5827.412      70.1     7.251    -3.360
  5827.420      66.0     1.930    -1.730
  5827.454      26.0     4.956    -1.469
  5827.470      21.0     2.296    -3.087
  5827.490      25.0     6.393    -1.095
  5827.537      69.1     4.324    -2.290
  5827.545      57.0     1.139    -1.080
  5827.545      21.0     3.633    -2.163
  5827.555 106.00112     2.112    -4.380               3.456
  5827.623      23.0     3.089    -3.261
  5827.629 106.00112     3.245    -3.890               3.456
  5827.633     607.0     0.441    -3.212               7.650
  5827.643      22.1     8.056    -1.494
  5827.670     607.0     0.483    -2.450               7.650
  5827.721 106.00113     3.245    -3.877               3.456
  5827.747     607.0     0.483    -3.872               7.650
  5827.786     607.0     1.634    -3.460               7.650
  5827.835      26.0     4.985    -4.966
  5827.862     607.0     0.731    -4.091               7.650
  5827.877      20.0     5.987    -3.229
  5827.877      26.0     3.283    -3.540
  5827.932      23.1     9.086    -1.919
  5827.941      58.1     1.613    -3.200
  5827.959      25.1     4.779    -4.105
  5828.005      92.1     0.584    -2.533
  5828.071      44.0     1.866    -1.890
  5828.071 106.00112     3.245    -3.877               3.456
  5828.190      28.0     4.538    -1.582
  5828.248      38.0     2.498    -2.490
  5828.351      26.0     4.220    -4.459
  5828.403      26.0     5.100    -3.670
  5828.435      23.1     9.079    -2.547
  5828.465 106.00113     2.770    -4.140               3.456
  5828.496      70.1     8.151    -1.730
  5828.530      77.0     4.740    -0.360
  5828.555      26.0     5.106    -3.811
  5828.571 106.00112     1.323    -4.175               3.456
  5828.666 106.00113     2.441    -4.250               3.456
  5828.720      24.1     8.350    -4.281
  5828.755     607.0     0.416    -2.860               7.650
  5828.757      20.0     5.490    -2.658
  5828.764      25.1     9.007    -2.846
  5828.764      25.0     5.673    -3.738
  5828.801     607.0     0.346    -4.635               7.650
  5828.815      21.0     5.001    -3.013
  5828.815 106.00112     1.978    -4.588               3.456
  5828.819     607.0     0.404    -3.566               7.650
  5828.869      24.0     4.106    -2.256
  5828.871      58.1     1.930    -1.810
  5828.880     607.0     0.404    -2.871               7.650
  5828.887 106.00113     2.598    -3.982               3.456
  5828.897 106.00113     2.441    -4.236               3.456
  5828.961 106.00113     2.770    -4.830               3.456
  5828.975    27.1      11.705    -0.390
  5829.012 106.00112     3.395    -4.193               3.456
  5829.029      25.0     5.087    -2.595
  5829.050      24.0     3.889    -3.013
  5829.084 106.00112     3.395    -4.182               3.456
  5829.097      23.0     4.087    -3.904
  5829.126      26.1     5.569    -3.656
  5829.169 106.00113     2.598    -3.998               3.456
  5829.172 106.00112     1.978    -4.606               3.456
  5829.175 106.00112     1.323    -4.069               3.456
  5829.181      69.1     5.012    -0.170
  5829.203      20.1     9.240    -3.555
  5829.203      20.1     9.240    -2.600
  5829.233      23.1     9.086    -0.369
  5829.318      24.0     4.099    -3.740
  5829.396 106.00112     2.475    -4.242               3.456
  5829.403 106.00112     2.475    -4.254               3.456
  5829.410     607.0     0.578    -2.634               7.650
  5829.438     607.0     0.360    -3.898               7.650
  5829.521      58.1     3.650    -1.650
  5829.689      24.0     4.778    -1.705
  5829.692      57.0     0.929    -0.760
  5829.818     607.0     1.469    -2.225               7.650
  5829.867      26.1     9.941    -4.408
  5829.956      58.0     0.499    -1.069
  5829.968      23.0     3.545    -4.483
  5830.005      21.0     5.324    -3.555
  5830.009     607.0     1.601    -1.874               7.650
  5830.066      27.0     3.568    -1.267
  5830.075      24.0     5.462    -2.777
  5830.125      58.0     0.000    -1.397
  5830.134      28.1     6.646    -2.353
  5830.150     607.0     1.634    -3.456               7.650
  5830.156     607.0     1.601    -3.802               7.650
  5830.167     607.0     0.715    -3.074               7.650
  5830.226 106.00113     3.140    -4.462               3.456
  5830.253      22.0     3.334    -4.018
  5830.304     607.0     0.715    -4.408               7.650
  5830.344    26.1      10.751    -0.200
  5830.393      25.0     6.391    -1.237
  5830.410     607.0     1.420    -4.695               7.650
  5830.441      26.1     9.112    -3.561
  5830.444      23.0     2.581    -2.947
  5830.458     607.0     0.904    -4.803               7.650
  5830.491      62.0     1.473    -0.211
  5830.558      58.1     1.582    -1.450
  5830.597 106.00112     2.598    -3.982               3.456
  5830.620 106.00112     2.770    -4.140               3.456
  5830.641     607.0     1.418    -3.212               7.650
  5830.675      23.0     3.113     0.555
  5830.685 106.00112     2.441    -4.236               3.456
  5830.726      60.0     1.051    -0.270
  5830.742     607.0     1.418    -2.130               7.650
  5830.746 106.00112     2.441    -4.250               3.456
  5830.814 106.00113     3.140    -4.474               3.456
  5830.828 106.00113     1.491    -3.428               3.456
  5830.869 106.00112     2.770    -4.830               3.456
  5830.933      59.1     1.050    -0.821
  5830.978      63.0     1.708     0.490
  5830.980      63.0     1.708     0.620
  5830.990      62.1     1.586    -0.790
  5831.038      70.1     5.168    -1.930
  5831.052 106.00113     1.491    -3.356               3.456
  5831.057      26.0     4.549    -1.223
  5831.148 106.00112     2.598    -3.998               3.456
  5831.212      14.0     7.752    -3.162
  5831.244     607.0     0.596    -2.639               7.650
  5831.253      23.0     2.616    -4.044
  5831.338     607.0     0.596    -3.682               7.650
  5831.352      23.0     4.065    -3.468
  5831.353      24.0     4.096    -4.346
  5831.383      58.0     0.984    -0.425
  5831.391     607.0     0.441    -4.321               7.650
  5831.423 106.00113     2.249    -4.310               3.456
  5831.448      24.0     5.913    -1.998
  5831.498     607.0     0.441    -3.205               7.650
  5831.565      22.0     1.053    -3.225
  5831.572      26.1     7.568    -4.296
  5831.576      45.0     1.577    -1.820
  5831.578      70.1     7.956    -1.370
  5831.586 106.00113     2.771    -4.140               3.456
  5831.593      28.0     4.167    -1.079
  5831.606     607.0     1.761    -2.483               7.650
  5831.669      24.0     5.462    -3.078
  5831.714      19.0     1.617    -2.950
  5831.729      62.1     1.798    -0.890
  5831.738      28.0     4.236    -1.870
  5831.777 106.00113     2.771    -4.830               3.456
  5831.791      22.0     3.569    -3.111
  5831.806     607.0     1.761    -4.645               7.650
  5831.851      58.1     1.677    -1.020
  5831.884      19.0     1.617    -1.990
  5831.911      58.0     0.396    -0.306
  5831.943 106.00113     2.249    -4.303               3.456
  5832.046      27.0     3.713    -3.370
  5832.187     607.0     0.570    -2.836               7.650
  5832.249      39.0     2.122    -0.890
  5832.290      58.1     1.092    -1.560
  5832.309     607.0     0.570    -4.619               7.650
  5832.444      69.1     4.924    -3.610
  5832.447      26.1     6.807    -3.360
  5832.454 106.00113     3.247    -3.877               3.456
  5832.461 106.00113     3.247    -3.890               3.456
  5832.473      22.0     3.337    -0.967
  5832.478 106.00113     1.344    -4.088               3.456
  5832.542      58.1     0.933    -3.120
  5832.549     607.0     0.715    -3.064               7.650
  5832.661 106.00112     3.140    -4.462               3.456
  5832.666      24.0     4.106    -3.787
  5832.668     607.0     1.601    -3.800               7.650
  5832.684      26.0     5.314    -3.468
  5832.756      58.1     3.562    -3.340
  5832.804 106.00112     3.247    -3.877               3.456
  5832.816     607.0     1.601    -1.867               7.650
  5832.826      58.1     2.040    -1.360
  5832.876     607.0     1.390    -4.208               7.650
  5832.883      24.1     8.316    -2.726
  5832.958     607.0     1.469    -3.517               7.650
  5832.964 106.00113     1.344    -3.993               3.456
  5832.986      58.1     1.838    -0.960
  5833.070     607.0     1.344    -3.533               7.650
  5833.077 106.00112     3.247    -3.890               3.456
  5833.093     607.0     1.469    -2.219               7.650
  5833.115      58.1     0.674    -2.810
  5833.118     607.0     1.586    -2.820               7.650
  5833.119     607.0     0.483    -3.867               7.650
  5833.182      25.0     5.599    -0.645
  5833.192      23.1     6.964    -3.014
  5833.196      44.0     3.763    -0.230
  5833.196     607.0     0.483    -2.435               7.650
  5833.210     607.0     1.657    -2.008               7.650
  5833.222      22.0     3.551    -2.656
  5833.223      14.0     8.020    -4.407
  5833.305      27.0     2.877    -4.839
  5833.343     607.0     1.657    -3.291               7.650
  5833.400      22.0     3.108    -2.362
  5833.434 106.00112     3.140    -4.474               3.456
  5833.528     607.0     1.761    -4.643               7.650
  5833.534      58.1     3.448    -2.640
  5833.584      74.0     2.787    -1.330
  5833.612     607.0     0.498    -2.435               7.650
  5833.618      58.1     2.004    -1.680
  5833.635 106.00113     3.397    -4.182               3.456
  5833.638      24.0     3.890    -3.260
  5833.686 106.00112     2.771    -4.830               3.456
  5833.691     607.0     0.498    -3.881               7.650
  5833.728     607.0     1.761    -2.477               7.650
  5833.744 106.00112     2.771    -4.140               3.456
  5833.792      92.1     0.936    -2.105
  5833.846 106.00113     3.182    -3.904               3.456
  5833.926      26.0     2.608    -3.790
  5833.976      26.0     5.341    -4.247
  5833.979      69.1     4.364    -0.360
  5834.025      26.0     4.913    -1.081
  5834.060      26.1     5.571    -3.548
  5834.214      20.0     5.299    -4.084
  5834.227 106.00112     2.249    -4.310               3.456
  5834.238      21.0     3.101    -2.554
  5834.242      58.0     0.398    -1.004
  5834.263    18.0      13.172    -1.880
  5834.266     607.0     0.752    -4.098               7.650
  5834.289 106.00113     3.398    -4.193               3.456
  5834.323      75.0     1.457    -1.660
  5834.367      23.0     3.087    -1.440
  5834.417      22.0     3.559    -2.809
  5834.486 106.00113     2.250    -4.310               3.456
  5834.496 106.00112     2.249    -4.303               3.456
  5834.521      22.0     3.294    -2.437
  5834.523 106.00113     3.182    -3.890               3.456
  5834.575      22.1     8.045    -2.273
  5834.590     607.0     0.416    -3.574               7.650
  5834.615      27.0     4.232    -1.454
  5834.655     607.0     0.416    -2.851               7.650
  5834.724 106.00112     3.182    -3.904               3.456
  5834.728      23.1     9.069    -2.171
  5834.762 106.00113     2.250    -4.303               3.456
  5834.798      20.0     5.300    -3.399
  5834.823      23.1     9.086    -1.873
  5834.841      20.0     4.877    -3.039
  5834.841      28.0     4.167    -3.758
  5834.895      41.0     1.630    -1.360
  5834.898     607.0     0.428    -2.840               7.650
  5834.990      20.0     5.932    -3.759
  5834.997      24.1     6.044    -3.565
  5835.060      69.1     4.355    -3.890
  5835.100      26.0     4.256    -2.500
  5835.126      59.0     0.603    -0.175
  5835.140 106.00112     3.182    -3.890               3.456
  5835.153 106.00113     2.444    -4.236               3.456
  5835.177      23.1     7.951    -3.568
  5835.266     607.0     1.691    -2.101               7.650
  5835.292     607.0     0.596    -2.623               7.650
  5835.306      58.1     2.473    -3.020
  5835.355      23.1     9.079    -0.408
  5835.358      22.1     8.082    -3.073
  5835.382      25.0     6.393    -0.001
  5835.419      26.0     5.064    -2.108
  5835.423 106.00113     2.444    -4.250               3.456
  5835.441     607.0     1.691    -4.165               7.650
  5835.451     607.0     0.570    -4.617               7.650
  5835.478      26.0     4.218    -3.857
  5835.492      26.1     5.911    -2.702
  5835.492      26.0     4.256    -3.972
  5835.504     607.0     1.586    -4.368               7.650
  5835.504     607.0     0.371    -3.904               7.650
  5835.534      70.1     5.868    -1.480
  5835.573      26.0     2.832    -4.414
  5835.573     607.0     0.570    -2.827               7.650
  5835.579      42.0     1.382    -2.590
  5835.600 106.00112     3.397    -4.182               3.456
  5835.617      25.1     6.834    -4.571
  5835.619      69.1     3.312    -2.620
  5835.692     607.0     1.586    -2.815               7.650
  5835.739      26.1     6.217    -3.477
  5835.841      58.0     0.954     0.244
  5835.897      58.1     0.265    -3.030
  5835.903      23.1     9.113    -1.641
  5836.023      92.0     1.283    -0.555
  5836.029 106.00113     2.743    -3.953               3.456
  5836.055     607.0     1.535    -2.443               7.650
  5836.064      24.0     5.904    -1.952
  5836.084      26.0     4.988    -4.131
  5836.143      58.1     1.966    -3.570
  5836.179      24.1     4.316    -4.466
  5836.179      70.1     7.020    -0.910
  5836.325      62.1     0.998    -1.420
  5836.328     607.0     1.437    -2.126               7.650
  5836.365      70.1     5.633    -3.580
  5836.421 106.00112     3.398    -4.193               3.456
  5836.462      20.0     4.878    -4.835
  5836.476     607.0     1.657    -1.997               7.650
  5836.543      23.0     4.049    -4.303
  5836.576      22.0     3.319    -2.470
  5836.601 106.00113     2.743    -3.937               3.456
  5836.759      26.0     5.067    -2.207
  5836.765      24.0     3.087    -4.726
  5836.816     607.0     0.461    -3.201               7.650
  5836.946 106.00112     2.444    -4.236               3.456
  5836.979      14.0     5.616    -2.708
  5837.072      23.0     1.955    -2.907
  5837.090      20.0     5.321    -3.889
  5837.113      25.1     6.185    -4.729
  5837.136      70.1     4.014    -0.680
  5837.198      23.1     9.117     0.129
  5837.293 106.00112     2.250    -4.310               3.456
  5837.297      22.0     3.179    -1.799
  5837.314      23.1     6.496    -3.983
  5837.317      28.1     9.473    -3.086
  5837.317 106.00112     2.250    -4.303               3.456
  5837.374      79.0     4.632    -0.569
  5837.418     607.0     0.614    -2.627               7.650
  5837.447 106.00113     2.726    -4.835               3.456
  5837.500     607.0     1.691    -4.164               7.650
  5837.508 106.00112     2.444    -4.250               3.456
  5837.514     607.0     0.614    -3.689               7.650
  5837.550      58.1     2.145    -3.140
  5837.552      22.0     3.551    -3.907
  5837.572      58.1     4.029    -1.480
  5837.675     607.0     1.691    -2.094               7.650
  5837.682      92.1     0.569    -2.064
  5837.701      26.0     4.294    -2.470
  5837.733      69.1     4.531    -2.880
  5837.833      24.0     4.207    -1.453
  5837.937 106.00113     2.726    -4.139               3.456
  5837.995      22.0     3.305    -1.943
  5838.012 106.00112     2.743    -3.953               3.456
  5838.052     607.0     0.364    -4.643               7.650
  5838.069      58.1     2.129    -1.380
  5838.081      69.1     4.110    -1.810
  5838.087      24.0     5.623    -3.297
  5838.115      41.0     1.403    -2.050
  5838.141      26.0     5.010    -1.961
  5838.152      58.0     0.493    -0.314
  5838.336 106.00112     2.743    -3.937               3.456
  5838.355      24.0     4.099    -2.058
  5838.367      24.1     9.111    -3.531
  5838.372      26.0     3.943    -2.470
  5838.480      25.0     4.268    -3.806
  5838.526      58.1     3.869    -2.610
  5838.538     607.0     1.372    -3.842               7.650
  5838.569      58.1     3.963    -3.110
  5838.572     607.0     0.498    -3.876               7.650
  5838.599      41.0     1.121    -1.370
  5838.606      21.0     4.684    -3.243
  5838.619      23.0     1.950    -1.823
  5838.622      70.1     6.303    -1.060
  5838.651     607.0     0.498    -2.420               7.650
  5838.669      24.0     3.011    -1.780
  5838.672     607.0     1.535    -3.885               7.650
  5838.761      69.1     2.772    -0.630
  5838.762      22.0     2.778    -3.837
  5838.835      55.0     1.386    -2.237
  5838.835     607.0     1.535    -2.438               7.650
  5838.851 106.00112     1.491    -3.428               3.456
  5838.950      90.1     0.000    -3.737
  5838.960      74.0     2.121    -1.990
  5838.989    26.1      10.845    -0.600
  5839.005      23.0     3.099    -0.232
  5839.036      58.1     1.212    -1.960
  5839.039 106.00112     1.491    -3.356               3.456
  5839.058      58.1     1.676    -3.830
  5839.080 106.00113     2.431    -4.235               3.456
  5839.087      60.0     0.140     0.042
  5839.124      24.0     4.855    -4.243
  5839.158      21.1     7.222    -4.822
  5839.247 106.00113     3.184    -3.904               3.456
  5839.252      20.0     3.910    -1.810
  5839.254 106.00113     3.184    -3.890               3.456
  5839.270      70.1     7.959    -1.960
  5839.286      20.0     3.910    -2.032
  5839.303      20.0     3.910    -2.509
  5839.311     607.0     0.740    -3.066               7.650
  5839.366      58.0     0.000    -1.133
  5839.424      23.0     1.955    -3.172
  5839.450     607.0     0.740    -4.414               7.650
  5839.514      22.0     1.053    -4.788
  5839.561      21.0     4.534    -2.583
  5839.561      21.0     4.534    -3.005
  5839.571 106.00113     2.431    -4.240               3.456
  5839.756      20.0     5.299    -2.356
  5839.763     607.0     0.513    -2.420               7.650
  5839.779      57.0     0.131    -2.250
  5839.844     607.0     0.513    -3.889               7.650
  5839.851 106.00112     2.726    -4.835               3.456
  5839.862      58.1     4.428    -2.190
  5839.871 106.00112     3.184    -3.890               3.456
  5839.878      14.0     7.755    -3.404
  5839.902      23.1     9.059    -2.418
  5839.950      23.0     3.089    -3.165
  5839.952      24.0     5.623    -3.781
  5839.959      68.0     1.463    -0.895
  5839.961      42.0     3.390    -1.320
  5839.973      58.1     1.279    -1.570
  5840.027     607.0     0.933    -4.808               7.650
  5840.100 106.00112     2.726    -4.139               3.456
  5840.126      78.0     1.922    -1.760
  5840.127 106.00112     3.184    -3.904               3.456
  5840.168      58.1     1.206    -2.650
  5840.229     607.0     1.437    -3.220               7.650
  5840.281      22.0     3.161    -2.915
  5840.298      24.0     5.465    -4.007
  5840.332     607.0     1.437    -2.119               7.650
  5840.341      20.0     5.300    -3.907
  5840.355 106.00113     2.727    -4.835               3.456
  5840.457      64.1     1.598    -0.970
  5840.495      22.0     3.166    -3.666
  5840.503     607.0     0.461    -4.329               7.650
  5840.562     607.0     0.428    -3.583               7.650
  5840.563      15.0     7.213    -4.500
  5840.564 106.00113     2.727    -4.139               3.456
  5840.613     607.0     0.461    -3.194               7.650
  5840.629     607.0     0.428    -2.831               7.650
  5840.789      24.1     8.354    -3.555
  5840.816      28.0     4.165    -3.225
  5840.833      42.0     3.201    -2.194
  5840.880      22.0     2.506    -3.904
  5840.881     607.0     0.773    -4.105               7.650
  5840.925 106.00112     1.344    -4.088               3.456
  5841.091      24.0     5.906    -4.118
  5841.161      68.0     1.414    -0.835
  5841.174      22.0     3.319    -1.886
  5841.225     607.0     0.441    -2.822               7.650
  5841.342     607.0     0.614    -2.611               7.650
  5841.369 106.00113     3.120    -3.918               3.456
  5841.390      69.0     2.150    -2.440
  5841.403 106.00113     2.745    -3.953               3.456
  5841.404      26.0     4.956    -3.704
  5841.407     607.0     0.593    -2.827               7.650
  5841.451 106.00112     1.344    -3.993               3.456
  5841.488 106.00113     2.745    -3.937               3.456
  5841.506      14.0     5.863    -3.070
  5841.532     607.0     0.593    -4.626               7.650
  5841.540      26.0     5.086    -2.652
  5841.620      22.0     3.111    -3.315
  5841.656      23.1     7.963    -3.531
  5841.658      42.0     3.700    -1.674
  5841.714 106.00113     2.432    -4.235               3.456
  5841.714      26.1     7.128    -4.223
  5841.788     607.0     0.381    -3.910               7.650
  5841.810       6.0     8.851    -4.490
  5841.813      24.0     5.913    -1.785
  5841.915      23.0     2.115    -2.820
  5841.936      24.1     6.641    -2.454
  5841.963 106.00112     2.431    -4.235               3.456
  5841.970      69.1     3.580    -3.140
  5841.977 106.00113     2.432    -4.240               3.456
  5842.018 106.00113     3.121    -3.904               3.456
  5842.028      26.0     4.178    -3.867
  5842.053     607.0     1.495    -2.216               7.650
  5842.096      58.1     1.528    -1.420
  5842.201     607.0     1.628    -1.867               7.650
  5842.226 106.00112     2.431    -4.240               3.456
  5842.226      72.1     2.211    -1.550
  5842.294    26.1      10.737    -0.330
  5842.366      60.1     1.282    -0.601
  5842.393      25.1     9.007    -3.597
  5842.451      23.1     4.735    -2.411
  5842.461      41.0     0.348    -1.780
  5842.492      76.0     2.798    -1.870
  5842.506 106.00112     3.120    -3.918               3.456
  5842.543      24.0     3.011    -1.927
  5842.598      23.1     9.113    -1.227
  5842.601      62.1     1.076    -1.450
  5842.728 106.00112     2.727    -4.139               3.456
  5842.762 106.00112     2.727    -4.835               3.456
  5842.796      22.1     8.045    -1.392
  5842.862      22.0     3.559    -3.809
  5842.876     607.0     1.867    -3.121               7.650
  5842.881      22.0     2.487    -2.753
  5842.898 106.00112     3.121    -3.904               3.456
  5842.899      23.1     8.035    -2.787
  5842.909     607.0     1.361    -3.541               7.650
  5842.984      69.1     4.469    -3.080
  5843.053      14.0     5.863    -2.475
  5843.087     607.0     1.681    -1.999               7.650
  5843.088      24.0     2.967    -4.606
  5843.101      58.0     0.398    -1.242
  5843.144      26.0     4.220    -4.715
  5843.148      69.1     5.231    -1.150
  5843.197      60.1     1.349    -1.270
  5843.208      24.0     3.013    -2.467
  5843.224     607.0     1.681    -3.297               7.650
  5843.226 106.00112     2.745    -3.937               3.456
  5843.227      58.1     4.660    -2.630
  5843.277      92.1     0.799    -2.216
  5843.344      26.0     5.314    -4.210
  5843.368      22.0     3.199    -2.136
  5843.390 106.00112     2.745    -3.953               3.456
  5843.414      24.1     8.355    -2.076
  5843.551 106.00113     3.319    -4.206               3.456
  5843.562      26.0     4.966    -3.754
  5843.658     607.0     0.740    -3.056               7.650
  5843.729      58.0     0.516    -0.624
  5843.769      62.0     1.809     0.000
  5843.773 106.00113     3.319    -4.194               3.456
  5843.786     607.0     0.632    -2.616               7.650
  5843.824      25.0     4.268    -2.495
  5843.855      20.0     5.578    -3.968
  5843.885     607.0     0.632    -3.697               7.650
  5843.913      73.0     1.210    -1.970
  5843.913      27.0     4.209    -3.178
  5844.029      23.1     6.478    -4.168
  5844.134      39.0     2.003    -1.940
  5844.198      58.1     0.956    -3.510
  5844.255      58.1     1.348    -3.790
  5844.278      28.0     4.167    -3.071
  5844.377      26.1     6.138    -4.981
  5844.425      28.1     6.646    -2.775
  5844.432      24.1     9.101    -2.210
  5844.437      20.0     5.585    -4.863
  5844.507     607.0     0.513    -3.885               7.650
  5844.531      23.1     9.069    -2.325
  5844.552      25.0     5.087    -3.742
  5844.589     607.0     0.513    -2.406               7.650
  5844.595      24.0     3.013    -1.760
  5844.600 106.00112     2.432    -4.235               3.456
  5844.602     607.0     0.593    -4.624               7.650
  5844.634 106.00112     2.432    -4.240               3.456
  5844.636      60.0     1.260     0.200
  5844.651      59.1     0.630    -1.231
  5844.677      24.0     5.650    -3.973
  5844.685      23.0     4.053    -2.982
  5844.688 106.00113     2.529    -4.014               3.456
  5844.689      22.0     3.569    -3.955
  5844.728     607.0     0.593    -2.818               7.650
  5844.742      58.1     1.520    -1.910
  5844.757      23.0     3.545    -4.092
  5844.807      78.0     4.778     0.180
  5844.848     607.0     1.628    -3.806               7.650
  5844.849      58.1     2.008    -2.610
  5844.880      20.0     5.994    -2.189
  5844.893 106.00113     2.529    -3.998               3.456
  5844.897      20.0     5.586    -4.521
  5844.913      59.1     1.050    -1.580
  5844.915     607.0     1.867    -3.116               7.650
  5844.919      26.0     4.154    -3.070
  5844.947      24.0     3.648    -3.057
  5845.034      57.0     0.131    -2.080
  5845.050      55.0     1.455    -1.099
  5845.071 106.00113     1.703    -3.380               3.456
  5845.156     607.0     1.495    -3.523               7.650
  5845.180      69.1     5.012    -0.960
  5845.232      74.0     3.644    -0.350
  5845.247      92.1     0.036    -2.788
  5845.259      23.0     1.942    -4.587
  5845.275      28.0     4.538    -3.653
  5845.287      26.0     5.033    -1.950
  5845.294     607.0     1.495    -2.211               7.650
  5845.303     607.0     1.672    -3.455               7.650
  5845.317      23.1     9.089    -2.243
  5845.325       6.0     8.771    -2.680
  5845.393      23.1     2.499    -3.266
  5845.481      58.1     0.357    -3.340
  5845.584      24.1     8.356    -1.574
  5845.693      64.1     1.584    -1.290
  5845.710 106.00113     1.368    -4.008               3.456
  5845.717      25.0     5.701    -3.810
  5845.754      63.0     2.411    -0.170
  5845.857      72.0     1.738    -1.860
  5845.861 106.00112     3.319    -4.206               3.456
  5845.912 106.00112     3.319    -4.194               3.456
  5845.921      60.0     1.483     0.310
  5845.925      58.1     1.876    -0.810
  5845.932      26.0     4.209    -4.918
  5845.961      26.0     4.913    -2.157
  5846.015 106.00113     2.059    -4.406               3.456
  5846.059     607.0     1.457    -2.116               7.650
  5846.075      58.0     0.889    -0.653
  5846.104     607.0     0.529    -2.406               7.650
  5846.105      22.0     1.046    -2.242
  5846.117      41.0     1.407    -2.230
  5846.127      24.1     9.102    -2.598
  5846.139      22.0     3.724    -3.767
  5846.141 106.00113     1.368    -3.920               3.456
  5846.156      26.0     4.956    -1.827
  5846.159      20.0     5.026    -2.214
  5846.188     607.0     0.529    -3.898               7.650
  5846.199     607.0     0.482    -3.190               7.650
  5846.205      22.0     1.749    -3.872
  5846.295 106.00113     2.059    -4.378               3.456
  5846.314      60.1     1.529    -1.110
  5846.345     607.0     1.681    -1.989               7.650
  5846.346       6.0     8.771    -2.490
  5846.353      23.0     3.131     0.660
  5846.355      26.0     4.607    -3.586
  5846.391     607.0     1.452    -4.700               7.650
  5846.459      21.0     2.303    -4.155
  5846.510      69.1     4.512    -2.310
  5846.568      27.0     3.568    -1.652
  5846.579      22.1     8.056    -0.689
  5846.596      26.0     5.341    -3.909
  5846.610      23.1     6.101    -3.499
  5846.612      14.0     5.619    -1.832
  5846.695 106.00113     3.122    -3.918               3.456
  5846.712 106.00113     3.122    -3.904               3.456
  5846.724     607.0     0.441    -3.591               7.650
  5846.745      58.1     0.295    -2.040
  5846.748      22.0     3.904    -3.898
  5846.793     607.0     0.441    -2.813               7.650
  5846.876 106.00113     2.683    -4.503               3.456
  5846.883 106.00112     2.529    -3.998               3.456
  5846.904 106.00113     1.528    -3.356               3.456
  5846.938 106.00112     2.529    -4.014               3.456
  5846.986      28.0     1.676    -3.210
  5847.029      69.1     4.660    -1.940
  5847.088      22.0     3.285    -0.517
  5847.092      21.0     3.878    -3.843
  5847.102 106.00113     1.528    -3.283               3.456
  5847.122      59.1     1.244    -0.545
  5847.139      22.0     1.067    -2.937
  5847.142     607.0     1.418    -4.213               7.650
  5847.173      70.1     7.520    -0.460
  5847.250      22.0     3.351    -3.599
  5847.254      24.0     3.551    -2.892
  5847.268      14.0     4.920    -3.846
  5847.324      40.0     2.125    -0.760
  5847.352 106.00113     2.683    -4.833               3.456
  5847.352      23.0     4.053    -4.282
  5847.498      55.0     1.455    -2.065
  5847.501     607.0     0.382    -4.651               7.650
  5847.515      69.1     2.784    -2.650
  5847.523      23.1     9.086    -2.217
  5847.564     607.0     0.632    -2.600               7.650
  5847.593      60.0     1.337    -0.080
  5847.594 106.00112     3.122    -3.904               3.456
  5847.627     607.0     1.798    -2.477               7.650
  5847.685      24.0     5.650    -1.879
  5847.695     607.0     1.672    -3.450               7.650
  5847.699     607.0     0.795    -4.111               7.650
  5847.747     607.0     0.455    -2.804               7.650
  5847.769      72.0     2.784    -0.950
  5847.831     607.0     1.798    -4.649               7.650
  5847.834 106.00112     3.122    -3.918               3.456
  5847.916      22.1     8.093    -1.359
  5848.012      20.0     5.578    -4.646
  5848.015      69.1     3.484    -1.300
  5848.066      26.0     3.266    -3.216
  5848.127      26.0     4.608    -1.186
  5848.162      70.1     5.450    -3.190
  5848.250      58.1     0.875    -2.380
  5848.272     607.0     0.392    -3.917               7.650
  5848.292 106.00113     3.056    -4.486               3.456
  5848.316      24.0     3.889    -3.190
  5848.320      58.0     0.926    -0.219
  5848.398      57.0     1.644    -0.140
  5848.470 106.00113     3.056    -4.474               3.456
  5848.596      42.0     4.345    -1.243
  5848.658      62.1     1.592    -1.080
  5848.771      24.0     4.447    -2.719
  5848.846      58.1     1.767    -0.830
  5848.860 106.00112     2.059    -4.406               3.456
  5848.867 106.00112     2.059    -4.378               3.456
  5848.884      23.1     9.069    -2.617
  5848.939      57.1     2.658    -1.101
  5848.946      25.0     4.268    -1.134
  5849.019      24.0     3.849    -1.623
  5849.025      42.0     3.560    -1.000
  5849.028      14.0     5.863    -1.899
  5849.110      26.1     9.100    -4.108
  5849.143     607.0     0.766    -3.058               7.650
  5849.184      26.0     3.267    -4.484
  5849.229     607.0     1.620    -2.814               7.650
  5849.229     607.0     0.529    -3.495               7.650
  5849.286     607.0     0.767    -4.420               7.650
  5849.309     607.0     0.524    -3.502               7.650
  5849.354     607.0     0.534    -3.491               7.650
  5849.450      24.0     3.850    -3.393
  5849.504 106.00113     3.059    -3.933               3.456
  5849.506      69.1     4.563    -1.090
  5849.516     607.0     0.520    -3.513               7.650
  5849.517 106.00112     2.683    -4.503               3.456
  5849.565      24.0     5.904    -1.163
  5849.569 106.00113     2.060    -4.406               3.456
  5849.569 106.00113     2.684    -4.503               3.456
  5849.574     607.0     1.798    -4.647               7.650
  5849.586 106.00113     2.060    -4.378               3.456
  5849.611     607.0     0.539    -3.490               7.650
  5849.632      26.0     3.635    -5.036
  5849.632     607.0     1.723    -2.094               7.650
  5849.651      73.0     1.325    -2.300
  5849.683      26.0     3.694    -3.120
  5849.707      42.0     3.560    -0.333
  5849.764 106.00112     2.683    -4.833               3.456
  5849.777     607.0     1.798    -2.472               7.650
  5849.784 106.00113     2.684    -4.833               3.456
  5849.823     607.0     0.962    -4.813               7.650
  5849.841     607.0     0.482    -4.336               7.650
  5849.925      25.0     6.127    -3.072
  5849.931     607.0     0.516    -3.528               7.650
  5849.954     607.0     0.482    -3.183               7.650
  5849.955      25.0     4.273    -3.504
