DEIMOS
  6050.044      59.1     1.254    -0.830
  6050.066 106.00113     3.554    -4.832               3.456
  6050.084 106.00112     2.140    -4.263               3.456
  6050.084 106.00113     1.961    -4.215               3.456
  6050.160      58.1     0.900    -3.390
  6050.212     607.0     0.865    -2.037               7.650
  6050.223      25.0     3.133    -3.643
  6050.269     607.0     0.865    -3.203               7.650
  6050.381      23.0     2.122    -4.540
  6050.388 106.00112     2.055    -4.615               3.456
  6050.414 106.00113     1.703    -3.357               3.456
  6050.417 106.00113     1.857    -4.557               3.456
  6050.421 106.00112     2.055    -4.615               3.456
  6050.469 106.00113     2.529    -4.372               3.456
  6050.485      92.0     0.480    -2.075
  6050.534      22.0     4.037    -3.374
  6050.542      25.0     5.815    -1.451
  6050.566     607.0     0.785    -3.312               7.650
  6050.586 106.00113     2.529    -4.355               3.456
  6050.597      23.1     4.735    -4.136
  6050.619 106.00112     2.140    -4.212               3.456
  6050.644 106.00113     3.554    -4.821               3.456
  6050.648 106.00113     2.120    -4.325               3.456
  6050.653      22.0     2.427    -4.142
  6050.675      92.0     0.908    -1.652
  6050.770      24.0     3.556    -4.101
  6050.806 106.00113     1.857    -4.505               3.456
  6050.846 106.00112     2.140    -4.263               3.456
  6050.856      69.1     4.266    -3.470
  6050.872      59.0     1.095    -0.276
  6050.892      42.0     3.275    -1.607
  6051.033 106.00113     2.621    -4.350               3.456
  6051.085    27.1      11.615    -0.150
  6051.212 106.00113     1.858    -4.505               3.456
  6051.245 106.00113     2.120    -4.325               3.456
  6051.285 106.00112     2.140    -4.212               3.456
  6051.329      23.0     2.678    -3.740
  6051.329 106.00113     2.120    -4.265               3.456
  6051.402      69.1     5.368    -3.570
  6051.427      22.0     3.392    -3.904
  6051.443     607.0     1.062    -2.156               7.650
  6051.490 106.00113     2.621    -4.331               3.456
  6051.531 106.00113     2.049    -4.829               3.456
  6051.531 106.00113     2.049    -4.829               3.456
  6051.556 106.00112     2.883    -4.341               3.456
  6051.582      58.1     3.486    -0.210
  6051.666      26.0     4.985    -4.854
  6051.696     607.0     1.177    -2.405               7.650
  6051.738      92.1     0.113    -2.541
  6051.750      22.0     3.154    -4.063
  6051.789      24.0     3.556    -4.624
  6051.801      69.1     4.461    -2.720
  6051.815      58.1     0.232    -1.530
  6051.825     607.0     0.842    -2.313               7.650
  6051.846 106.00113     2.120    -4.265               3.456
  6051.868      60.1     1.160    -1.240
  6051.882      26.0     5.064    -3.251
  6051.886 106.00112     2.883    -4.324               3.456
  6051.905      26.0     5.357    -4.389
  6051.956      23.1     2.544    -4.271
  6052.025 106.00112     2.044    -4.171               3.456
  6052.050      42.0     3.501    -1.895
  6052.078     607.0     0.760    -3.624               7.650
  6052.092     607.0     1.013    -4.060               7.650
  6052.244     607.0     1.013    -2.159               7.650
  6052.281      22.0     3.334    -2.108
  6052.310      69.1     4.003    -2.170
  6052.388 106.00112     2.044    -4.150               3.456
  6052.465      24.1     6.136    -3.273
  6052.473      26.0     5.372    -3.641
  6052.480     607.0     0.855    -3.183               7.650
  6052.512     607.0     1.523    -4.888               7.650
  6052.532      58.1     1.639    -1.990
  6052.534     607.0     0.855    -2.038               7.650
  6052.536      58.1     1.412    -2.990
  6052.583      16.0     7.870    -1.330
  6052.583     607.0     1.388    -4.233               7.650
  6052.592     607.0     0.948    -2.181               7.650
  6052.595      58.1     1.421    -2.040
  6052.609      26.0     4.260    -5.082
  6052.617      58.1     1.838    -0.800
  6052.641 106.00113     2.884    -4.324               3.456
  6052.666      70.1     7.198    -0.290
  6052.667     607.0     0.948    -3.011               7.650
  6052.674      16.0     7.870    -0.740
  6052.685 106.00113     2.884    -4.341               3.456
  6052.795 106.00112     1.919    -4.372               3.456
  6052.815     607.0     0.936    -3.603               7.650
  6052.852      22.0     3.294    -3.316
  6052.876      25.0     4.794    -3.473
  6052.894      70.1     4.089    -1.390
  6052.928     607.0     0.936    -1.928               7.650
  6052.950     607.0     0.812    -2.913               7.650
  6052.991     607.0     0.812    -2.530               7.650
  6053.007 106.00112     3.245    -4.916               3.456
  6053.011 106.00113     1.962    -4.249               3.456
  6053.026 106.00113     1.962    -4.215               3.456
  6053.125 106.00112     1.919    -4.392               3.456
  6053.189      26.0     4.638    -3.355
  6053.194      26.1     9.694    -4.542
  6053.202      26.0     5.334    -3.642
  6053.205      23.0     1.893    -2.459
  6053.212     607.0     1.069    -3.434               7.650
  6053.224 106.00113     1.568    -4.767               3.456
  6053.288      24.0     4.533    -4.237
  6053.297      22.1     8.108     0.169
  6053.372      22.0     3.148    -3.069
  6053.425     607.0     0.932    -3.033               7.650
  6053.466      24.1     4.745    -2.219
  6053.484      23.0     4.136    -4.483
  6053.499 106.00112     3.245    -4.904               3.456
  6053.548     607.0     0.828    -2.474               7.650
  6053.573     607.0     0.934    -2.173               7.650
  6053.619 106.00113     1.568    -4.733               3.456
  6053.627      70.1     6.556    -2.170
  6053.652      64.1     2.473    -1.770
  6053.679      28.0     4.236    -1.070
  6053.704 106.00112     3.556    -4.821               3.456
  6053.704      73.0     1.203    -2.150
  6053.868      26.1     9.736    -4.292
  6053.883      26.0     3.301    -4.659
  6053.908      69.1     4.940    -2.380
  6053.928      25.0     5.349    -3.621
  6053.935 106.00112     2.044    -4.171               3.456
  6053.939      62.0     1.414    -0.805
  6054.042      26.0     4.985    -3.856
  6054.048 106.00113     1.694    -4.684               3.456
  6054.064      58.1     1.966    -1.260
  6054.070      23.0     2.130    -3.857
  6054.073      26.0     4.371    -2.440
  6054.131      26.0     5.020    -3.357
  6054.136 106.00112     2.044    -4.150               3.456
  6054.166      72.0     1.803    -1.820
  6054.206      22.1     8.132    -0.545
  6054.246      69.1     4.692    -2.170
  6054.298      23.0     2.678    -4.325
  6054.320 106.00113     2.826    -4.361               3.456
  6054.416      24.0     4.099    -3.288
  6054.504      58.1     1.666    -2.300
  6054.551 106.00112     1.961    -4.249               3.456
  6054.554 106.00113     1.694    -4.645               3.456
  6054.560      70.0     3.785    -0.465
  6054.587      26.0     5.341    -3.880
  6054.613      26.1     7.695    -3.290
  6054.613 106.00112     1.961    -4.215               3.456
  6054.624 106.00112     3.556    -4.832               3.456
  6054.648      58.1     1.889    -2.200
  6054.659     607.0     0.887    -2.521               7.650
  6054.669      26.1     7.653    -3.476
  6054.767 106.00113     2.826    -4.342               3.456
  6054.809      42.0     2.260    -2.174
  6054.822 106.00112     2.529    -4.355               3.456
  6054.823      24.0     4.402    -3.380
  6054.846      68.0     1.159    -0.716
  6054.870 106.00112     2.529    -4.372               3.456
  6054.879     607.0     0.875    -2.015               7.650
  6054.938     607.0     0.876    -3.211               7.650
  6055.017      71.0     0.247    -1.520
  6055.068      22.1     8.089    -1.446
  6055.090      26.0     5.086    -2.290
  6055.130      59.0     1.002     0.735
  6055.162      69.1     5.231    -1.230
  6055.172     607.0     0.791    -3.301               7.650
  6055.185      69.1     4.736    -1.440
  6055.236 106.00112     1.857    -4.557               3.456
  6055.303 106.00113     3.245    -4.916               3.456
  6055.310 106.00113     1.694    -4.684               3.456
  6055.311      26.0     5.334    -2.824
  6055.350 106.00113     2.050    -4.709               3.456
  6055.350 106.00113     2.050    -4.709               3.456
  6055.354 106.00112     2.621    -4.350               3.456
  6055.402      26.0     4.956    -1.652
  6055.459      58.1     1.404    -3.100
  6055.490 106.00112     3.522    -4.646               3.456
  6055.625 106.00113     1.569    -4.767               3.456
  6055.635      58.1     1.348    -3.440
  6055.669 106.00112     2.621    -4.331               3.456
  6055.695 106.00113     1.694    -4.645               3.456
  6055.713 106.00112     1.857    -4.557               3.456
  6055.716      69.1     4.940    -1.670
  6055.717 106.00113     2.101    -4.402               3.456
  6055.838 106.00113     1.569    -4.733               3.456
  6055.854      64.1     1.172    -2.370
  6055.908 106.00112     2.120    -4.325               3.456
  6055.940      26.0     5.070    -2.452
  6055.981 106.00112     1.857    -4.505               3.456
  6055.989      58.1     2.145    -2.280
  6056.005      26.0     4.733    -0.590
  6056.070     607.0     0.773    -4.093               7.650
  6056.080 106.00112     3.522    -4.634               3.456
  6056.168 106.00113     2.102    -4.402               3.456
  6056.234      21.0     5.750    -2.492
  6056.235      24.0     4.106    -3.826
  6056.264 106.00113     3.556    -4.821               3.456
  6056.281     607.0     0.793    -4.771               7.650
  6056.322 106.00113     2.623    -4.350               3.456
  6056.322 106.00113     2.623    -4.331               3.456
  6056.330 106.00113     3.245    -4.904               3.456
  6056.333 106.00113     2.531    -4.355               3.456
  6056.388 106.00112     1.858    -4.505               3.456
  6056.454 106.00112     2.884    -4.324               3.456
  6056.459      58.1     1.694    -1.340
  6056.462      70.1     5.747    -0.620
  6056.477     607.0     0.842    -3.312               7.650
  6056.490     607.0     0.932    -4.449               7.650
  6056.491 106.00113     2.102    -4.329               3.456
  6056.506 106.00112     2.120    -4.325               3.456
  6056.517 106.00112     2.120    -4.265               3.456
  6056.557     607.0     1.085    -2.159               7.650
  6056.577     607.0     0.843    -2.306               7.650
  6056.584      26.0     3.017    -4.964
  6056.634 106.00112     2.884    -4.341               3.456
  6056.660     607.0     0.933    -3.028               7.650
  6056.667      41.0     1.918    -1.500
  6056.689     607.0     1.085    -3.404               7.650
  6056.715 106.00113     2.531    -4.372               3.456
  6056.737 106.00113     3.556    -4.832               3.456
  6056.741     607.0     0.865    -3.192               7.650
  6056.799     607.0     0.865    -2.015               7.650
  6056.809      92.0     0.000    -2.300
  6056.842      69.1     4.387    -3.210
  6056.876 106.00113     2.102    -4.329               3.456
  6056.896     607.0     0.956    -1.928               7.650
  6056.964 106.00112     2.049    -4.829               3.456
  6056.964 106.00112     2.049    -4.829               3.456
  6057.001      69.1     5.188    -3.600
  6057.012     607.0     0.956    -3.613               7.650
  6057.034 106.00112     2.120    -4.265               3.456
  6057.068      22.0     1.067    -4.023
  6057.081      92.0     0.775    -1.535
  6057.130      25.0     4.345    -1.452
  6057.132      22.0     3.904    -3.116
  6057.253      26.0     4.991    -1.407
  6057.281     607.0     1.255    -3.802               7.650
  6057.301     607.0     0.820    -2.917               7.650
  6057.320      63.0     1.944     0.060
  6057.343      24.0     4.106    -3.871
  6057.346     607.0     0.820    -2.496               7.650
  6057.436      58.1     0.902    -3.630
  6057.442      25.0     3.135    -4.638
  6057.444      62.1     1.359    -1.550
  6057.494     607.0     0.961    -2.165               7.650
  6057.507      58.0     0.172    -1.173
  6057.526      26.0     4.988    -2.018
  6057.559 106.00112     1.962    -4.215               3.456
  6057.571     607.0     0.961    -3.020               7.650
  6057.662      24.1     6.686    -3.466
  6057.688      27.0     5.308    -3.481
  6057.732 106.00112     1.962    -4.249               3.456
  6057.997      58.0     0.294    -0.870
  6057.999      42.0     2.918    -1.911
  6058.062      26.1     9.742    -2.434
  6058.069 106.00112     1.568    -4.767               3.456
  6058.113      69.1     4.433    -2.740
  6058.139      23.0     1.043    -1.374
  6058.151      58.1     2.167    -2.420
  6058.163      24.0     3.889    -3.036
  6058.177     607.0     0.948    -2.158               7.650
  6058.179      66.0     0.874    -1.412
  6058.223 106.00112     1.568    -4.733               3.456
  6058.227      27.0     3.930    -1.520
  6058.253     607.0     0.887    -3.776               7.650
  6058.392     607.0     0.887    -2.515               7.650
  6058.403 106.00112     2.826    -4.361               3.456
  6058.584     607.0     1.086    -3.442               7.650
  6058.600      26.0     4.283    -4.425
  6058.605 106.00112     3.247    -4.904               3.456
  6058.610      90.1     1.515    -1.911
  6058.615     607.0     0.836    -2.444               7.650
  6058.657      69.1     4.288    -3.000
  6058.712      21.0     3.633    -2.052
  6058.719 106.00112     2.826    -4.342               3.456
  6058.733      22.0     1.067    -1.771
  6058.881 106.00113     2.010    -4.197               3.456
  6058.884 106.00112     3.247    -4.916               3.456
  6059.028      26.0     5.334    -4.628
  6059.072 106.00113     3.522    -4.646               3.456
  6059.156      22.1     8.093     0.143
  6059.163 106.00113     2.828    -4.342               3.456
  6059.185 106.00112     1.694    -4.684               3.456
  6059.193 106.00113     2.828    -4.361               3.456
  6059.197     607.0     1.114    -2.682               7.650
  6059.200 106.00113     2.441    -4.604               3.456
  6059.237      69.1     4.563    -0.280
  6059.241      21.1     1.357    -3.193
  6059.274      22.1     8.082    -2.775
  6059.325 106.00113     2.441    -4.589               3.456
  6059.372    18.0      12.907    -1.940
  6059.384     607.0     1.114    -4.735               7.650
  6059.402 106.00113     2.010    -4.172               3.456
  6059.510     607.0     1.311    -2.938               7.650
  6059.512 106.00112     1.694    -4.645               3.456
  6059.525      58.1     3.839    -2.290
  6059.712     607.0     1.311    -4.510               7.650
  6059.718     607.0     0.886    -1.993               7.650
  6059.755 106.00112     1.703    -3.357               3.456
  6059.757      92.0     1.248    -1.016
  6059.781     607.0     0.886    -3.219               7.650
  6059.854      23.0     3.621    -3.228
  6059.913      26.0     5.334    -4.312
  6059.948      70.1     8.133    -0.690
  6059.949      25.1     6.536    -3.210
  6060.008     607.0     0.798    -3.294               7.650
  6060.027 106.00112     3.524    -4.634               3.456
  6060.062      22.0     3.546    -3.711
  6060.085      24.1     4.074    -4.829
  6060.085 106.00113     2.086    -4.500               3.456
  6060.148      28.0     5.004    -3.175
  6060.150      22.0     3.890    -2.753
  6060.207 106.00113     3.522    -4.634               3.456
  6060.220     607.0     1.206    -2.406               7.650
  6060.248     607.0     1.085    -2.147               7.650
  6060.309      69.1     5.004    -0.630
  6060.352      24.0     4.535    -4.184
  6060.357     607.0     1.039    -2.159               7.650
  6060.379 106.00112     3.524    -4.646               3.456
  6060.391     607.0     1.206    -3.850               7.650
  6060.409 106.00113     2.086    -4.500               3.456
  6060.445 106.00112     1.569    -4.733               3.456
  6060.449 106.00112     1.694    -4.684               3.456
  6060.475 106.00112     1.569    -4.767               3.456
  6060.501       6.0     8.640    -2.330
  6060.508 106.00112     2.623    -4.331               3.456
  6060.512     607.0     1.039    -4.068               7.650
  6060.545 106.00113     2.010    -4.197               3.456
  6060.561      26.0     4.988    -1.501
  6060.578 106.00112     2.531    -4.355               3.456
  6060.651 106.00112     2.623    -4.350               3.456
  6060.655 106.00112     1.694    -4.645               3.456
  6060.669      58.1     4.708    -2.780
  6060.728 106.00112     2.050    -4.709               3.456
  6060.728 106.00112     2.050    -4.709               3.456
  6060.732     607.0     0.860    -2.301               7.650
  6060.734      58.1     2.051    -0.960
  6060.784      24.0     6.007    -2.882
  6060.808      26.0     4.220    -3.270
  6060.810      20.0     5.585    -3.418
  6060.841      22.0     3.161    -3.483
  6060.886      22.1     8.089    -3.443
  6060.886      69.1     4.833    -0.740
  6060.916 106.00113     2.010    -4.172               3.456
  6060.934 106.00113     2.771    -4.382               3.456
  6060.970      26.1     9.100    -2.639
  6060.975      26.1     7.804    -1.689
  6060.985 106.00113     2.086    -4.407               3.456
  6061.016      14.0     5.984    -4.577
  6061.027     607.0     0.776    -3.632               7.650
  6061.052 106.00112     2.101    -4.402               3.456
  6061.069      26.1     7.697    -2.355
  6061.125 106.00112     2.531    -4.372               3.456
  6061.184 106.00113     3.247    -4.916               3.456
  6061.196     607.0     0.875    -3.200               7.650
  6061.238      59.1     1.244    -1.340
  6061.254 106.00113     2.086    -4.407               3.456
  6061.256     607.0     0.876    -1.994               7.650
  6061.368 106.00113     2.771    -4.362               3.456
  6061.404      21.0     2.509    -2.487
  6061.430      21.0     4.856    -2.792
  6061.441 106.00113     3.247    -4.904               3.456
  6061.491     607.0     0.956    -3.610               7.650
  6061.504 106.00112     2.102    -4.402               3.456
  6061.607     607.0     0.956    -1.918               7.650
  6061.642      26.0     5.086    -2.368
  6061.643      22.1     8.098    -2.491
  6061.761 106.00112     2.102    -4.329               3.456
  6061.808      26.0     4.956    -3.510
  6061.828     607.0     1.114    -4.733               7.650
  6061.869     607.0     0.828    -2.922               7.650
  6061.916     607.0     0.828    -2.464               7.650
  6062.015     607.0     1.114    -2.676               7.650
  6062.054      22.0     2.427    -4.694
  6062.089       6.0     8.847    -2.847
  6062.092      21.0     3.101    -3.522
  6062.101      24.0     5.990    -4.013
  6062.147 106.00112     2.102    -4.329               3.456
  6062.180      69.1     4.301    -2.800
  6062.233     607.0     1.311    -2.931               7.650
  6062.309      92.0     0.530    -1.726
  6062.319      22.0     3.305    -3.232
  6062.362      24.0     4.186    -3.731
  6062.362      22.0     3.921    -3.375
  6062.474      26.0     5.341    -3.131
  6062.496      69.1     4.723    -2.080
  6062.612     607.0     0.975    -2.150               7.650
  6062.659      26.0     5.033    -3.226
  6062.673      24.0     3.195    -1.874
  6062.692     607.0     0.975    -3.028               7.650
  6062.768      22.1     8.082    -0.725
  6062.823      25.0     5.112    -3.298
  6062.848      26.0     2.176    -4.270
  6062.864      23.0     2.638    -2.707
  6062.882      25.0     4.345    -2.034
  6062.897      40.0     0.071    -2.180
  6062.936     607.0     0.961    -2.143               7.650
  6062.944      26.0     4.988    -1.744
  6063.018      70.1     7.251    -2.020
  6063.072      58.1     2.129    -3.040
  6063.114    56.0       1.143    -0.050
  6063.120      24.0     3.890    -2.043
  6063.121 106.00112     2.828    -4.342               3.456
  6063.283 106.00112     2.828    -4.361               3.456
  6063.287     607.0     1.206    -2.398               7.650
  6063.308      26.0     4.913    -1.018
  6063.331      69.1     4.904    -3.290
  6063.390      23.0     1.849    -4.378
  6063.401      27.0     3.687    -4.439
  6063.478 106.00113     2.563    -4.371               3.456
  6063.503      70.1     5.621    -3.070
  6063.543     607.0     1.039    -4.066               7.650
  6063.636      22.0     3.128    -3.919
  6063.687      15.0     7.381    -1.800
  6063.698     607.0     1.039    -2.151               7.650
  6063.702 106.00113     2.073    -4.633               3.456
  6063.717 106.00112     2.441    -4.589               3.456
  6063.720      70.1     6.586    -2.050
  6063.776 106.00112     2.441    -4.604               3.456
  6063.817      42.0     3.279    -1.871
  6063.879     607.0     0.845    -2.416               7.650
  6063.919 106.00113     2.563    -4.351               3.456
  6063.919 106.00113     2.073    -4.633               3.456
  6063.927      25.0     5.112    -2.380
  6063.967 106.00112     2.010    -4.197               3.456
  6063.967 106.00113     3.524    -4.646               3.456
  6063.993      14.0     5.863    -2.820
  6064.158     607.0     1.104    -3.449               7.650
  6064.158 106.00113     3.524    -4.634               3.456
  6064.178      58.1     1.404    -2.580
  6064.239      25.0     5.696    -3.769
  6064.243      23.1     6.713    -3.647
  6064.357 106.00112     2.010    -4.172               3.456
  6064.453 106.00113     1.841    -4.606               3.456
  6064.511      69.1     3.884    -2.390
  6064.569     607.0     1.420    -4.238               7.650
  6064.618      26.1     6.223    -4.580
  6064.623    22.0       1.046    -1.944
  6064.629      23.0     3.226    -4.016
  6064.790     607.0     0.898    -1.973               7.650
  6064.795 106.00113     1.841    -4.606               3.456
  6064.798 106.00113     2.073    -4.510               3.456
  6064.833      26.0     5.330    -5.039
  6064.854     607.0     0.898    -3.227               7.650
  6064.971 106.00113     2.073    -4.510               3.456
  6065.069     607.0     0.805    -3.291               7.650
  6065.074      74.0     2.602    -1.550
  6065.089      22.1     8.116    -0.893
  6065.132      69.1     4.435    -2.400
  6065.155 106.00112     2.771    -4.382               3.456
  6065.272     607.0     0.860    -3.319               7.650
  6065.306      22.1     8.132     0.379
  6065.329      42.0     2.836    -2.955
  6065.375     607.0     0.860    -2.293               7.650
  6065.413      27.1     8.736    -3.370
  6065.444     607.0     0.976    -1.918               7.650
  6065.450 106.00113     1.841    -4.544               3.456
  6065.461 106.00112     2.771    -4.362               3.456
  6065.482    26.0       2.607    -1.530
  6065.483 106.00112     2.086    -4.500               3.456
  6065.485      26.0     4.956    -3.601
  6065.541       6.0     8.848    -2.847
  6065.562     607.0     0.976    -3.620               7.650
  6065.582 106.00113     2.772    -4.362               3.456
  6065.593 106.00113     2.772    -4.382               3.456
  6065.597     607.0     1.108    -2.150               7.650
  6065.634 106.00112     2.010    -4.197               3.456
  6065.722      25.0     3.772    -3.104
  6065.731     607.0     1.108    -3.411               7.650
  6065.737 106.00113     1.841    -4.544               3.456
  6065.801      26.0     3.301    -4.332
  6065.807 106.00112     2.086    -4.500               3.456
  6065.865     607.0     0.886    -3.209               7.650
  6065.873 106.00112     2.010    -4.172               3.456
  6065.926      58.1     0.553    -2.660
  6065.927     607.0     0.886    -1.973               7.650
  6066.012      60.0     1.600     0.720
  6066.086 106.00113     2.444    -4.589               3.456
  6066.223     107.0     3.708    -3.387               3.450
  6066.300     607.0     0.912    -2.512               7.650
  6066.329 106.00112     2.086    -4.407               3.456
  6066.369      70.1     7.409    -2.470
  6066.392      22.1     8.133     0.121
  6066.419      24.0     4.096    -3.134
  6066.483      22.0     3.148    -3.693
  6066.497      90.1     3.304    -0.422
  6066.502 106.00113     2.444    -4.604               3.456
  6066.505      58.1     3.949    -2.570
  6066.517 106.00113     2.063    -4.845               3.456
  6066.560      26.0     4.256    -4.957
  6066.560      66.0     1.884    -2.180
  6066.598 106.00112     2.086    -4.407               3.456
  6066.638     607.0     0.836    -2.927               7.650
  6066.646 106.00113     2.063    -4.845               3.456
  6066.646       6.0     8.848    -2.972
  6066.671     607.0     1.281    -3.808               7.650
  6066.688     607.0     0.836    -2.434               7.650
  6066.688     107.0     3.708    -3.387               3.450
  6066.698     607.0     1.559    -4.892               7.650
  6066.750      58.0     0.206    -1.140
  6066.867      69.1     3.860    -1.890
  6067.029      22.0     3.921    -3.141
  6067.069      20.0     6.013    -4.614
  6067.073      25.0     5.349    -2.713
  6067.088      25.1     8.141    -4.548
  6067.117      57.1     0.772    -2.280
  6067.121      22.1     8.114    -1.404
  6067.143       6.0     8.847    -3.590
  6067.185     607.0     0.962    -3.026               7.650
  6067.219      92.1     0.113    -2.630
  6067.242      59.1     1.260    -1.091
  6067.250      23.0     2.684    -0.787
  6067.312      25.1     9.007    -3.546
  6067.390 106.00113     2.717    -4.403               3.456
  6067.614      26.1     7.693    -2.114
  6067.624      14.0     5.082    -3.107
  6067.709      24.0     3.551    -3.555
  6067.777      26.0     5.033    -3.045
  6067.780 106.00113     1.916    -4.284               3.456
  6067.796     607.0     0.795    -4.100               7.650
  6067.799      62.1     1.383    -1.480
  6067.813 106.00113     2.717    -4.383               3.456
  6067.869      77.0     4.952    -0.170
  6067.909      58.1     1.694    -1.910
  6067.922     607.0     0.990    -2.135               7.650
  6067.931 106.00113     2.063    -4.655               3.456
  6067.933     607.0     0.975    -2.128               7.650
  6067.957 106.00112     2.563    -4.371               3.456
  6067.968      25.0     3.772    -3.180
  6068.005     607.0     0.990    -3.037               7.650
  6068.023      24.1     6.686    -2.056
  6068.023 106.00113     2.063    -4.655               3.456
  6068.045 106.00113     1.916    -4.250               3.456
  6068.197      58.1     4.578    -2.460
  6068.220      26.0     5.067    -3.555
  6068.259 106.00112     2.563    -4.351               3.456
  6068.292       6.0     8.643    -3.150
  6068.338      26.0     4.549    -3.814
  6068.395      25.0     4.345    -4.213
  6068.432      21.0     3.189    -1.917
  6068.492      24.0     4.802    -1.908
  6068.524 106.00113     2.565    -4.371               3.456
  6068.539 106.00113     2.565    -4.351               3.456
  6068.641      58.0     0.844    -0.917
  6068.645      70.1     6.562    -1.120
  6068.649      28.1     7.119    -2.381
  6068.712      57.0     0.897    -1.060
  6068.745      22.1     8.114     0.558
  6068.815 106.00113     2.464    -4.391               3.456
  6068.867 106.00113     1.860    -4.405               3.456
  6068.926 106.00113     2.464    -4.373               3.456
  6068.963      23.0     2.115    -3.501
  6069.075      26.0     5.067    -4.379
  6069.102 106.00113     1.860    -4.392               3.456
  6069.150 106.00112     2.073    -4.633               3.456
  6069.177      24.0     5.725    -4.030
  6069.238      70.1     7.166    -2.450
  6069.267     607.0     1.108    -2.138               7.650
  6069.270      22.0     1.879    -2.325
  6069.294 106.00112     3.694    -4.575               3.456
  6069.296      26.0     5.330    -4.857
  6069.301      58.1     1.406    -1.650
  6069.352     607.0     0.855    -2.390               7.650
  6069.368 106.00112     2.073    -4.633               3.456
  6069.382      22.0     3.285    -4.117
  6069.457       6.0     9.003    -3.620
  6069.469      58.0     1.607     0.161
  6069.490      58.0     0.954    -0.219
  6069.634      58.1     1.406    -1.480
  6069.669    26.1      10.714    -0.500
  6069.681 106.00112     2.772    -4.362               3.456
  6069.681      23.0     2.608    -4.782
  6069.723      22.0     3.409    -3.947
  6069.735      58.1     1.520    -2.690
  6069.744      24.1     6.686    -2.603
  6069.821 106.00112     2.772    -4.382               3.456
  6069.840     607.0     0.912    -3.782               7.650
  6069.860     607.0     0.878    -2.289               7.650
  6069.887 106.00112     1.841    -4.606               3.456
  6069.917      22.1     8.108    -2.212
  6069.950 106.00113     1.978    -4.228               3.456
  6069.961     607.0     1.122    -3.457               7.650
  6069.981     607.0     0.912    -2.506               7.650
  6070.013      26.1     6.217    -3.344
  6070.050 106.00112     3.694    -4.564               3.456
  6070.059     607.0     0.910    -1.953               7.650
  6070.068      62.0     0.185    -1.511
  6070.105      24.1     4.750    -2.986
  6070.127     607.0     0.910    -3.235               7.650
  6070.134      69.1     3.934    -3.880
  6070.169     607.0     0.820    -4.777               7.650
  6070.195     607.0     0.792    -3.640               7.650
  6070.204 106.00112     2.073    -4.510               3.456
  6070.212      70.1     6.127    -1.820
  6070.229     607.0     0.962    -4.454               7.650
  6070.230 106.00112     1.841    -4.606               3.456
  6070.267       6.0     9.003    -3.260
  6070.332     607.0     0.812    -3.289               7.650
  6070.346      26.0     4.549    -3.302
  6070.378 106.00112     2.073    -4.510               3.456
  6070.403     607.0     0.962    -3.021               7.650
  6070.406      24.0     3.113    -4.803
  6070.407 106.00113     2.055    -4.913               3.456
  6070.411     607.0     0.976    -3.618               7.650
  6070.440 106.00113     2.055    -4.913               3.456
  6070.464      14.0     5.954    -3.734
  6070.488 106.00112     2.444    -4.589               3.456
  6070.496 106.00113     1.978    -4.198               3.456
  6070.529     607.0     0.976    -1.908               7.650
  6070.558      24.0     3.092    -4.977
  6070.650      27.0     4.572    -0.367
  6070.658      69.1     5.368    -3.130
  6070.669 106.00113     1.917    -4.284               3.456
  6070.717 106.00113     1.917    -4.250               3.456
  6070.746      37.0     1.560    -1.858
  6070.758     607.0     0.898    -3.218               7.650
  6070.772 106.00112     1.841    -4.544               3.456
  6070.823     607.0     0.898    -1.954               7.650
  6070.835       6.0     8.848    -2.751
  6070.978      24.0     5.462    -3.564
  6071.060 106.00112     1.841    -4.544               3.456
  6071.089 106.00112     2.444    -4.604               3.456
  6071.262      23.0     4.664    -4.005
  6071.301      26.0     5.070    -3.883
  6071.318      14.0     5.863    -3.256
  6071.380 106.00113     1.978    -4.228               3.456
  6071.420      26.0     4.985    -4.872
  6071.420    26.1      10.714    -0.250
  6071.507      58.1     4.067    -3.190
  6071.609      69.1     3.618    -2.550
  6071.649     607.0     0.845    -2.934               7.650
  6071.701     607.0     0.846    -2.406               7.650
  6071.702      60.0     1.287     0.110
  6071.709       6.0     8.848    -4.080
  6071.733      58.1     3.847    -3.690
  6071.745 106.00112     2.717    -4.403               3.456
  6071.747      26.0     5.064    -2.319
  6071.771 106.00113     3.694    -4.575               3.456
  6071.793 106.00113     1.978    -4.198               3.456
  6071.819 106.00113     2.719    -4.403               3.456
  6071.830 106.00113     2.719    -4.383               3.456
  6071.834      27.0     2.874    -4.337
  6071.889      69.1     5.197    -2.660
  6071.903      22.0     3.161    -4.242
  6072.004      58.0     0.396    -0.770
  6072.007 106.00112     2.063    -4.845               3.456
  6072.044      57.0     1.047    -1.460
  6072.044     607.0     1.066    -2.151               7.650
  6072.044 106.00112     2.717    -4.383               3.456
  6072.053      28.0     5.288    -3.896
  6072.062     607.0     1.235    -2.400               7.650
  6072.136 106.00112     2.063    -4.845               3.456
  6072.184      22.1     8.116    -1.107
  6072.202     607.0     1.066    -4.074               7.650
  6072.236     607.0     1.235    -3.855               7.650
  6072.309      58.1     2.003    -1.100
  6072.380 106.00113     2.331    -4.929               3.456
  6072.414      22.0     3.179    -2.530
  6072.446      22.1     8.108     0.141
  6072.527      69.1     4.946    -3.340
  6072.555      26.1     9.700    -4.962
  6072.634      22.0     3.285    -3.982
  6072.701 106.00112     1.916    -4.284               3.456
  6072.711      24.0     5.607    -3.995
  6072.741 106.00113     2.331    -4.929               3.456
  6072.744      22.0     3.154    -2.143
  6072.789 106.00112     1.916    -4.250               3.456
  6072.885      24.1     6.484    -3.018
  6072.885 106.00112     2.565    -4.351               3.456
  6072.959 106.00113     3.694    -4.564               3.456
  6073.009      28.0     5.289    -3.365
  6073.011 106.00112     2.565    -4.371               3.456
  6073.066     607.0     1.146    -2.676               7.650
  6073.104      90.1     0.189    -3.103
  6073.122     607.0     0.990    -2.114               7.650
  6073.132      26.0     3.642    -5.011
  6073.180 106.00113     1.862    -4.392               3.456
  6073.216      26.0     5.033    -3.969
  6073.247 106.00113     1.862    -4.405               3.456
  6073.256     607.0     1.146    -4.739               7.650
  6073.273      23.0     3.545    -2.718
  6073.354 106.00112     2.464    -4.373               3.456
  6073.387 106.00112     2.063    -4.655               3.456
  6073.402 106.00112     2.464    -4.391               3.456
  6073.431      24.1     8.414    -3.539
  6073.460     607.0     1.005    -2.121               7.650
  6073.479 106.00112     2.063    -4.655               3.456
  6073.527 106.00112     1.860    -4.405               3.456
  6073.534 106.00112     1.860    -4.392               3.456
  6073.546     607.0     1.005    -3.045               7.650
  6073.554     607.0     1.345    -2.932               7.650
  6073.568      69.1     4.355    -2.790
  6073.600      58.1     4.204    -1.700
  6073.605      23.1     3.799    -4.631
  6073.634 106.00113     2.665    -4.426               3.456
  6073.756      24.0     4.106    -3.653
  6073.760      22.1     8.098    -0.139
  6073.760     607.0     1.345    -4.515               7.650
  6073.969      60.0     1.051    -0.080
  6073.981      24.0     3.888    -3.222
  6073.997      24.0     4.099    -3.534
  6074.014      22.0     3.319    -3.161
  6074.047 106.00113     2.665    -4.405               3.456
  6074.139      24.0     4.411    -2.544
  6074.140      23.0     3.529    -3.304
  6074.158 106.00112     3.696    -4.564               3.456
  6074.195       6.0     8.851    -2.751
  6074.214      22.0     3.551    -3.742
  6074.276 106.00113     1.666    -4.720               3.456
  6074.338    10.0      16.671    -0.477
  6074.340     607.0     0.878    -3.327               7.650
  6074.345      69.1     4.946    -2.600
  6074.445     607.0     0.878    -2.281               7.650
  6074.461 106.00113     2.466    -4.373               3.456
  6074.568 106.00112     3.696    -4.575               3.456
  6074.819 106.00113     2.466    -4.391               3.456
  6074.841 106.00113     1.666    -4.678               3.456
  6074.934     607.0     1.131    -2.141               7.650
  6075.010      66.0     1.980    -1.110
  6075.027     607.0     0.865    -2.365               7.650
  6075.071     607.0     1.131    -3.417               7.650
  6075.082      26.0     4.796    -3.602
  6075.130     607.0     1.235    -2.391               7.650
  6075.173 106.00112     1.978    -4.228               3.456
  6075.187      26.0     4.415    -4.512
  6075.195      28.1     9.413    -3.781
  6075.196      58.1     1.666    -1.620
  6075.216      70.1     6.570    -0.690
  6075.253     607.0     1.066    -4.072               7.650
  6075.328 106.00113     1.666    -4.720               3.456
  6075.411     607.0     1.066    -2.144               7.650
  6075.465 106.00112     1.917    -4.250               3.456
  6075.471      58.1     1.355    -1.950
  6075.506     607.0     0.922    -1.935               7.650
  6075.513 106.00113     2.506    -4.392               3.456
  6075.557      63.0     1.912    -0.360
  6075.577     607.0     0.922    -3.243               7.650
  6075.594 106.00112     1.917    -4.284               3.456
  6075.601 106.00112     1.978    -4.198               3.456
  6075.659      69.1     4.531    -3.500
  6075.662      58.1     0.000    -3.100
  6075.676      26.0     5.372    -5.015
  6075.686     607.0     1.146    -4.738               7.650
  6075.709      23.0     2.616    -3.257
  6075.725      22.0     3.551    -4.031
  6075.742      62.0     1.473    -0.625
  6075.782 106.00113     1.666    -4.678               3.456
  6075.847     607.0     0.910    -3.227               7.650
  6075.862     607.0     0.820    -3.289               7.650
  6075.877     607.0     1.146    -2.669               7.650
  6075.904 106.00112     2.055    -4.913               3.456
  6075.914     607.0     0.910    -1.935               7.650
  6075.937 106.00112     2.055    -4.913               3.456
  6075.941     607.0     1.140    -3.464               7.650
  6075.945 106.00113     2.506    -4.372               3.456
  6076.011 106.00113     2.348    -4.905               3.456
  6076.067 106.00112     2.719    -4.383               3.456
  6076.148      23.0     2.138    -4.548
  6076.155      58.1     3.736    -1.840
  6076.181 106.00112     2.719    -4.403               3.456
  6076.270      22.1     8.116    -0.037
  6076.271      20.0     6.016    -2.344
  6076.279     607.0     1.345    -2.925               7.650
  6076.290     607.0     1.308    -3.813               7.650
  6076.462      24.1     8.415    -2.621
  6076.580 106.00113     2.348    -4.905               3.456
  6076.591      25.1     6.658    -3.287
  6076.606 106.00112     1.978    -4.228               3.456
  6076.612      58.0     0.954    -0.220
  6076.613 106.00113     2.348    -4.832               3.456
  6076.665      23.1     2.268    -4.830
  6076.765 106.00112     3.464    -4.658               3.456
  6076.796     607.0     1.452    -4.242               7.650
  6076.815      26.0     4.283    -4.845
  6076.847     607.0     0.855    -2.940               7.650
  6076.899      58.1     3.750    -3.490
  6076.901 106.00112     1.978    -4.198               3.456
  6076.902     607.0     0.855    -2.380               7.650
  6076.925      14.0     5.964    -1.975
  6076.933      58.1     1.339    -3.220
  6077.049 106.00113     3.696    -4.575               3.456
  6077.071 106.00113     3.696    -4.564               3.456
  6077.101 106.00113     2.348    -4.832               3.456
  6077.163      58.0     0.398    -1.083
  6077.197      23.0     4.232    -4.016
  6077.291      92.0     0.077    -1.477
  6077.323 106.00112     3.464    -4.646               3.456
  6077.343      24.0     3.889    -2.394
  6077.356      63.0     1.944    -0.610
  6077.356      24.1     8.415    -4.521
  6077.385      69.1     5.147    -0.730
  6077.431    18.1      17.266    -2.350
  6077.433      25.1     6.668    -3.030
  6077.504      22.1     8.093    -0.289
  6077.550      58.1     1.155    -1.360
  6077.572      24.0     5.464    -3.349
  6077.618 106.00112     1.862    -4.392               3.456
  6077.684      26.0     5.064    -5.073
  6077.694     607.0     0.997    -1.908               7.650
  6077.748      24.1     9.105    -2.464
  6077.807 106.00112     2.331    -4.929               3.456
  6077.814      65.1     1.513    -1.000
  6077.816     607.0     0.997    -3.627               7.650
  6077.821 106.00113     2.667    -4.426               3.456
  6077.855 106.00113     2.666    -4.405               3.456
  6077.876      58.1     0.529    -3.790
  6077.914 106.00112     1.862    -4.405               3.456
  6077.929      22.0     3.969    -3.617
  6077.976      26.0     3.882    -3.886
  6078.124 106.00112     2.665    -4.426               3.456
  6078.128 106.00113     1.827    -4.664               3.456
  6078.161      23.0     3.406    -1.634
  6078.169 106.00112     2.331    -4.929               3.456
  6078.172      25.1     9.007    -2.733
  6078.184     607.0     0.936    -2.504               7.650
  6078.303      26.0     5.345    -4.783
  6078.304      26.1     9.700    -2.108
  6078.328      42.0     3.265    -2.719
  6078.359      22.0     3.904    -3.650
  6078.361 106.00113     1.827    -4.664               3.456
  6078.365      23.0     3.632    -3.057
  6078.394       6.0     8.851    -2.274
  6078.413 106.00112     2.665    -4.405               3.456
  6078.423      26.0     5.273    -3.146
  6078.438      58.1     0.876    -2.400
  6078.491      26.0     4.796    -0.451
  6078.528     607.0     1.131    -2.130               7.650
  6078.559     607.0     1.005    -2.101               7.650
  6078.726      69.1     3.764    -1.130
  6078.775      26.0     4.313    -4.372
  6078.897 106.00112     2.466    -4.373               3.456
  6078.901      24.1     6.145    -3.630
  6078.941      22.1     8.097     0.206
  6078.972      90.1     0.994    -2.399
  6078.973      15.0     8.157    -3.740
  6079.008      26.0     4.652    -1.250
  6079.193     607.0     1.020    -2.107               7.650
  6079.234     607.0     0.897    -2.277               7.650
  6079.270       6.0     8.851    -3.580
  6079.281     607.0     1.020    -3.053               7.650
  6079.309      58.1     1.696    -1.050
  6079.318 106.00113     1.828    -4.587               3.456
  6079.328      69.1     2.917    -3.790
  6079.414 106.00112     2.466    -4.391               3.456
  6079.434      22.0     3.128    -3.385
  6079.436      24.0     5.072    -1.239
  6079.470      69.1     4.924    -1.790
  6079.503 106.00113     1.828    -4.587               3.456
  6079.550     607.0     0.997    -3.625               7.650
  6079.563      26.0     5.386    -4.530
  6079.564      42.0     2.916    -1.496
  6079.573      21.0     2.564    -1.558
  6079.592     607.0     0.808    -3.648               7.650
  6079.614 106.00113     2.615    -4.450               3.456
  6079.618 106.00112     1.666    -4.720               3.456
  6079.672     607.0     0.997    -1.898               7.650
  6079.736 106.00113     1.528    -4.801               3.456
  6079.758     607.0     0.818    -4.107               7.650
  6079.770       6.0     9.003    -3.130
  6079.779      69.1     4.723    -1.540
  6079.828 106.00113     2.367    -4.815               3.456
  6079.836 106.00113     3.464    -4.658               3.456
  6079.862      22.1     8.114    -0.009
  6080.013 106.00112     1.666    -4.678               3.456
  6080.013 106.00113     2.615    -4.427               3.456
  6080.022      14.0     5.871    -2.199
  6080.139      27.0     4.504    -3.486
  6080.146 106.00112     2.506    -4.392               3.456
  6080.161 106.00113     1.528    -4.764               3.456
  6080.165      58.1     3.847    -3.480
  6080.250 106.00113     1.949    -4.264               3.456
  6080.298 106.00113     2.508    -4.392               3.456
  6080.335 106.00113     2.508    -4.372               3.456
  6080.366      58.0     1.502     0.007
  6080.372 106.00113     2.367    -4.758               3.456
  6080.440     5.1      15.828    -0.696
  6080.442 106.00112     2.506    -4.372               3.456
  6080.551      22.0     3.215    -2.617
  6080.553 106.00113     2.367    -4.815               3.456
  6080.630      24.0     5.990    -3.373
  6080.641      64.1     1.727    -0.850
  6080.672 106.00112     1.666    -4.720               3.456
  6080.712      22.1     8.082     0.003
  6080.783      27.0     2.137    -3.147
  6080.827 106.00113     1.949    -4.229               3.456
  6080.846      26.0     5.334    -4.659
  6080.869      22.0     2.175    -3.550
  6080.894     607.0     0.875    -2.341               7.650
  6080.902      58.1     0.956    -2.830
  6080.930 106.00113     3.464    -4.646               3.456
  6080.956 106.00112     1.666    -4.678               3.456
  6080.984      24.0     5.462    -3.308
  6081.004 106.00113     2.367    -4.758               3.456
  6081.058      15.0     8.115    -2.980
  6081.158     607.0     0.922    -3.236               7.650
  6081.160     607.0     1.596    -4.895               7.650
  6081.188     607.0     0.934    -1.917               7.650
  6081.228     607.0     0.922    -1.917               7.650
  6081.229     607.0     0.991    -3.019               7.650
  6081.242      24.0     4.411    -2.433
  6081.261     607.0     0.934    -3.252               7.650
  6081.272      20.0     6.018    -2.330
  6081.285      58.0     0.028    -1.449
  6081.400      28.1     6.821    -4.644
  6081.441      23.0     1.051    -0.579
  6081.445 106.00112     2.348    -4.905               3.456
  6081.448 106.00112     3.465    -4.646               3.456
  6081.456      24.1     6.487    -2.128
  6081.459 106.00113     1.949    -4.264               3.456
  6081.463      22.1     6.488    -3.152
  6081.467      74.0     2.267    -1.660
  6081.572     607.0     0.828    -3.291               7.650
  6081.596      14.0     7.839    -3.842
  6081.664     607.0     0.936    -3.788               7.650
  6081.673      26.0     5.010    -4.570
  6081.682      20.0     5.578    -4.611
  6081.709      26.0     4.415    -2.871
  6081.778      67.0     0.000    -1.620
  6081.781 106.00112     3.465    -4.658               3.456
  6081.804      23.1     3.796    -3.754
  6081.809     607.0     0.936    -2.498               7.650
  6081.811      25.0     4.794    -3.877
  6081.829      26.0     4.143    -2.982
  6081.838      16.0     8.045    -2.290
  6081.863 106.00113     1.528    -4.801               3.456
  6081.899      58.1     1.613    -3.440
  6081.918 106.00113     1.949    -4.229               3.456
  6082.014 106.00112     2.348    -4.905               3.456
  6082.026 106.00112     2.348    -4.832               3.456
  6082.064      24.0     5.465    -4.018
  6082.088      58.1     1.925    -0.830
  6082.107       6.0     8.847    -3.700
  6082.118 106.00113     1.528    -4.764               3.456
  6082.178     607.0     1.159    -3.472               7.650
  6082.221      70.1     5.671    -2.370
  6082.225 106.00112     2.666    -4.405               3.456
  6082.277     607.0     0.865    -2.948               7.650
  6082.299      23.0     4.136    -3.982
  6082.318 106.00112     2.667    -4.426               3.456
  6082.334     607.0     0.865    -2.355               7.650
  6082.340 106.00112     3.484    -4.843               3.456
  6082.381      70.1     5.954    -0.630
  6082.390      26.0     4.733    -4.336
  6082.440    27.0       3.514    -0.520
  6082.447 106.00112     3.484    -4.832               3.456
  6082.514 106.00112     2.348    -4.832               3.456
  6082.536      23.0     3.621    -4.166
  6082.578      26.0     5.607    -3.533
  6082.606      26.0     4.220    -3.876
  6082.674      24.0     3.887    -3.573
  6082.711    26.0       2.221    -3.573
  6082.735      16.0     8.046    -2.770
  6082.799      23.0     0.017    -4.975
  6082.851      26.0     5.341    -3.797
  6082.886    26.1      10.714    -0.670
  6082.899      60.1     1.282    -0.710
  6082.931      24.0     4.613    -4.213
  6083.165 106.00113     2.389    -4.744               3.456
  6083.177      16.0     8.046    -2.070
  6083.305      70.1     5.572    -1.080
  6083.328      27.0     4.504    -0.961
  6083.365      25.0     4.827    -3.177
  6083.374      24.0     3.887    -3.565
  6083.406      23.1     3.758    -4.029
  6083.522      12.0     5.394    -3.270
  6083.547 106.00113     2.616    -4.450               3.456
  6083.551      15.0     7.965    -2.830
  6083.595 106.00113     2.616    -4.427               3.456
  6083.625     607.0     0.897    -3.335               7.650
  6083.631      20.0     5.490    -2.390
  6083.635      69.1     5.104    -1.280
  6083.647      22.0     3.154    -2.242
  6083.654 106.00113     2.389    -4.699               3.456
  6083.660      26.0     3.884    -3.633
  6083.674      58.1     4.417    -1.780
  6083.687 106.00112     1.827    -4.664               3.456
  6083.691      22.1     8.089    -3.054
  6083.734     607.0     0.897    -2.270               7.650
  6083.776      26.0     5.086    -3.076
  6083.805      26.0     5.273    -4.281
  6083.810      23.1     2.544    -2.307
  6083.850      63.0     1.708     0.060
  6083.850      63.0     1.708     0.020
  6083.868      70.1     7.133    -0.850
  6083.908     607.0     1.093    -2.144               7.650
  6083.915      24.0     5.611    -3.171
  6083.921 106.00112     1.827    -4.664               3.456
  6084.024 106.00113     3.484    -4.843               3.456
  6084.028      58.1     1.959    -1.780
  6084.044      26.0     5.348    -4.108
  6084.050      21.0     5.413    -3.702
  6084.061 106.00113     2.389    -4.744               3.456
  6084.069     607.0     1.093    -4.079               7.650
  6084.111      26.1     3.199    -3.881
  6084.112      58.1     3.616    -1.780
  6084.139      62.0     0.101    -1.678
  6084.167      26.1     6.219    -4.355
  6084.192     607.0     1.265    -2.393               7.650
  6084.195      23.0     3.239    -1.972
  6084.201     607.0     1.020    -2.088               7.650
  6084.213     607.0     0.991    -4.459               7.650
  6084.228 106.00112     2.615    -4.450               3.456
  6084.271     607.0     0.848    -4.783               7.650
  6084.354 106.00112     3.182    -4.929               3.456
  6084.370     607.0     1.265    -3.860               7.650
  6084.391     607.0     0.991    -3.014               7.650
  6084.437      24.0     3.888    -2.771
  6084.442      58.1     2.040    -1.950
  6084.446 106.00113     2.389    -4.699               3.456
  6084.455     607.0     1.155    -2.133               7.650
  6084.469 106.00113     2.370    -4.622               3.456
  6084.484      25.0     5.714    -2.903
  6084.513 106.00112     2.615    -4.427               3.456
  6084.542      69.1     4.301    -2.480
  6084.566      22.0     3.148    -3.743
  6084.580 106.00113     3.484    -4.832               3.456
  6084.583 106.00113     2.370    -4.605               3.456
  6084.595     607.0     1.155    -3.423               7.650
  6084.619      69.1     4.914    -2.860
  6084.682      69.1     3.766    -2.220
  6084.724      69.1     4.723    -1.730
  6084.744      24.0     4.411    -2.995
  6084.780 106.00112     1.828    -4.587               3.456
  6084.798      22.1     6.489    -2.791
  6084.806      22.1     8.097    -1.281
  6084.817 106.00112     3.182    -4.916               3.456
  6084.820      24.0     3.878    -4.306
  6084.839 106.00112     2.508    -4.372               3.456
  6084.854 106.00112     1.528    -4.801               3.456
  6084.857 106.00113     3.465    -4.658               3.456
  6084.861      57.0     2.090    -0.350
  6084.863      26.0     5.345    -3.630
  6084.897      58.1     0.559    -2.760
  6084.939 106.00112     2.508    -4.392               3.456
  6084.965 106.00112     1.828    -4.587               3.456
  6084.982      58.1     1.775    -1.650
  6084.995 106.00113     1.872    -4.321               3.456
  6085.050 106.00112     1.528    -4.764               3.456
  6085.054      66.0     0.874    -1.318
  6085.061 106.00113     3.465    -4.646               3.456
  6085.141     607.0     1.036    -2.094               7.650
  6085.143      23.0     2.565    -4.783
  6085.158      22.0     3.154    -2.401
  6085.226      22.0     1.053    -1.963
  6085.232     607.0     1.036    -3.061               7.650
  6085.246 106.00112     2.367    -4.815               3.456
  6085.256      90.1     0.770    -2.272
  6085.258      26.0     2.758    -3.225
  6085.269 106.00113     2.566    -4.427               3.456
  6085.287 106.00113     1.872    -4.285               3.456
  6085.602 106.00112     1.949    -4.264               3.456
  6085.665 106.00113     2.566    -4.452               3.456
  6085.696      26.0     4.966    -4.405
  6085.758 106.00112     2.367    -4.758               3.456
  6085.943      21.0     2.509    -2.362
  6085.959      26.1     8.592    -2.074
  6085.972 106.00112     2.367    -4.815               3.456
  6085.996      24.0     4.096    -3.321
  6086.002      24.1     6.578    -2.817
  6086.032 106.00113     2.413    -4.688               3.456
  6086.047      23.0     2.115    -4.025
  6086.069 106.00112     1.949    -4.229               3.456
  6086.073      27.0     3.713    -3.331
  6086.146     607.0     1.335    -3.819               7.650
  6086.147 106.00113     3.182    -4.929               3.456
  6086.175      58.1     3.650    -3.490
  6086.176      59.1     1.306    -0.790
  6086.276      28.0     4.266    -0.530
  6086.281     607.0     1.018    -1.898               7.650
  6086.391 106.00112     2.367    -4.758               3.456
  6086.406     607.0     1.018    -3.634               7.650
  6086.441      22.0     3.424    -2.943
  6086.463      26.0     5.070    -4.671
  6086.480 106.00113     2.413    -4.653               3.456
  6086.587      69.1     2.968    -2.250
  6086.600      42.0     3.223    -1.971
  6086.602      21.0     3.189    -3.856
  6086.643      23.0     1.218    -3.448
  6086.658      27.0     3.409    -1.040
  6086.685     607.0     0.934    -3.245               7.650
  6086.687      24.0     4.106    -2.149
  6086.695       6.0     8.848    -3.700
  6086.706 106.00113     2.401    -4.410               3.456
  6086.758     607.0     0.934    -1.900               7.650
  6086.814 106.00112     1.949    -4.264               3.456
  6086.817 106.00113     2.401    -4.392               3.456
  6086.833      42.0     3.782    -1.760
  6086.932      23.1     2.556    -2.262
  6086.938      22.0     3.904    -4.045
  6086.976     607.0     0.886    -2.319               7.650
  6086.984 106.00112     1.528    -4.801               3.456
  6086.992      27.0     4.049    -2.326
  6086.993      26.0     5.345    -3.146
  6087.010 106.00112     1.528    -4.764               3.456
  6087.053      58.1     1.412    -2.200
  6087.072     607.0     0.948    -1.900               7.650
  6087.077 106.00113     2.451    -4.415               3.456
  6087.088      26.1     7.539    -3.940
  6087.114 106.00113     2.413    -4.688               3.456
  6087.124      24.0     5.987    -3.537
  6087.136 106.00113     3.182    -4.916               3.456
  6087.148     607.0     0.948    -3.260               7.650
  6087.159      14.0     5.984    -2.135
  6087.162 106.00112     1.949    -4.229               3.456
  6087.168     607.0     1.178    -2.669               7.650
  6087.190     607.0     1.093    -4.078               7.650
  6087.228     607.0     1.265    -2.385               7.650
  6087.263      90.1     1.903    -1.411
  6087.336      92.1     0.799    -2.161
  6087.351     607.0     1.093    -2.136               7.650
  6087.355      23.1     3.753    -4.460
  6087.362     607.0     1.178    -4.744               7.650
  6087.440 106.00113     2.413    -4.653               3.456
  6087.455      58.1     2.373    -2.670
  6087.490      24.0     6.148    -2.380
  6087.503 106.00113     2.451    -4.394               3.456
  6087.507      23.0     1.051    -2.810
  6087.508      26.0     5.012    -5.106
  6087.525     607.0     0.836    -3.294               7.650
  6087.533      59.1     1.121    -0.640
  6087.599 106.00113     1.873    -4.321               3.456
  6087.600      24.0     5.464    -3.109
  6087.671      58.1     3.997    -3.380
  6087.688 106.00113     1.873    -4.285               3.456
  6087.694      20.0     3.910    -1.965
  6087.697      14.0     5.871    -2.381
  6087.798      27.1     8.562    -1.912
  6087.805      14.0     5.871    -1.808
  6087.811      24.0     3.889    -4.339
  6087.854     607.0     1.380    -2.926               7.650
  6087.874       6.0     8.851    -3.920
  6087.877      27.1     8.562    -1.764
  6087.882      26.0     4.186    -3.559
  6087.937     607.0     0.875    -2.955               7.650
  6087.939      20.0     3.910    -2.187
  6087.941      39.0     2.085    -0.610
  6087.998     607.0     0.876    -2.332               7.650
  6088.004     607.0     1.155    -2.122               7.650
  6088.006      22.0     3.166    -3.248
  6088.050      20.0     3.910    -2.664
  6088.064     607.0     1.380    -4.519               7.650
  6088.100 106.00112     2.616    -4.427               3.456
  6088.122      28.0     5.303    -3.009
  6088.154      26.0     5.012    -4.375
  6088.167 106.00112     2.616    -4.450               3.456
  6088.260      66.0     0.513    -0.980
  6088.285 106.00112     3.486    -4.832               3.456
  6088.306      26.1     7.869    -2.192
  6088.362      22.0     3.104    -4.065
  6088.369      26.0     5.086    -4.260
  6088.441 106.00113     2.439    -4.645               3.456
  6088.496      24.0     3.887    -3.200
  6088.551      69.1     5.151    -1.010
  6088.556 106.00112     2.389    -4.744               3.456
  6088.603     607.0     1.178    -3.479               7.650
  6088.619      62.0     1.543    -0.557
  6088.711      22.0     3.337    -3.068
  6088.712      70.1     6.014    -0.630
  6088.756      26.1     7.707    -4.636
  6088.816     607.0     0.916    -2.265               7.650
  6088.867 106.00113     2.439    -4.619               3.456
  6088.896     607.0     1.018    -3.632               7.650
  6088.904      70.1     5.856    -2.230
  6088.942 106.00113     2.567    -4.427               3.456
  6088.947      58.0     1.464     0.018
  6088.951      28.0     5.284    -3.196
  6088.997      26.0     5.388    -4.980
  6089.005 106.00112     2.389    -4.699               3.456
  6089.012 106.00113     2.567    -4.452               3.456
  6089.021     607.0     1.018    -1.888               7.650
  6089.048      69.1     4.744    -2.950
  6089.123      25.1     6.800    -2.506
  6089.127      23.1     2.557    -2.995
  6089.157      70.1     2.847    -2.870
  6089.190      92.0     0.471    -1.838
  6089.190 106.00112     3.486    -4.843               3.456
  6089.197 106.00112     2.370    -4.605               3.456
  6089.206     607.0     0.825    -3.656               7.650
  6089.261 106.00112     2.370    -4.622               3.456
  6089.262      58.1     0.561    -2.780
  6089.294     607.0     1.485    -4.246               7.650
  6089.367      58.1     1.767    -1.340
  6089.453 106.00112     2.389    -4.744               3.456
  6089.476      23.0     1.043    -3.109
  6089.486      58.1     1.366    -3.030
  6089.496      22.0     3.199    -3.996
  6089.561      24.0     3.888    -3.878
  6089.590      26.0     4.580    -3.841
  6089.632      24.1     6.487    -1.445
  6089.641      58.1     3.849    -3.490
  6089.685      58.1     1.042    -3.320
  6089.724      21.1     8.231    -2.779
  6089.728 106.00113     2.440    -4.645               3.456
  6089.737      24.0     5.462    -4.093
  6089.743 106.00113     1.922    -4.306               3.456
  6089.798 106.00112     2.389    -4.699               3.456
  6089.819     607.0     1.178    -4.743               7.650
  6089.962 106.00112     3.184    -4.916               3.456
  6089.988      24.0     3.890    -4.223
  6089.995      26.0     4.991    -3.064
  6090.006 106.00112     2.566    -4.427               3.456
  6090.013     607.0     1.178    -2.663               7.650
  6090.014 106.00113     2.440    -4.619               3.456
  6090.039     607.0     1.036    -2.075               7.650
  6090.069      25.0     4.354    -1.560
  6090.114 106.00112     1.872    -4.321               3.456
  6090.214      23.0     1.081    -0.062
  6090.229 106.00112     3.184    -4.929               3.456
  6090.236 106.00112     1.872    -4.285               3.456
  6090.280      22.0     3.409    -4.135
  6090.288 106.00112     2.566    -4.452               3.456
  6090.315     607.0     0.961    -2.495               7.650
  6090.366 106.00113     1.922    -4.265               3.456
  6090.372      58.1     1.581    -3.860
  6090.377      59.1     1.244    -0.955
  6090.422 106.00113     3.486    -4.832               3.456
  6090.437 106.00113     2.468    -4.613               3.456
  6090.504      22.0     3.957    -3.401
  6090.544      23.0     1.064    -2.600
  6090.548 106.00113     2.519    -4.414               3.456
  6090.563      27.0     3.409    -1.916
  6090.564     607.0     1.380    -2.919               7.650
  6090.748      25.1     9.007    -3.886
  6090.748 106.00113     1.922    -4.306               3.456
  6090.774      20.0     5.490    -4.039
  6090.782      73.0     3.122    -0.560
  6090.841 106.00113     2.468    -4.594               3.456
  6090.868      20.0     6.021    -2.159
  6090.878 106.00113     3.486    -4.843               3.456
  6090.893 106.00113     1.816    -4.738               3.456
  6090.937 106.00113     2.519    -4.429               3.456
  6090.978      58.1     1.962    -1.210
  6091.030 106.00113     1.816    -4.738               3.456
  6091.138 106.00113     2.372    -4.605               3.456
  6091.158      26.1     5.911    -4.728
  6091.169    22.0       2.267    -0.423
  6091.264 106.00113     1.922    -4.265               3.456
  6091.308     607.0     1.052    -2.081               7.650
  6091.387 106.00112     2.413    -4.688               3.456
  6091.398      62.0     1.414    -0.220
  6091.401     607.0     1.052    -3.069               7.650
  6091.431 106.00112     2.401    -4.392               3.456
  6091.476 106.00112     2.401    -4.410               3.456
  6091.539 106.00113     2.372    -4.622               3.456
  6091.542      58.1     1.149    -3.240
  6091.598 106.00113     2.452    -4.415               3.456
  6091.644      26.0     5.345    -4.685
  6091.654 106.00113     2.452    -4.394               3.456
  6091.660      24.0     4.532    -1.510
  6091.720      26.0     4.607    -2.546
  6091.791 106.00112     2.413    -4.653               3.456
  6091.854      22.1     8.132    -2.738
  6091.862 106.00112     2.451    -4.415               3.456
  6091.895      23.0     2.122    -3.673
  6091.919      14.0     5.871    -1.470
  6091.925 106.00113     1.753    -4.903               3.456
  6091.936 106.00113     2.468    -4.613               3.456
  6091.960     607.0     0.840    -4.113               7.650
  6092.025 106.00113     3.184    -4.929               3.456
  6092.032 106.00113     2.499    -4.589               3.456
  6092.107      24.0     5.465    -3.002
  6092.122      23.1     3.799    -4.909
  6092.125      69.1     4.311    -3.110
  6092.125 106.00113     2.403    -4.392               3.456
  6092.155 106.00112     2.451    -4.394               3.456
  6092.166      26.0     4.966    -4.642
  6092.181 106.00113     2.469    -4.594               3.456
  6092.196      22.1     8.098    -2.002
  6092.285 106.00113     3.184    -4.916               3.456
  6092.348      20.0     2.709    -4.615
  6092.396 106.00113     1.817    -4.638               3.456
  6092.415      22.1     8.108    -2.470
  6092.419 106.00113     2.499    -4.581               3.456
  6092.432     607.0     0.948    -3.254               7.650
  6092.452 106.00113     2.403    -4.410               3.456
  6092.470 106.00112     2.413    -4.688               3.456
  6092.496 106.00113     1.817    -4.638               3.456
  6092.505      22.0     3.179    -1.910
  6092.508     607.0     0.948    -1.883               7.650
  6092.641 106.00112     1.873    -4.285               3.456
  6092.723 106.00112     1.873    -4.321               3.456
  6092.753 106.00112     2.413    -4.653               3.456
  6092.775      20.0     6.022    -4.853
  6092.790    22.0       1.887    -1.378
  6092.816      23.0     2.608    -4.075
  6092.820      28.1     9.413    -2.103
  6092.830       6.0     8.848    -3.170
  6092.883      20.0     6.022    -4.463
  6092.998 106.00113     1.806    -4.422               3.456
  6093.036      22.0     3.161    -3.898
  6093.061      59.1     1.462    -0.670
  6093.087      24.1     9.007    -4.859
  6093.131     607.0     0.916    -3.342               7.650
  6093.140      72.1     2.153    -2.890
  6093.143      27.0     1.740    -2.440
  6093.159     607.0     0.961    -1.883               7.650
  6093.168      58.1     0.960    -3.000
  6093.193      58.0     0.803    -0.371
  6093.238     607.0     0.961    -3.269               7.650
  6093.242     607.0     0.916    -2.258               7.650
  6093.243 106.00113     1.806    -4.405               3.456
  6093.247      23.0     2.575    -4.158
  6093.258 106.00113     1.862    -4.444               3.456
  6093.258      24.1     9.214    -3.950
  6093.265 106.00113     2.532    -4.577               3.456
  6093.267     607.0     0.898    -2.298               7.650
  6093.296      58.1     0.897    -3.060
  6093.463      24.0     4.106    -3.478
  6093.544      27.0     3.629    -4.568
  6093.585      23.0     3.245    -0.586
  6093.623      24.0     4.099    -3.911
  6093.640 106.00112     2.567    -4.452               3.456
  6093.643      26.0     4.607    -1.630
  6093.644 106.00113     2.532    -4.580               3.456
  6093.685 106.00112     2.567    -4.427               3.456
  6093.686     607.0     0.845    -3.298               7.650
  6093.692      69.1     4.647    -2.140
  6093.705      58.1     1.694    -3.650
  6093.707 106.00113     1.640    -4.757               3.456
  6093.752 106.00113     2.499    -4.589               3.456
  6093.755 106.00112     2.439    -4.645               3.456
  6093.763     607.0     0.961    -3.795               7.650
  6093.768      26.1     7.708    -4.915
  6093.810     607.0     0.886    -2.963               7.650
  6093.814      69.1     4.914    -1.890
  6093.815      21.0     2.569    -1.619
  6093.873     607.0     0.886    -2.309               7.650
  6093.911     607.0     0.961    -2.489               7.650
  6093.916      28.0     5.004    -3.303
  6093.935      58.1     4.075    -2.150
  6093.960 106.00113     2.520    -4.414               3.456
  6093.967 106.00113     2.499    -4.581               3.456
  6094.045 106.00113     3.015    -4.886               3.456
  6094.049 106.00113     2.520    -4.429               3.456
  6094.097 106.00113     2.963    -4.907               3.456
  6094.127 106.00112     2.439    -4.619               3.456
  6094.164 106.00113     2.567    -4.575               3.456
  6094.168      21.0     2.564    -1.515
  6094.171 106.00113     3.068    -4.867               3.456
  6094.206     607.0     1.180    -2.124               7.650
  6094.235      27.0     5.241    -4.291
  6094.279 106.00113     2.913    -4.929               3.456
  6094.294       6.0     8.851    -3.750
  6094.335 106.00113     1.640    -4.712               3.456
  6094.350     607.0     1.180    -3.430               7.650
  6094.373      26.0     4.652    -2.070
  6094.403      58.1     1.582    -3.170
  6094.491 106.00113     3.015    -4.868               3.456
  6094.501      20.0     5.390    -3.234
  6094.524 106.00113     2.963    -4.888               3.456
  6094.528 106.00113     2.864    -4.951               3.456
  6094.532 106.00113     2.567    -4.591               3.456
  6094.532 106.00113     3.122    -4.848               3.456
  6094.558 106.00113     1.641    -4.757               3.456
  6094.636 106.00113     3.068    -4.849               3.456
  6094.679      26.1     5.571    -3.958
  6094.688 106.00113     2.913    -4.909               3.456
  6094.692      25.0     5.724    -2.914
  6094.766 106.00113     2.604    -4.588               3.456
  6094.799 106.00113     2.816    -4.976               3.456
  6094.918      22.0     3.409    -2.671
  6094.926 106.00113     2.864    -4.930               3.456
  6095.022 106.00113     3.122    -4.831               3.456
  6095.045 106.00112     2.440    -4.645               3.456
  6095.045 106.00113     2.770    -4.291               3.456
  6095.097 106.00113     1.641    -4.712               3.456
  6095.108      21.1     8.231    -2.315
  6095.115 106.00113     2.642    -4.617               3.456
  6095.130 106.00113     2.604    -4.620               3.456
  6095.186 106.00113     3.177    -4.830               3.456
  6095.190 106.00113     2.816    -4.953               3.456
  6095.208 106.00113     2.726    -4.994               3.456
  6095.212 106.00112     1.922    -4.306               3.456
  6095.219 106.00113     2.532    -4.577               3.456
  6095.249 106.00113     2.683    -4.670               3.456
  6095.268     607.0     1.198    -3.486               7.650
  6095.275 106.00112     2.440    -4.619               3.456
  6095.346      28.0     4.419    -2.295
  6095.401 106.00112     2.519    -4.414               3.456
  6095.401 106.00113     2.474    -4.410               3.456
  6095.405 106.00113     2.532    -4.580               3.456
  6095.420 106.00113     2.770    -4.978               3.456
  6095.429      26.1     6.223    -3.692
  6095.462      26.0     5.348    -3.177
  6095.479 106.00113     2.642    -4.673               3.456
  6095.518     607.0     1.021    -3.012               7.650
  6095.521     607.0     1.040    -1.888               7.650
  6095.550      69.1     4.140    -1.820
  6095.565      22.1     8.116    -2.160
  6095.583 106.00113     2.726    -4.293               3.456
  6095.613 106.00113     2.683    -4.996               3.456
  6095.632      25.0     4.354    -2.241
  6095.648     607.0     1.040    -3.641               7.650
  6095.684 106.00112     2.519    -4.429               3.456
  6095.699 106.00112     2.468    -4.613               3.456
  6095.699 106.00113     3.177    -4.814               3.456
  6095.702      24.1     9.102    -2.609
  6095.708      24.0     3.892    -4.310
  6095.736 106.00112     1.922    -4.265               3.456
  6095.762 106.00112     2.372    -4.605               3.456
  6095.783      69.1     3.422    -2.170
  6095.795 106.00113     2.474    -4.417               3.456
  6095.825      23.0     3.224    -3.296
  6095.880     607.0     1.120    -2.136               7.650
  6095.881      21.0     2.146    -2.708
  6095.891     607.0     1.634    -4.899               7.650
  6095.928      58.1     3.959    -2.550
  6095.933    49.1      13.444     0.630
  6095.937      26.1     6.226    -4.535
  6095.941      58.1     3.562    -2.960
  6095.945      26.1     7.703    -4.266
  6095.963      23.1     2.491    -2.798
  6096.002      70.1     5.671    -2.960
  6096.020      22.0     3.559    -3.850
  6096.044     607.0     1.120    -4.085               7.650
  6096.044 106.00112     2.468    -4.594               3.456
  6096.089      24.1     9.111    -2.211
  6096.110     607.0     1.052    -2.063               7.650
  6096.163    10.0      16.671    -0.297
  6096.186 106.00113     3.233    -4.813               3.456
  6096.219 106.00112     1.922    -4.306               3.456
  6096.231     607.0     1.362    -3.824               7.650
  6096.253      23.0     2.582    -3.836
  6096.312 106.00112     2.452    -4.394               3.456
  6096.342 106.00112     2.372    -4.622               3.456
  6096.353 106.00113     2.567    -4.575               3.456
  6096.364      20.0     6.023    -4.172
  6096.390 106.00112     2.452    -4.415               3.456
  6096.479      26.0     5.305    -3.042
  6096.509 106.00113     2.567    -4.591               3.456
  6096.550      62.0     0.036    -2.723
  6096.554     607.0     1.295    -2.386               7.650
  6096.558      26.1     9.112    -3.800
  6096.565 106.00112     1.816    -4.738               3.456
  6096.580      22.1     8.133    -4.211
  6096.635 106.00112     1.922    -4.265               3.456
  6096.650      26.0     5.100    -2.450
  6096.664      26.0     3.984    -2.060
  6096.702 106.00112     1.816    -4.738               3.456
  6096.711      14.0     5.984    -2.141
  6096.721 106.00113     3.233    -4.797               3.456
  6096.735     607.0     1.295    -3.865               7.650
  6096.747 106.00112     2.403    -4.392               3.456
  6096.821      62.0     1.669    -0.367
  6096.911      23.0     2.616    -4.186
  6096.948 106.00112     3.630    -4.587               3.456
  6096.974      58.1     1.079    -3.300
  6096.996      70.1     7.273    -0.710
  6097.030 106.00113     1.807    -4.405               3.456
  6097.067 106.00113     1.807    -4.422               3.456
  6097.081      26.0     2.176    -4.782
  6097.123      24.0     4.618    -3.721
  6097.139      22.0     3.139    -2.685
  6097.194      90.1     0.994    -2.287
  6097.201 106.00112     2.468    -4.613               3.456
  6097.201 106.00113     2.604    -4.588               3.456
  6097.230 106.00112     2.403    -4.410               3.456
  6097.238 106.00112     2.499    -4.589               3.456
  6097.252      69.1     4.706    -2.340
  6097.266      20.0     2.521    -2.754
  6097.269      26.0     5.070    -3.411
  6097.331 106.00113     2.604    -4.620               3.456
  6097.387 106.00112     2.469    -4.594               3.456
  6097.428      22.1     8.114    -1.090
  6097.468      23.0     1.081    -2.680
  6097.532      69.1     4.459    -2.650
  6097.554 106.00112     2.499    -4.581               3.456
  6097.573      22.0     2.738    -3.934
  6097.587 106.00113     3.290    -4.796               3.456
  6097.593      26.0     3.301    -4.582
  6097.600      26.0     5.348    -3.656
  6097.658      27.0     2.080    -3.814
  6097.666 106.00112     3.630    -4.575               3.456
  6097.666      23.0     3.647    -2.758
  6097.680      24.1     9.231    -4.883
  6097.681     607.0     1.069    -2.068               7.650
  6097.686      15.0     7.176    -1.940
  6097.730     607.0     1.180    -2.114               7.650
  6097.772      22.0     2.738    -4.337
  6097.778     607.0     1.069    -3.077               7.650
  6097.792 106.00113     2.643    -4.617               3.456
  6097.813      26.0     4.835    -3.988
  6097.903      22.0     3.559    -4.069
  6097.904 106.00113     2.643    -4.673               3.456
  6097.915 106.00112     1.806    -4.422               3.456
  6097.941 106.00112     1.806    -4.405               3.456
  6097.974      25.0     5.112    -3.249
  6097.982 106.00112     1.817    -4.638               3.456
  6098.067      26.0     5.106    -4.706
  6098.082 106.00112     1.817    -4.638               3.456
  6098.082 106.00112     3.015    -4.886               3.456
  6098.086 106.00112     3.068    -4.867               3.456
  6098.106      26.1     9.905    -4.961
  6098.119 106.00113     2.398    -4.439               3.456
  6098.141      24.0     4.416    -2.558
  6098.156 106.00113     3.290    -4.781               3.456
  6098.175 106.00113     2.684    -4.670               3.456
  6098.207      69.1     4.141    -3.450
  6098.244      26.0     4.558    -2.010
  6098.257 106.00112     2.963    -4.907               3.456
  6098.257 106.00113     2.684    -4.996               3.456
  6098.279      27.0     5.149    -2.014
  6098.320 106.00112     3.122    -4.848               3.456
  6098.326      58.1     1.770    -0.320
  6098.350 106.00113     2.914    -4.909               3.456
  6098.354 106.00113     2.964    -4.888               3.456
  6098.372 106.00113     2.914    -4.929               3.456
  6098.380 106.00113     2.727    -4.994               3.456
  6098.387 106.00113     1.898    -4.357               3.456
  6098.391 106.00113     2.965    -4.907               3.456
  6098.396      24.0     4.099    -2.868
  6098.397     607.0     0.961    -3.263               7.650
  6098.402 106.00112     2.532    -4.577               3.456
  6098.406 106.00113     2.865    -4.930               3.456
  6098.406 106.00112     3.015    -4.868               3.456
  6098.406 106.00113     2.865    -4.951               3.456
  6098.408      70.1     7.411    -1.590
  6098.424 106.00112     3.068    -4.849               3.456
  6098.425      58.1     3.960    -1.560
  6098.447 106.00113     2.727    -4.293               3.456
  6098.450 106.00113     2.817    -4.976               3.456
  6098.457      58.1     1.676    -3.940
  6098.458 106.00113     2.771    -4.291               3.456
  6098.465      25.0     5.112    -4.178
  6098.465 106.00113     3.016    -4.868               3.456
  6098.473 106.00113     2.817    -4.953               3.456
  6098.476     607.0     0.961    -1.867               7.650
  6098.479     607.0     1.021    -4.464               7.650
  6098.499 106.00113     2.771    -4.978               3.456
  6098.505      26.1     8.568    -4.326
  6098.510     607.0     1.040    -3.639               7.650
  6098.528 106.00113     3.016    -4.886               3.456
  6098.532 106.00113     2.398    -4.416               3.456
  6098.547 106.00113     2.475    -4.410               3.456
  6098.555 106.00112     2.913    -4.929               3.456
  6098.562 106.00112     2.963    -4.888               3.456
  6098.565      70.1     5.633    -1.050
  6098.630     607.0     0.936    -2.254               7.650
  6098.638     607.0     1.040    -1.879               7.650
  6098.648     607.0     0.875    -4.788               7.650
  6098.658      22.0     3.062    -0.010
  6098.660     607.0     1.021    -3.007               7.650
  6098.662 106.00113     2.475    -4.417               3.456
  6098.677      72.0     0.566    -1.950
  6098.681 106.00112     3.122    -4.831               3.456
  6098.707 106.00112     2.532    -4.580               3.456
  6098.741 106.00113     3.069    -4.849               3.456
  6098.755      58.1     0.536    -3.850
  6098.800 106.00112     2.520    -4.429               3.456
  6098.803      24.0     4.778    -2.249
  6098.819 106.00112     2.520    -4.414               3.456
  6098.822 106.00113     3.069    -4.867               3.456
  6098.845 106.00112     3.177    -4.830               3.456
  6098.848 106.00112     2.913    -4.909               3.456
  6098.904 106.00112     3.405    -4.670               3.456
  6098.919 106.00112     2.864    -4.951               3.456
  6098.927       6.0     8.851    -3.060
  6098.960 106.00112     2.499    -4.589               3.456
  6098.965      26.0     5.064    -4.025
  6098.992      26.0     5.314    -3.739
  6098.997      69.1     2.745    -3.360
  6099.016 106.00113     3.630    -4.587               3.456
  6099.062     607.0     0.842    -3.663               7.650
  6099.064 106.00113     1.898    -4.308               3.456
  6099.083      90.1     1.287    -2.118
  6099.105 106.00112     2.499    -4.581               3.456
  6099.116      58.1     1.251    -2.190
  6099.138      58.1     1.828    -3.180
  6099.173    27.1      11.622     0.110
  6099.174      15.0     8.105    -2.150
  6099.202 106.00112     2.864    -4.930               3.456
  6099.202 106.00113     1.898    -4.357               3.456
  6099.228 106.00112     3.177    -4.814               3.456
  6099.228 106.00112     2.567    -4.575               3.456
  6099.232 106.00113     3.123    -4.831               3.456
  6099.239 106.00112     1.640    -4.757               3.456
  6099.241      24.0     6.007    -3.788
  6099.302 106.00112     2.816    -4.976               3.456
  6099.328 106.00113     3.123    -4.848               3.456
  6099.350      63.0     1.639     0.060
  6099.380     607.0     1.120    -4.083               7.650
  6099.429 106.00112     3.405    -4.657               3.456
  6099.451 106.00113     3.347    -4.780               3.456
  6099.461     607.0     0.975    -1.867               7.650
  6099.518 106.00112     2.567    -4.591               3.456
  6099.526      58.1     1.931    -1.790
  6099.542     607.0     0.975    -3.277               7.650
  6099.544     607.0     1.120    -2.129               7.650
  6099.553     607.0     1.295    -2.378               7.650
  6099.582 106.00112     2.816    -4.953               3.456
  6099.598      26.0     5.320    -3.823
  6099.652 106.00112     2.770    -4.291               3.456
  6099.663      24.1     6.136    -3.994
  6099.691      24.0     5.080    -1.092
  6099.712 106.00112     1.640    -4.712               3.456
  6099.715 106.00112     3.233    -4.813               3.456
  6099.735     607.0     0.910    -2.277               7.650
  6099.753 106.00112     2.604    -4.588               3.456
  6099.775      23.0     3.567    -2.344
  6099.786 106.00113     1.898    -4.308               3.456
  6099.790 106.00113     2.431    -4.413               3.456
  6099.799      58.0     0.294    -1.378
  6099.883      26.0     5.273    -4.158
  6099.886     607.0     0.898    -2.971               7.650
  6099.905      62.0     0.036    -1.980
  6099.920 106.00112     2.726    -4.994               3.456
  6099.924 106.00112     2.770    -4.978               3.456
  6099.952     607.0     0.898    -2.288               7.650
  6099.980 106.00113     3.178    -4.814               3.456
