Table 4. Nucleosynthesis in sub-Chandrasekhar mass detonation models with $\xi_\mathrm{CO}=0.9$.
The nucleosynthesis of each model is given in one column, and each model is identified by the progenitor white dwarf mass, $M_{WD}$, and metallicity, Z. In total, there are reported 25 models.

- The first data row gives the progenitor white dwarf mass for each model, in units of solar masses. Format: 14x,25(5x,f4.2).
- The second data row gives the progenitor metallicity of each model. Format: 14x,25(2x,e7.1).
- Rows starting by the char 'elem' give the yields, in solar masses, of an element identified by its atomic number and symbol. Format:
  1x, a4 char 'elem' or 'isot'
  1x, i2 atomic number
  1x, a2 atomic symbol
  1x, i2 number of isotopes reported in the following for this element
  25(1x,e8.2) yield of the element in each model
- Rows starting by the char 'isot' give the yields, in solar masses, of an isotope identified by its atomic number, symbol, and baryon number. Format:
  1x, a4 char 'elem' or 'isot'
  1x, i2 atomic number
  1x, a2 atomic symbol
  1x, i2 baryon number
  25(1x,e8.2) yield of the isotope in each model

 M_WD              0.88     0.88     0.88     0.88     0.88     0.97     0.97     0.97     0.97     0.97     1.06     1.06     1.06     1.06     1.06     1.10     1.10     1.10     1.10     1.10     1.15     1.15     1.15     1.15     1.15
 Z              2.25E-4  2.25E-3  9.00E-3  2.25E-2  6.75E-2  2.25E-4  2.25E-3  9.00E-3  2.25E-2  6.75E-2  2.25E-4  2.25E-3  9.00E-3  2.25E-2  6.75E-2  2.25E-4  2.25E-3  9.00E-3  2.25E-2  6.75E-2  2.25E-4  2.25E-3  9.00E-3  2.25E-2  6.75E-2
 elem  2 He  2 1.95E-07 1.94E-07 1.73E-07 1.30E-07 1.02E-08 2.21E-04 2.34E-04 2.67E-04 3.31E-04 4.90E-04 5.13E-03 5.12E-03 4.90E-03 4.42E-03 2.84E-03 7.04E-03 7.01E-03 6.63E-03 5.86E-03 3.52E-03 8.74E-03 8.65E-03 8.10E-03 6.95E-03 4.06E-03
 isot  2 He  3 1.76E-16 1.76E-16 1.78E-16 1.83E-16 2.15E-16 6.37E-16 6.31E-16 6.14E-16 5.81E-16 4.83E-16 1.88E-15 1.87E-15 2.88E-15 2.71E-15 3.97E-15 6.25E-13 6.58E-13 7.15E-13 8.14E-13 1.07E-12 3.75E-12 3.76E-12 3.72E-12 3.71E-12 3.57E-12
 isot  2 He  4 1.95E-07 1.94E-07 1.73E-07 1.29E-07 1.02E-08 2.20E-04 2.34E-04 2.67E-04 3.31E-04 4.90E-04 5.13E-03 5.12E-03 4.90E-03 4.42E-03 2.84E-03 7.04E-03 7.00E-03 6.63E-03 5.86E-03 3.52E-03 8.73E-03 8.65E-03 8.10E-03 6.95E-03 4.06E-03
 elem  6 C   2 4.04E-03 4.03E-03 3.96E-03 3.82E-03 3.35E-03 1.67E-03 1.66E-03 1.63E-03 1.57E-03 1.37E-03 7.27E-04 7.26E-04 7.07E-04 6.75E-04 5.86E-04 4.98E-04 4.97E-04 4.83E-04 4.59E-04 3.96E-04 3.06E-04 3.04E-04 2.93E-04 2.77E-04 2.36E-04
 isot  6 C  12 4.04E-03 4.03E-03 3.96E-03 3.82E-03 3.34E-03 1.67E-03 1.66E-03 1.63E-03 1.56E-03 1.37E-03 7.27E-04 7.26E-04 7.07E-04 6.75E-04 5.86E-04 4.98E-04 4.97E-04 4.83E-04 4.59E-04 3.96E-04 3.05E-04 3.04E-04 2.93E-04 2.77E-04 2.36E-04
 isot  6 C  13 2.20E-10 3.65E-09 1.21E-08 2.59E-08 5.61E-08 9.51E-11 1.52E-09 5.65E-09 1.28E-08 2.83E-08 4.53E-11 6.64E-10 2.73E-09 6.32E-09 1.38E-08 3.77E-11 4.94E-10 1.97E-09 4.56E-09 9.65E-09 2.86E-11 3.07E-10 1.38E-09 3.25E-09 6.27E-09
 elem  7 N   2 1.40E-05 1.09E-05 7.63E-06 5.06E-06 2.80E-06 1.14E-05 8.90E-06 5.87E-06 3.39E-06 1.22E-06 7.91E-06 6.17E-06 4.02E-06 2.19E-06 6.03E-07 6.34E-06 4.98E-06 3.24E-06 1.75E-06 4.42E-07 4.34E-06 3.49E-06 2.31E-06 1.26E-06 2.95E-07
 isot  7 N  14 1.39E-05 1.09E-05 7.62E-06 5.06E-06 2.79E-06 1.14E-05 8.90E-06 5.87E-06 3.39E-06 1.22E-06 7.89E-06 6.17E-06 4.02E-06 2.19E-06 6.03E-07 6.33E-06 4.98E-06 3.24E-06 1.75E-06 4.42E-07 4.33E-06 3.49E-06 2.31E-06 1.26E-06 2.95E-07
 isot  7 N  15 1.07E-07 3.04E-09 1.99E-09 2.79E-09 3.50E-09 4.36E-08 1.28E-09 7.84E-10 1.02E-09 1.25E-09 1.93E-08 6.89E-10 3.68E-10 3.88E-10 5.23E-10 1.29E-08 5.51E-10 2.75E-10 2.56E-10 3.50E-10 7.75E-09 4.14E-10 1.86E-10 1.67E-10 2.03E-10
 elem  8 O   3 1.38E-01 1.39E-01 1.40E-01 1.41E-01 1.33E-01 7.45E-02 7.59E-02 7.66E-02 7.70E-02 7.18E-02 3.57E-02 3.69E-02 3.75E-02 3.75E-02 3.41E-02 2.42E-02 2.52E-02 2.56E-02 2.55E-02 2.28E-02 1.39E-02 1.45E-02 1.48E-02 1.46E-02 1.29E-02
 isot  8 O  16 1.38E-01 1.39E-01 1.40E-01 1.41E-01 1.33E-01 7.45E-02 7.59E-02 7.66E-02 7.70E-02 7.18E-02 3.57E-02 3.69E-02 3.75E-02 3.75E-02 3.41E-02 2.42E-02 2.52E-02 2.56E-02 2.55E-02 2.28E-02 1.39E-02 1.45E-02 1.48E-02 1.46E-02 1.29E-02
 isot  8 O  17 7.12E-09 1.01E-07 2.20E-07 2.95E-07 2.84E-07 3.52E-09 3.74E-08 7.59E-08 9.84E-08 8.38E-08 1.81E-09 1.50E-08 2.72E-08 3.28E-08 2.68E-08 1.32E-09 9.98E-09 1.72E-08 1.97E-08 1.56E-08 9.46E-10 6.19E-09 9.57E-09 1.07E-08 7.72E-09
 isot  8 O  18 1.90E-09 1.52E-09 1.66E-09 1.98E-09 1.79E-09 6.78E-10 5.12E-10 5.38E-10 6.01E-10 5.13E-10 3.30E-10 1.97E-10 1.87E-10 1.86E-10 1.79E-10 2.47E-10 1.31E-10 1.17E-10 1.10E-10 1.11E-10 1.88E-10 8.51E-11 6.65E-11 5.79E-11 5.79E-11
 elem  9 F   1 3.50E-11 8.80E-12 1.02E-11 2.41E-11 7.60E-11 1.03E-11 2.50E-12 3.95E-12 1.01E-11 3.06E-11 3.16E-12 8.11E-13 1.60E-12 4.23E-12 1.30E-11 1.92E-12 5.38E-13 1.09E-12 2.66E-12 8.16E-12 9.66E-13 3.23E-13 6.27E-13 1.54E-12 4.37E-12
 isot  9 F  19 3.50E-11 8.80E-12 1.02E-11 2.41E-11 7.60E-11 1.03E-11 2.50E-12 3.95E-12 1.01E-11 3.06E-11 3.16E-12 8.11E-13 1.60E-12 4.23E-12 1.30E-11 1.92E-12 5.38E-13 1.09E-12 2.66E-12 8.16E-12 9.66E-13 3.23E-13 6.27E-13 1.54E-12 4.37E-12
 elem 10 Ne  3 2.61E-03 2.59E-03 2.54E-03 2.48E-03 2.26E-03 8.52E-04 8.43E-04 8.24E-04 7.96E-04 7.32E-04 2.91E-04 2.88E-04 2.80E-04 2.69E-04 2.48E-04 1.79E-04 1.76E-04 1.72E-04 1.64E-04 1.51E-04 9.42E-05 9.30E-05 9.02E-05 8.59E-05 7.90E-05
 isot 10 Ne 20 2.61E-03 2.59E-03 2.53E-03 2.43E-03 2.06E-03 8.52E-04 8.42E-04 8.18E-04 7.77E-04 6.54E-04 2.91E-04 2.87E-04 2.78E-04 2.61E-04 2.15E-04 1.79E-04 1.76E-04 1.70E-04 1.58E-04 1.29E-04 9.41E-05 9.27E-05 8.90E-05 8.23E-05 6.56E-05
 isot 10 Ne 21 6.50E-09 4.45E-08 1.23E-07 2.74E-07 9.22E-07 2.93E-09 1.70E-08 4.99E-08 1.17E-07 3.79E-07 6.97E-09 6.82E-09 1.95E-08 4.78E-08 1.70E-07 7.13E-09 4.52E-09 1.27E-08 3.08E-08 1.13E-07 4.28E-09 2.84E-09 6.89E-09 1.79E-08 6.34E-08
 isot 10 Ne 22 2.29E-07 2.91E-06 1.54E-05 4.88E-05 1.91E-04 9.87E-08 1.18E-06 6.09E-06 1.93E-05 7.79E-05 2.24E-07 5.25E-07 2.66E-06 8.24E-06 3.28E-05 2.08E-07 3.74E-07 1.86E-06 5.67E-06 2.21E-05 1.56E-07 2.50E-07 1.19E-06 3.57E-06 1.34E-05
 elem 11 Na  1 1.78E-05 1.93E-05 2.43E-05 3.55E-05 7.19E-05 6.25E-06 6.71E-06 8.68E-06 1.31E-05 2.74E-05 2.21E-06 2.39E-06 3.16E-06 4.89E-06 1.07E-05 1.35E-06 1.47E-06 1.97E-06 3.07E-06 6.81E-06 7.07E-07 7.80E-07 1.06E-06 1.67E-06 3.72E-06
 isot 11 Na 23 1.78E-05 1.93E-05 2.43E-05 3.55E-05 7.19E-05 6.25E-06 6.71E-06 8.68E-06 1.31E-05 2.74E-05 2.21E-06 2.39E-06 3.16E-06 4.89E-06 1.07E-05 1.35E-06 1.47E-06 1.97E-06 3.07E-06 6.81E-06 7.07E-07 7.80E-07 1.06E-06 1.67E-06 3.72E-06
 elem 12 Mg  3 2.97E-02 2.65E-02 2.00E-02 1.38E-02 6.89E-03 1.21E-02 1.07E-02 7.80E-03 5.20E-03 2.51E-03 4.28E-03 3.75E-03 2.61E-03 1.66E-03 7.78E-04 2.48E-03 2.15E-03 1.46E-03 9.06E-04 4.22E-04 1.12E-03 9.58E-04 6.34E-04 3.88E-04 1.84E-04
 isot 12 Mg 24 2.96E-02 2.65E-02 1.99E-02 1.37E-02 6.50E-03 1.21E-02 1.07E-02 7.78E-03 5.16E-03 2.37E-03 4.28E-03 3.75E-03 2.61E-03 1.64E-03 7.25E-04 2.48E-03 2.15E-03 1.45E-03 8.95E-04 3.89E-04 1.12E-03 9.57E-04 6.32E-04 3.82E-04 1.66E-04
 isot 12 Mg 25 7.97E-07 7.87E-06 2.14E-05 5.19E-05 1.42E-04 3.51E-07 2.96E-06 8.02E-06 1.90E-05 5.01E-05 1.96E-07 1.05E-06 2.93E-06 6.89E-06 1.84E-05 1.61E-07 6.33E-07 1.80E-06 4.23E-06 1.15E-05 1.05E-07 3.25E-07 9.59E-07 2.24E-06 6.21E-06
 isot 12 Mg 26 8.97E-07 6.68E-06 2.95E-05 7.60E-05 2.52E-04 3.25E-07 2.54E-06 1.14E-05 2.89E-05 9.12E-05 1.56E-06 9.72E-07 4.34E-06 1.13E-05 3.45E-05 1.41E-06 6.43E-07 2.72E-06 7.19E-06 2.21E-05 9.53E-07 4.53E-07 1.48E-06 3.92E-06 1.22E-05
 elem 13 Al  1 7.61E-05 2.71E-04 5.06E-04 5.89E-04 5.00E-04 2.76E-05 1.05E-04 1.89E-04 2.12E-04 1.71E-04 9.88E-06 3.70E-05 6.28E-05 6.69E-05 5.18E-05 6.05E-06 2.17E-05 3.55E-05 3.69E-05 2.83E-05 3.15E-06 1.03E-05 1.62E-05 1.65E-05 1.26E-05
 isot 13 Al 27 7.61E-05 2.71E-04 5.06E-04 5.89E-04 5.00E-04 2.76E-05 1.05E-04 1.89E-04 2.12E-04 1.71E-04 9.88E-06 3.70E-05 6.28E-05 6.69E-05 5.18E-05 6.05E-06 2.17E-05 3.55E-05 3.69E-05 2.83E-05 3.15E-06 1.03E-05 1.62E-05 1.65E-05 1.26E-05
 elem 14 Si  3 2.63E-01 2.73E-01 2.79E-01 2.80E-01 2.71E-01 1.98E-01 2.05E-01 2.09E-01 2.09E-01 1.99E-01 1.31E-01 1.35E-01 1.38E-01 1.38E-01 1.30E-01 1.04E-01 1.07E-01 1.10E-01 1.10E-01 1.02E-01 7.33E-02 7.51E-02 7.66E-02 7.61E-02 6.83E-02
 isot 14 Si 28 2.63E-01 2.73E-01 2.78E-01 2.77E-01 2.63E-01 1.98E-01 2.04E-01 2.08E-01 2.08E-01 1.96E-01 1.31E-01 1.35E-01 1.38E-01 1.38E-01 1.29E-01 1.04E-01 1.07E-01 1.10E-01 1.10E-01 1.01E-01 7.33E-02 7.51E-02 7.65E-02 7.60E-02 6.80E-02
 isot 14 Si 29 1.21E-04 3.31E-04 4.97E-04 8.03E-04 1.75E-03 6.18E-05 1.64E-04 2.40E-04 3.58E-04 7.06E-04 3.06E-05 6.80E-05 9.96E-05 1.42E-04 2.59E-04 2.37E-05 4.28E-05 6.30E-05 8.82E-05 1.56E-04 1.84E-05 2.15E-05 3.22E-05 4.49E-05 7.83E-05
 isot 14 Si 30 1.40E-05 1.37E-04 7.92E-04 1.98E-03 5.95E-03 5.69E-06 6.30E-05 3.38E-04 8.16E-04 2.47E-03 5.57E-06 2.57E-05 1.25E-04 2.87E-04 8.68E-04 6.69E-06 1.64E-05 7.38E-05 1.65E-04 4.95E-04 7.91E-06 9.19E-06 3.48E-05 7.61E-05 2.26E-04
 elem 15 P   1 3.48E-05 9.54E-05 2.67E-04 4.98E-04 1.00E-03 2.42E-05 5.36E-05 1.36E-04 2.42E-04 4.67E-04 1.72E-05 2.76E-05 6.27E-05 1.07E-04 1.99E-04 1.47E-05 1.97E-05 4.20E-05 7.02E-05 1.28E-04 1.14E-05 1.25E-05 2.36E-05 3.85E-05 6.86E-05
 isot 15 P  31 3.48E-05 9.54E-05 2.67E-04 4.98E-04 1.00E-03 2.42E-05 5.36E-05 1.36E-04 2.42E-04 4.67E-04 1.72E-05 2.76E-05 6.27E-05 1.07E-04 1.99E-04 1.47E-05 1.97E-05 4.20E-05 7.02E-05 1.28E-04 1.14E-05 1.25E-05 2.36E-05 3.85E-05 6.86E-05
 elem 16 S   4 1.59E-01 1.61E-01 1.66E-01 1.66E-01 1.46E-01 1.34E-01 1.35E-01 1.36E-01 1.34E-01 1.14E-01 9.60E-02 9.59E-02 9.62E-02 9.35E-02 7.73E-02 7.85E-02 7.85E-02 7.84E-02 7.58E-02 6.17E-02 5.70E-02 5.69E-02 5.66E-02 5.42E-02 4.30E-02
 isot 16 S  32 1.59E-01 1.61E-01 1.64E-01 1.62E-01 1.35E-01 1.34E-01 1.35E-01 1.36E-01 1.32E-01 1.07E-01 9.60E-02 9.58E-02 9.57E-02 9.22E-02 7.38E-02 7.85E-02 7.84E-02 7.80E-02 7.50E-02 5.94E-02 5.70E-02 5.69E-02 5.64E-02 5.37E-02 4.18E-02
 isot 16 S  33 6.22E-05 1.15E-04 2.22E-04 3.22E-04 4.46E-04 3.39E-05 6.75E-05 1.27E-04 1.86E-04 2.71E-04 1.64E-05 3.53E-05 6.56E-05 9.73E-05 1.45E-04 1.10E-05 2.46E-05 4.58E-05 6.83E-05 1.02E-04 6.45E-06 1.46E-05 2.71E-05 4.05E-05 6.05E-05
 isot 16 S  34 6.46E-07 2.45E-04 1.36E-03 3.71E-03 1.12E-02 4.52E-07 1.61E-04 8.51E-04 2.27E-03 6.68E-03 1.31E-06 8.46E-05 4.36E-04 1.14E-03 3.31E-03 2.24E-06 5.81E-05 2.97E-04 7.72E-04 2.20E-03 3.33E-06 3.34E-05 1.66E-04 4.28E-04 1.21E-03
 isot 16 S  36 2.47E-11 5.54E-09 6.15E-08 3.78E-07 1.03E-05 1.16E-11 2.55E-09 2.75E-08 1.64E-07 3.86E-06 5.48E-12 1.07E-09 1.19E-08 7.04E-08 1.34E-06 3.81E-12 7.00E-10 7.85E-09 4.67E-08 8.07E-07 2.32E-12 4.02E-10 4.49E-09 2.71E-08 4.18E-07
 elem 17 Cl  2 1.03E-05 3.10E-05 9.12E-05 1.86E-04 3.17E-04 9.09E-06 2.44E-05 6.36E-05 1.24E-04 2.11E-04 6.95E-06 1.59E-05 3.95E-05 7.40E-05 1.22E-04 5.94E-06 1.21E-05 2.95E-05 5.46E-05 8.84E-05 4.63E-06 8.00E-06 1.89E-05 3.46E-05 5.50E-05
 isot 17 Cl 35 4.63E-06 2.14E-05 7.16E-05 1.55E-04 2.64E-04 4.85E-06 1.66E-05 4.88E-05 1.00E-04 1.73E-04 4.40E-06 1.07E-05 2.98E-05 5.86E-05 9.86E-05 4.12E-06 8.08E-06 2.21E-05 4.29E-05 7.07E-05 3.55E-06 5.35E-06 1.41E-05 2.70E-05 4.37E-05
 isot 17 Cl 37 5.63E-06 9.58E-06 1.96E-05 3.08E-05 5.26E-05 4.24E-06 7.85E-06 1.48E-05 2.34E-05 3.84E-05 2.54E-06 5.27E-06 9.74E-06 1.53E-05 2.39E-05 1.81E-06 4.02E-06 7.41E-06 1.17E-05 1.78E-05 1.08E-06 2.65E-06 4.82E-06 7.56E-06 1.13E-05
 elem 18 Ar  3 3.93E-02 3.78E-02 3.70E-02 3.55E-02 2.96E-02 3.49E-02 3.37E-02 3.26E-02 3.08E-02 2.48E-02 2.58E-02 2.49E-02 2.39E-02 2.23E-02 1.74E-02 2.14E-02 2.07E-02 1.98E-02 1.84E-02 1.41E-02 1.58E-02 1.54E-02 1.47E-02 1.36E-02 1.02E-02
 isot 18 Ar 36 3.93E-02 3.77E-02 3.64E-02 3.37E-02 2.42E-02 3.49E-02 3.36E-02 3.22E-02 2.95E-02 2.08E-02 2.58E-02 2.48E-02 2.36E-02 2.15E-02 1.52E-02 2.14E-02 2.07E-02 1.96E-02 1.79E-02 1.26E-02 1.58E-02 1.53E-02 1.46E-02 1.32E-02 9.25E-03
 isot 18 Ar 38 4.63E-07 9.87E-05 6.17E-04 1.80E-03 5.42E-03 3.73E-07 7.75E-05 4.47E-04 1.31E-03 3.94E-03 4.38E-07 4.71E-05 2.67E-04 7.71E-04 2.23E-03 4.71E-07 3.36E-05 1.91E-04 5.50E-04 1.55E-03 4.85E-07 2.01E-05 1.15E-04 3.30E-04 9.16E-04
 isot 18 Ar 40 1.47E-11 1.35E-09 1.68E-08 7.72E-08 7.83E-07 5.72E-12 6.03E-10 7.14E-09 3.05E-08 2.88E-07 2.24E-12 2.49E-10 2.99E-09 1.29E-08 1.06E-07 1.48E-12 1.62E-10 1.92E-09 8.45E-09 6.64E-08 8.76E-13 9.43E-11 1.07E-09 4.78E-09 3.61E-08
 elem 19 K   3 2.77E-06 1.98E-05 6.53E-05 1.21E-04 1.98E-04 3.25E-06 1.84E-05 5.17E-05 9.64E-05 1.60E-04 2.78E-06 1.31E-05 3.59E-05 6.51E-05 1.03E-04 2.44E-06 1.01E-05 2.75E-05 4.94E-05 7.55E-05 1.98E-06 6.51E-06 1.82E-05 3.21E-05 4.78E-05
 isot 19 K  39 1.94E-06 1.79E-05 6.08E-05 1.14E-04 1.88E-04 2.31E-06 1.67E-05 4.81E-05 9.06E-05 1.51E-04 2.06E-06 1.18E-05 3.33E-05 6.11E-05 9.72E-05 1.86E-06 9.02E-06 2.55E-05 4.63E-05 7.13E-05 1.57E-06 5.80E-06 1.68E-05 3.00E-05 4.50E-05
 isot 19 K  40 5.87E-11 2.57E-09 1.83E-08 1.05E-07 3.10E-07 3.85E-11 1.60E-09 1.04E-08 5.38E-08 1.52E-07 2.02E-11 9.34E-10 5.78E-09 2.72E-08 7.35E-08 1.49E-11 6.93E-10 4.27E-09 1.97E-08 5.17E-08 9.37E-12 4.46E-10 2.84E-09 1.28E-08 3.24E-08
 isot 19 K  41 8.23E-07 1.88E-06 4.50E-06 7.13E-06 1.01E-05 9.39E-07 1.79E-06 3.62E-06 5.74E-06 8.13E-06 7.16E-07 1.32E-06 2.57E-06 4.00E-06 5.44E-06 5.76E-07 1.05E-06 2.02E-06 3.13E-06 4.13E-06 4.05E-07 7.17E-07 1.35E-06 2.09E-06 2.72E-06
 elem 20 Ca  6 4.48E-02 4.09E-02 3.72E-02 3.26E-02 2.18E-02 4.16E-02 3.86E-02 3.52E-02 3.07E-02 2.03E-02 3.11E-02 2.89E-02 2.63E-02 2.29E-02 1.51E-02 2.59E-02 2.42E-02 2.20E-02 1.92E-02 1.27E-02 1.93E-02 1.82E-02 1.66E-02 1.45E-02 9.60E-03
 isot 20 Ca 40 4.47E-02 4.09E-02 3.72E-02 3.26E-02 2.16E-02 4.16E-02 3.86E-02 3.52E-02 3.07E-02 2.01E-02 3.11E-02 2.88E-02 2.62E-02 2.29E-02 1.51E-02 2.59E-02 2.42E-02 2.20E-02 1.92E-02 1.26E-02 1.92E-02 1.82E-02 1.66E-02 1.45E-02 9.56E-03
 isot 20 Ca 42 7.16E-09 2.18E-06 1.63E-05 5.06E-05 1.51E-04 5.86E-09 1.90E-06 1.24E-05 3.92E-05 1.17E-04 4.48E-09 1.25E-06 8.05E-06 2.48E-05 7.00E-05 4.15E-09 9.20E-07 5.94E-06 1.82E-05 4.98E-05 4.06E-09 5.71E-07 3.73E-06 1.14E-05 3.05E-05
 isot 20 Ca 43 5.21E-10 3.75E-09 3.16E-08 1.42E-07 6.69E-07 6.92E-10 2.44E-09 1.83E-08 7.91E-08 3.57E-07 2.17E-08 2.48E-08 1.12E-07 1.04E-07 1.96E-07 2.96E-08 3.58E-08 1.43E-07 1.12E-07 1.46E-07 3.87E-08 4.92E-08 1.80E-07 1.25E-07 1.00E-07
 isot 20 Ca 44 2.93E-05 2.52E-05 2.16E-05 1.82E-05 1.38E-05 3.19E-05 2.78E-05 2.40E-05 2.03E-05 1.42E-05 3.39E-05 2.99E-05 2.92E-05 2.37E-05 1.32E-05 3.27E-05 2.97E-05 2.95E-05 2.36E-05 1.23E-05 2.97E-05 2.81E-05 2.84E-05 2.24E-05 1.11E-05
 isot 20 Ca 46 2.22E-12 6.26E-10 7.89E-09 4.06E-08 4.69E-07 8.51E-13 2.76E-10 3.22E-09 1.51E-08 1.47E-07 3.85E-13 1.19E-10 1.40E-09 6.07E-09 4.63E-08 2.41E-13 7.82E-11 9.26E-10 3.98E-09 2.74E-08 1.60E-13 4.42E-11 5.29E-10 2.28E-09 1.39E-08
 isot 20 Ca 48 1.23E-11 1.21E-10 1.42E-09 9.30E-09 1.03E-07 4.69E-12 4.88E-11 6.29E-10 3.79E-09 3.69E-08 1.86E-12 2.02E-11 2.96E-10 1.72E-09 1.38E-08 1.18E-12 1.29E-11 2.01E-10 1.19E-09 8.89E-09 6.17E-13 7.55E-12 1.19E-10 7.13E-10 5.03E-09
 elem 21 Sc  1 1.12E-07 1.54E-07 2.95E-07 4.97E-07 1.20E-06 1.28E-07 1.60E-07 2.57E-07 3.75E-07 6.78E-07 1.18E-07 1.34E-07 1.97E-07 2.70E-07 4.10E-07 1.08E-07 1.15E-07 1.67E-07 2.25E-07 3.22E-07 9.69E-08 8.99E-08 1.25E-07 1.66E-07 2.29E-07
 isot 21 Sc 45 1.12E-07 1.54E-07 2.95E-07 4.97E-07 1.20E-06 1.28E-07 1.60E-07 2.57E-07 3.75E-07 6.78E-07 1.18E-07 1.34E-07 1.97E-07 2.70E-07 4.10E-07 1.08E-07 1.15E-07 1.67E-07 2.25E-07 3.22E-07 9.69E-08 8.99E-08 1.25E-07 1.66E-07 2.29E-07
 elem 22 Ti  5 3.81E-04 3.60E-04 3.35E-04 3.14E-04 2.91E-04 4.80E-04 4.64E-04 4.36E-04 4.00E-04 3.18E-04 3.94E-04 3.85E-04 3.64E-04 3.31E-04 2.48E-04 3.45E-04 3.39E-04 3.21E-04 2.89E-04 2.10E-04 2.79E-04 2.77E-04 2.62E-04 2.35E-04 1.66E-04
 isot 22 Ti 46 4.74E-08 2.05E-06 1.33E-05 3.37E-05 7.68E-05 4.96E-08 1.93E-06 1.04E-05 2.68E-05 6.23E-05 1.46E-06 1.34E-06 7.08E-06 1.80E-05 3.98E-05 1.88E-06 1.02E-06 5.33E-06 1.34E-05 2.88E-05 2.35E-06 6.76E-07 3.37E-06 8.48E-06 1.80E-05
 isot 22 Ti 47 5.65E-09 1.18E-08 1.58E-07 7.68E-07 3.40E-06 2.34E-08 9.35E-09 1.07E-07 5.04E-07 2.15E-06 1.73E-06 1.11E-07 3.15E-07 5.64E-07 1.33E-06 1.96E-06 1.55E-07 3.79E-07 5.64E-07 1.02E-06 2.08E-06 2.06E-07 4.41E-07 5.64E-07 7.35E-07
 isot 22 Ti 48 3.74E-04 3.49E-04 3.08E-04 2.60E-04 1.82E-04 4.72E-04 4.52E-04 4.09E-04 3.50E-04 2.25E-04 3.86E-04 3.75E-04 3.43E-04 2.94E-04 1.84E-04 3.38E-04 3.30E-04 3.03E-04 2.59E-04 1.61E-04 2.72E-04 2.69E-04 2.49E-04 2.12E-04 1.31E-04
 isot 22 Ti 49 6.48E-06 8.62E-06 1.38E-05 1.92E-05 2.46E-05 7.24E-06 1.04E-05 1.64E-05 2.29E-05 2.75E-05 4.35E-06 8.66E-06 1.34E-05 1.87E-05 2.23E-05 3.29E-06 7.69E-06 1.18E-05 1.64E-05 1.95E-05 2.27E-06 6.36E-06 9.57E-06 1.33E-05 1.59E-05
 isot 22 Ti 50 3.44E-11 1.10E-09 8.79E-09 1.14E-07 3.99E-06 1.36E-11 4.08E-10 3.68E-09 4.25E-08 1.41E-06 6.10E-12 1.60E-10 1.61E-09 1.54E-08 4.05E-07 3.94E-12 1.05E-10 1.11E-09 9.63E-09 2.14E-07 2.17E-12 6.18E-11 6.95E-10 5.29E-09 9.34E-08
 elem 23 V   2 2.62E-06 1.15E-05 3.24E-05 5.82E-05 1.05E-04 2.30E-06 1.47E-05 4.00E-05 7.02E-05 1.16E-04 3.25E-06 1.18E-05 3.29E-05 5.76E-05 9.30E-05 3.56E-06 1.03E-05 2.88E-05 5.03E-05 8.09E-05 3.51E-06 8.19E-06 2.32E-05 4.05E-05 6.56E-05
 isot 23 V  50 2.09E-11 3.17E-10 8.70E-09 8.41E-08 3.44E-07 6.99E-12 1.33E-10 3.15E-09 2.69E-08 1.28E-07 2.92E-12 6.37E-11 1.19E-09 8.46E-09 4.21E-08 1.95E-12 4.54E-11 7.61E-10 4.97E-09 2.50E-08 1.08E-12 2.88E-11 4.24E-10 2.53E-09 1.30E-08
 isot 23 V  51 2.62E-06 1.15E-05 3.24E-05 5.81E-05 1.05E-04 2.30E-06 1.47E-05 4.00E-05 7.02E-05 1.16E-04 3.25E-06 1.18E-05 3.29E-05 5.76E-05 9.30E-05 3.56E-06 1.03E-05 2.88E-05 5.03E-05 8.09E-05 3.51E-06 8.19E-06 2.32E-05 4.05E-05 6.56E-05
 elem 24 Cr  4 7.70E-03 7.37E-03 6.90E-03 6.48E-03 6.50E-03 1.21E-02 1.18E-02 1.12E-02 1.04E-02 8.64E-03 9.76E-03 9.59E-03 9.12E-03 8.40E-03 6.82E-03 8.41E-03 8.31E-03 7.90E-03 7.27E-03 5.89E-03 6.67E-03 6.63E-03 6.31E-03 5.80E-03 4.83E-03
 isot 24 Cr 50 1.13E-06 1.96E-05 9.53E-05 2.70E-04 1.04E-03 1.19E-06 1.86E-05 9.18E-05 2.58E-04 9.23E-04 7.89E-06 1.35E-05 6.86E-05 1.94E-04 6.78E-04 9.03E-06 1.10E-05 5.71E-05 1.62E-04 5.61E-04 9.96E-06 8.02E-06 4.24E-05 1.20E-04 4.04E-04
 isot 24 Cr 52 7.48E-03 7.05E-03 6.31E-03 5.52E-03 4.48E-03 1.18E-02 1.14E-02 1.04E-02 9.10E-03 6.39E-03 9.52E-03 9.21E-03 8.46E-03 7.38E-03 5.08E-03 8.23E-03 7.97E-03 7.33E-03 6.39E-03 4.39E-03 6.55E-03 6.36E-03 5.85E-03 5.10E-03 3.62E-03
 isot 24 Cr 53 2.16E-04 2.97E-04 4.89E-04 6.91E-04 9.82E-04 3.23E-04 4.41E-04 7.15E-04 1.01E-03 1.32E-03 2.32E-04 3.68E-04 5.85E-04 8.28E-04 1.07E-03 1.79E-04 3.25E-04 5.10E-04 7.20E-04 9.38E-04 1.16E-04 2.67E-04 4.11E-04 5.78E-04 8.04E-04
 isot 24 Cr 54 2.30E-10 7.64E-09 5.04E-08 2.89E-07 1.75E-06 9.49E-11 3.54E-09 2.43E-08 1.40E-07 9.41E-07 4.04E-11 1.60E-09 1.16E-08 6.70E-08 5.04E-07 2.59E-11 1.07E-09 8.19E-09 4.70E-08 3.64E-07 1.43E-11 6.03E-10 5.03E-09 2.89E-08 2.31E-07
 elem 25 Mn  1 1.94E-04 1.19E-03 2.68E-03 4.37E-03 7.36E-03 1.93E-04 1.80E-03 4.24E-03 7.01E-03 1.13E-02 9.15E-05 1.42E-03 3.46E-03 5.75E-03 9.20E-03 8.50E-05 1.21E-03 3.00E-03 5.00E-03 8.80E-03 8.71E-05 9.46E-04 2.40E-03 4.00E-03 9.67E-03
 isot 25 Mn 55 1.94E-04 1.19E-03 2.68E-03 4.37E-03 7.36E-03 1.93E-04 1.80E-03 4.24E-03 7.01E-03 1.13E-02 9.15E-05 1.42E-03 3.46E-03 5.75E-03 9.20E-03 8.50E-05 1.21E-03 3.00E-03 5.00E-03 8.80E-03 8.71E-05 9.46E-04 2.40E-03 4.00E-03 9.67E-03
 elem 26 Fe  4 1.92E-01 1.85E-01 1.82E-01 1.88E-01 2.39E-01 4.59E-01 4.54E-01 4.50E-01 4.53E-01 4.79E-01 7.11E-01 7.08E-01 7.01E-01 6.91E-01 6.70E-01 8.14E-01 8.13E-01 8.03E-01 7.89E-01 7.49E-01 9.38E-01 9.36E-01 9.25E-01 9.05E-01 8.46E-01
 isot 26 Fe 54 8.43E-05 2.48E-03 1.15E-02 3.05E-02 9.48E-02 6.69E-05 2.81E-03 1.34E-02 3.52E-02 1.03E-01 4.42E-05 2.02E-03 1.01E-02 2.65E-02 7.69E-02 3.93E-05 1.65E-03 8.40E-03 2.22E-02 6.64E-02 2.94E-05 1.19E-03 6.30E-03 1.67E-02 5.78E-02
 isot 26 Fe 56 1.91E-01 1.82E-01 1.69E-01 1.55E-01 1.41E-01 4.57E-01 4.49E-01 4.33E-01 4.12E-01 3.65E-01 7.06E-01 6.99E-01 6.80E-01 6.51E-01 5.69E-01 8.07E-01 8.01E-01 7.81E-01 7.49E-01 6.54E-01 9.28E-01 9.22E-01 9.02E-01 8.65E-01 7.53E-01
 isot 26 Fe 57 5.69E-04 7.99E-04 1.37E-03 2.06E-03 3.31E-03 1.63E-03 2.36E-03 3.84E-03 6.00E-03 1.09E-02 5.02E-03 7.71E-03 1.03E-02 1.43E-02 2.33E-02 6.99E-03 1.02E-02 1.32E-02 1.81E-02 2.86E-02 9.69E-03 1.32E-02 1.69E-02 2.29E-02 3.45E-02
 isot 26 Fe 58 1.44E-08 2.58E-07 6.48E-07 1.86E-06 1.78E-05 5.47E-09 8.33E-08 2.24E-07 7.01E-07 6.96E-06 2.24E-09 2.94E-08 8.27E-08 2.63E-07 2.32E-06 1.45E-09 1.82E-08 5.23E-08 1.65E-07 1.33E-06 8.01E-10 9.80E-09 2.94E-08 9.18E-08 6.58E-07
 elem 27 Co  1 4.53E-07 1.79E-06 2.37E-06 6.31E-06 4.98E-05 8.46E-05 1.11E-05 2.70E-05 5.30E-05 1.50E-04 7.33E-04 8.87E-05 2.96E-04 4.74E-04 6.64E-04 9.10E-04 1.37E-04 4.20E-04 6.51E-04 8.15E-04 1.10E-03 2.21E-04 5.58E-04 8.08E-04 8.95E-04
 isot 27 Co 59 4.53E-07 1.79E-06 2.37E-06 6.31E-06 4.98E-05 8.46E-05 1.11E-05 2.70E-05 5.30E-05 1.50E-04 7.33E-04 8.87E-05 2.96E-04 4.74E-04 6.64E-04 9.10E-04 1.37E-04 4.20E-04 6.51E-04 8.15E-04 1.10E-03 2.21E-04 5.58E-04 8.08E-04 8.95E-04
 elem 28 Ni  5 8.02E-05 3.10E-04 1.19E-03 3.12E-03 9.77E-03 5.32E-04 8.80E-04 3.18E-03 8.83E-03 3.51E-02 8.12E-03 8.25E-03 1.54E-02 3.16E-02 9.44E-02 1.11E-02 1.15E-02 2.07E-02 4.15E-02 1.17E-01 1.43E-02 1.54E-02 2.71E-02 5.35E-02 1.40E-01
 isot 28 Ni 58 7.90E-05 2.75E-04 1.05E-03 2.77E-03 8.53E-03 2.44E-04 5.13E-04 2.74E-03 8.12E-03 3.33E-02 1.28E-03 7.63E-04 8.07E-03 2.41E-02 8.72E-02 1.60E-03 1.31E-03 1.09E-02 3.17E-02 1.09E-01 2.49E-03 2.88E-03 1.52E-02 4.21E-02 1.31E-01
 isot 28 Ni 60 1.15E-06 2.98E-05 9.05E-05 1.93E-04 6.34E-04 2.86E-04 3.51E-04 3.77E-04 4.91E-04 8.36E-04 6.75E-03 7.14E-03 6.28E-03 5.36E-03 2.99E-03 9.37E-03 9.73E-03 8.49E-03 7.04E-03 3.54E-03 1.16E-02 1.19E-02 1.03E-02 8.15E-03 3.87E-03
 isot 28 Ni 61 2.02E-08 8.56E-07 5.04E-06 1.36E-05 7.28E-05 2.38E-06 4.43E-06 8.27E-06 1.70E-05 5.98E-05 7.85E-05 1.45E-04 1.82E-04 2.20E-04 2.22E-04 1.17E-04 2.00E-04 2.47E-04 2.90E-04 2.68E-04 1.53E-04 2.46E-04 3.02E-04 3.44E-04 3.00E-04
 isot 28 Ni 62 3.63E-08 4.51E-06 3.76E-05 1.43E-04 4.95E-04 3.37E-07 1.08E-05 5.70E-05 1.99E-04 8.93E-04 1.13E-05 2.08E-04 8.24E-04 1.93E-03 3.94E-03 3.81E-05 3.02E-04 1.13E-03 2.52E-03 4.69E-03 1.01E-04 4.04E-04 1.39E-03 2.93E-03 5.11E-03
 isot 28 Ni 64 1.44E-10 3.04E-08 6.31E-07 5.95E-06 3.92E-05 5.33E-11 1.20E-08 2.32E-07 2.05E-06 1.42E-05 2.28E-11 4.98E-09 8.42E-08 6.32E-07 4.37E-06 1.55E-11 3.39E-09 5.33E-08 3.64E-07 2.34E-06 8.64E-12 2.06E-09 2.97E-08 1.79E-07 1.02E-06
 elem 29 Cu  2 2.82E-08 9.93E-07 7.56E-06 2.23E-05 5.62E-05 2.29E-06 4.46E-07 2.86E-06 8.13E-06 2.09E-05 6.49E-05 5.17E-06 2.09E-06 4.23E-06 9.25E-06 7.95E-05 9.43E-06 2.08E-06 3.64E-06 6.87E-06 9.08E-05 1.48E-05 2.13E-06 3.23E-06 5.24E-06
 isot 29 Cu 63 2.28E-08 5.97E-07 4.27E-06 9.11E-06 2.02E-05 2.28E-06 2.47E-07 1.56E-06 3.35E-06 7.17E-06 6.47E-05 4.63E-06 1.05E-06 2.08E-06 4.25E-06 7.91E-05 8.76E-06 1.04E-06 1.94E-06 3.78E-06 9.04E-05 1.40E-05 1.06E-06 1.83E-06 3.43E-06
 isot 29 Cu 65 5.43E-09 3.96E-07 3.28E-06 1.32E-05 3.60E-05 8.61E-09 1.99E-07 1.29E-06 4.78E-06 1.37E-05 2.89E-07 5.40E-07 1.04E-06 2.15E-06 4.99E-06 3.76E-07 6.72E-07 1.04E-06 1.70E-06 3.10E-06 4.26E-07 7.90E-07 1.06E-06 1.40E-06 1.82E-06
 elem 30 Zn  5 2.45E-07 8.89E-06 4.79E-05 1.06E-04 9.35E-05 4.02E-06 5.20E-06 2.17E-05 4.81E-05 4.65E-05 1.65E-04 7.85E-05 4.48E-05 6.12E-05 5.85E-05 2.15E-04 1.08E-04 5.37E-05 6.64E-05 6.10E-05 2.49E-04 1.41E-04 6.00E-05 6.88E-05 6.48E-05
 isot 30 Zn 64 2.23E-07 6.48E-06 1.53E-05 1.14E-05 4.39E-06 3.96E-06 3.62E-06 6.02E-06 4.96E-06 2.81E-06 1.61E-04 7.30E-05 2.54E-05 1.75E-05 6.36E-06 2.10E-04 1.01E-04 3.23E-05 2.15E-05 7.28E-06 2.42E-04 1.32E-04 3.74E-05 2.42E-05 8.34E-06
 isot 30 Zn 66 6.02E-09 1.91E-06 3.06E-05 8.09E-05 6.54E-05 1.49E-08 1.29E-06 1.47E-05 3.72E-05 3.44E-05 1.05E-06 5.29E-06 1.90E-05 4.15E-05 4.84E-05 1.79E-06 6.91E-06 2.11E-05 4.36E-05 5.15E-05 2.54E-06 8.25E-06 2.25E-05 4.40E-05 5.53E-05
 isot 30 Zn 67 1.54E-09 5.16E-08 3.57E-07 1.37E-06 5.30E-06 1.65E-08 2.74E-08 1.77E-07 5.73E-07 1.91E-06 7.24E-07 2.01E-08 8.46E-08 2.39E-07 6.50E-07 8.32E-07 2.77E-08 5.99E-08 1.62E-07 3.91E-07 8.94E-07 5.24E-08 3.87E-08 9.93E-08 2.11E-07
 isot 30 Zn 68 1.49E-08 4.56E-07 1.56E-06 1.24E-05 1.80E-05 2.51E-08 2.64E-07 7.43E-07 5.37E-06 7.25E-06 2.01E-06 2.11E-07 3.00E-07 2.00E-06 2.99E-06 2.45E-06 2.16E-07 1.91E-07 1.15E-06 1.81E-06 2.81E-06 2.60E-07 1.10E-07 5.49E-07 9.36E-07
 isot 30 Zn 70 3.46E-11 8.38E-10 1.28E-08 1.11E-07 4.30E-07 1.32E-11 3.19E-10 5.26E-09 4.71E-08 1.64E-07 5.28E-12 1.37E-10 2.24E-09 1.84E-08 5.74E-08 3.60E-12 9.71E-11 1.52E-09 1.17E-08 3.40E-08 2.19E-12 5.96E-11 9.21E-10 6.49E-09 1.67E-08
 elem 31 Ga  2 1.21E-09 6.64E-08 8.86E-07 4.40E-06 2.43E-06 6.21E-10 4.25E-08 4.69E-07 2.10E-06 1.06E-06 1.95E-09 2.42E-08 2.05E-07 9.00E-07 4.70E-07 2.46E-09 1.80E-08 1.33E-07 5.75E-07 3.12E-07 2.98E-09 1.21E-08 7.44E-08 3.08E-07 1.78E-07
 isot 31 Ga 69 1.04E-09 6.20E-08 8.00E-07 3.49E-06 1.57E-06 5.37E-10 3.97E-08 4.11E-07 1.65E-06 6.95E-07 1.09E-09 2.22E-08 1.71E-07 6.99E-07 3.20E-07 1.34E-09 1.62E-08 1.08E-07 4.42E-07 2.15E-07 1.60E-09 1.07E-08 5.76E-08 2.33E-07 1.26E-07
 isot 31 Ga 71 1.71E-10 4.45E-09 8.57E-08 9.11E-07 8.60E-07 8.41E-11 2.83E-09 5.83E-08 4.52E-07 3.63E-07 8.66E-10 2.01E-09 3.43E-08 2.01E-07 1.51E-07 1.12E-09 1.75E-09 2.56E-08 1.32E-07 9.67E-08 1.37E-09 1.45E-09 1.67E-08 7.46E-08 5.20E-08
 elem 32 Ge  5 6.14E-09 7.57E-07 1.25E-05 2.75E-05 5.24E-06 3.92E-09 6.61E-07 7.80E-06 1.53E-05 2.59E-06 6.75E-08 5.09E-07 4.06E-06 8.21E-06 1.59E-06 8.99E-08 4.20E-07 2.73E-06 5.69E-06 1.22E-06 1.07E-07 3.20E-07 1.57E-06 3.35E-06 8.85E-07
 isot 32 Ge 70 3.98E-09 6.68E-07 9.55E-06 1.54E-05 2.21E-06 2.85E-09 5.61E-07 5.57E-06 8.26E-06 1.16E-06 4.94E-08 4.34E-07 2.81E-06 4.38E-06 8.49E-07 6.82E-08 3.62E-07 1.88E-06 3.06E-06 7.13E-07 8.22E-08 2.83E-07 1.11E-06 1.88E-06 5.94E-07
 isot 32 Ge 72 1.66E-09 8.05E-08 2.86E-06 1.15E-05 2.67E-06 8.41E-10 9.46E-08 2.17E-06 6.73E-06 1.28E-06 1.80E-08 7.15E-08 1.21E-06 3.66E-06 6.75E-07 2.16E-08 5.55E-08 8.10E-07 2.50E-06 4.67E-07 2.49E-08 3.45E-08 4.30E-07 1.39E-06 2.68E-07
 isot 32 Ge 73 4.19E-10 7.34E-09 4.27E-08 7.69E-08 8.46E-08 1.99E-10 5.43E-09 3.82E-08 4.92E-08 3.23E-08 9.93E-11 3.68E-09 2.99E-08 3.38E-08 1.25E-08 8.73E-11 2.90E-09 2.47E-08 2.80E-08 7.94E-09 6.65E-11 1.97E-09 1.78E-08 2.09E-08 4.36E-09
 isot 32 Ge 74 5.99E-11 7.26E-10 2.91E-08 4.59E-07 2.54E-07 2.15E-11 3.36E-10 1.96E-08 2.51E-07 1.03E-07 7.94E-12 1.87E-10 1.16E-08 1.39E-07 4.88E-08 4.83E-12 1.44E-10 8.39E-09 9.23E-08 3.17E-08 2.60E-12 9.91E-11 5.44E-09 5.21E-08 1.78E-08
 isot 32 Ge 76 2.31E-11 1.58E-10 1.36E-09 8.88E-09 2.39E-08 1.13E-11 5.36E-11 6.63E-10 4.14E-09 8.60E-09 4.64E-12 2.27E-11 4.31E-10 2.43E-09 2.98E-09 2.81E-12 1.40E-11 3.71E-10 1.93E-09 1.79E-09 1.48E-12 7.95E-12 2.98E-10 1.40E-09 9.26E-10
 elem 33 As  1 1.32E-10 3.97E-09 8.24E-08 5.00E-07 9.51E-08 5.22E-11 4.26E-09 6.59E-08 3.01E-07 4.34E-08 2.39E-11 3.73E-09 4.58E-08 1.89E-07 2.43E-08 1.78E-11 3.21E-09 3.52E-08 1.34E-07 1.69E-08 1.19E-11 2.43E-09 2.33E-08 8.11E-08 1.03E-08
 isot 33 As 75 1.32E-10 3.97E-09 8.24E-08 5.00E-07 9.51E-08 5.22E-11 4.26E-09 6.59E-08 3.01E-07 4.34E-08 2.39E-11 3.73E-09 4.58E-08 1.89E-07 2.43E-08 1.78E-11 3.21E-09 3.52E-08 1.34E-07 1.69E-08 1.19E-11 2.43E-09 2.33E-08 8.11E-08 1.03E-08
 elem 34 Se  5 3.80E-09 2.71E-07 4.82E-06 7.02E-06 4.15E-07 2.95E-09 3.87E-07 4.85E-06 5.58E-06 2.34E-07 2.26E-09 3.60E-07 3.51E-06 3.96E-06 1.41E-07 2.27E-09 2.98E-07 2.65E-06 3.17E-06 1.09E-07 2.31E-09 1.98E-07 1.59E-06 2.07E-06 7.19E-08
 isot 34 Se 74 2.79E-09 2.08E-07 2.28E-06 2.73E-06 1.26E-07 2.19E-09 2.66E-07 2.13E-06 2.22E-06 7.97E-08 1.68E-09 2.23E-07 1.41E-06 1.53E-06 5.25E-08 1.68E-09 1.77E-07 1.03E-06 1.21E-06 4.22E-08 1.68E-09 1.13E-07 5.93E-07 7.79E-07 2.86E-08
 isot 34 Se 76 5.66E-10 6.03E-08 2.44E-06 3.89E-06 1.91E-07 5.26E-10 1.19E-07 2.62E-06 3.10E-06 1.16E-07 4.64E-10 1.34E-07 2.00E-06 2.22E-06 7.23E-08 4.92E-10 1.19E-07 1.55E-06 1.79E-06 5.66E-08 5.49E-10 8.39E-08 9.47E-07 1.18E-06 3.73E-08
 isot 34 Se 77 3.20E-10 1.60E-09 8.45E-09 4.60E-08 2.60E-08 1.93E-10 1.22E-09 8.39E-09 2.86E-08 1.05E-08 9.92E-11 1.24E-09 8.89E-09 1.97E-08 4.50E-09 8.09E-11 1.22E-09 8.64E-09 1.58E-08 2.95E-09 7.17E-11 1.05E-09 7.86E-09 1.17E-08 1.71E-09
 isot 34 Se 78 4.13E-11 9.33E-10 8.90E-08 3.29E-07 4.67E-08 1.92E-11 7.93E-10 9.26E-08 2.25E-07 1.96E-08 7.55E-12 8.35E-10 8.43E-08 1.83E-07 9.15E-09 4.64E-12 7.74E-10 6.49E-08 1.46E-07 6.09E-09 2.60E-12 5.89E-10 4.01E-08 9.63E-08 3.55E-09
 isot 34 Se 80 8.27E-11 4.11E-10 3.67E-09 1.39E-08 2.54E-08 3.01E-11 1.50E-10 1.60E-09 6.32E-09 8.23E-09 1.10E-11 5.67E-11 1.13E-09 4.14E-09 2.56E-09 6.65E-12 3.59E-11 1.03E-09 3.42E-09 1.49E-09 3.47E-12 2.09E-11 9.06E-10 2.67E-09 7.33E-10
 elem 35 Br  1 7.04E-11 2.59E-09 2.80E-08 3.53E-08 8.56E-09 4.23E-11 2.80E-09 3.07E-08 2.72E-08 3.14E-09 2.13E-11 3.34E-09 3.50E-08 2.87E-08 1.27E-09 2.07E-11 3.24E-09 3.20E-08 2.68E-08 8.26E-10 1.72E-11 2.78E-09 2.53E-08 2.26E-08 4.96E-10
 isot 35 Br 79 7.04E-11 2.59E-09 2.80E-08 3.53E-08 8.56E-09 4.23E-11 2.80E-09 3.07E-08 2.72E-08 3.14E-09 2.13E-11 3.34E-09 3.50E-08 2.87E-08 1.27E-09 2.07E-11 3.24E-09 3.20E-08 2.68E-08 8.26E-10 1.72E-11 2.78E-09 2.53E-08 2.26E-08 4.96E-10
 elem 36 Kr  2 1.77E-09 5.61E-08 8.71E-07 5.47E-07 1.96E-08 1.61E-09 1.11E-07 1.29E-06 5.74E-07 1.18E-08 1.21E-09 1.63E-07 1.34E-06 5.55E-07 5.79E-09 1.21E-09 1.65E-07 1.20E-06 5.27E-07 4.25E-09 1.30E-09 1.35E-07 8.66E-07 4.22E-07 2.70E-09
 isot 36 Kr 78 1.60E-09 3.04E-08 1.70E-07 8.81E-08 3.43E-09 1.36E-09 5.01E-08 2.46E-07 9.71E-08 1.98E-09 9.62E-10 6.43E-08 2.64E-07 1.05E-07 1.02E-09 9.53E-10 6.13E-08 2.39E-07 1.04E-07 7.85E-10 9.76E-10 4.72E-08 1.75E-07 8.79E-08 5.25E-10
 isot 36 Kr 80 1.63E-10 2.57E-08 7.01E-07 4.59E-07 1.62E-08 2.46E-10 6.08E-08 1.05E-06 4.77E-07 9.78E-09 2.51E-10 9.90E-08 1.07E-06 4.50E-07 4.78E-09 2.61E-10 1.03E-07 9.58E-07 4.23E-07 3.46E-09 3.19E-10 8.75E-08 6.91E-07 3.34E-07 2.18E-09
