Title: Manganese Indicates a Transition from Sub- to Near-Chandrasekhar Type Ia Supernovae in Dwarf Galaxies
Authors: de los Reyes, M.A.C., Kirby, E.N., Seitenzahl, I.R., Shen, K.J.
Table: Manganese abundance catalog of GC and dSph stars
================================================================================
Byte-by-byte Description of file: tab5.txt
--------------------------------------------------------------------------------
   Bytes Format Units      Label    Explanations
--------------------------------------------------------------------------------
   1-  5 A5     ---        Object   Name of galaxy or GC
   7- 24 A18    ---        ID       ID of star
  26- 27 I2     h          RAh      Right Ascension J2000 (hours)
  29- 30 I2     min        RAm      Right Ascension J2000 (minutes)
  32- 36 F5.2   s          RAs      Right Ascension J2000 (seconds)
  38- 38 A1     -          DE-      Declination J2000 (sign)
  40- 41 I2     deg        DEd      Declination J2000 (degrees)
  43- 44 I2     arcmin     DEm      Declination J2000 (minutes)
  46- 50 F5.2   arcsec     DEs      Declination J2000 (seconds)
  52- 55 I4     K          Teff     Effective temperature (1)
  57- 60 F4.2   [cm.s-2]   log(g)   Surface gravity (1)
  62- 65 F4.2   km.s-1     xi       Microturbulent velocity (1)
  67- 71 F5.2   ---        alphaFe  Alpha-element logarithmic abundance [alpha/Fe] (1)
  73- 77 F5.2   ---        FeH      Iron logarithmic abundance [Fe/H] (1)
  79- 82 F4.2   ---      e_FeH      Mean error on iron logarithmic abundance [Fe/H] (1)
  84- 88 F5.2   ---        MnFe     Manganese-to-iron logarithmic abundance [Mn/Fe]
  90- 94 F5.3   ---      e_MnFe     Mean error on manganese-to-iron logarithmic abundance [Mn/Fe]
--------------------------------------------------------------------------------
Note (1): From Kirby et al. (2010) (2010ApJS..191..352K)
--------------------------------------------------------------------------------
Scl   1003702             0 59 28.72 - 33 38 56.76 4660 1.58 1.77  0.31 -1.95 0.11 -0.52 0.240 
Scl   1007989             0 59 50.42 - 33 38  4.04 4849 2.12 1.64  0.22 -1.42 0.13 -0.23 0.250 
Scl   1009387             0 59 56.78 - 33 39 28.45 4597 1.53 1.65  0.01 -1.50 0.21 -0.43 0.290 
Scl   1009510             0 59 57.28 - 33 40 31.96 4677 1.76 1.81  0.20 -1.80 0.11 -0.31 0.230 
Scl   1011529             1  0  6.35 - 33 44 57.61 4510 1.29 1.72 -0.02 -1.48 0.11 -0.41 0.180 
Scl   1014514             1  0 19.76 - 33 47  9.80 4745 1.48 1.74  0.20 -1.60 0.15 -0.28 0.250 
Scl   1004020             0 59 30.57 - 33 37 13.09 4785 2.11 1.68 -0.13 -1.33 0.14 -0.37 0.300 
Scl   1004084             0 59 30.93 - 33 36 49.93 4913 2.08 1.79  0.96 -2.39 0.12  0.64 0.280 
Scl   1004448             0 59 32.78 - 33 36 10.91 4679 1.42 1.83  0.13 -1.87 0.11 -0.60 0.230 
Scl   1004645             0 59 33.64 - 33 37 54.17 4658 1.76 1.96  0.15 -1.26 0.11 -0.39 0.190 
Scl   1004931             0 59 35.23 - 33 37 31.08 4592 1.48 1.75  0.22 -1.98 0.11 -0.53 0.220 
Scl   1005099             0 59 36.08 - 33 37  8.92 5278 1.34 1.61  1.08 -1.57 0.13 -0.51 0.230 
Scl   1005457             0 59 38.12 - 33 35  7.92 3968 0.77 1.64 -0.71 -1.46 0.12 -0.52 0.190 
Scl   1005565             0 59 38.05 - 33 40 32.15 4349 0.91 1.92  0.14 -1.80 0.10 -0.45 0.160 
Scl   1005651             0 59 38.94 - 33 36 13.54 4417 1.23 1.81  0.11 -1.52 0.11 -0.35 0.180 
Scl   1005983             0 59 40.31 - 33 39 44.79 4676 1.65 1.85  0.35 -1.81 0.10 -0.35 0.190 
Scl   1006400             0 59 42.56 - 33 38 16.72 4357 0.95 1.87 -0.15 -1.26 0.10 -0.31 0.170 
Scl   1007217             0 59 46.52 - 33 40 44.95 4681 1.43 1.77 -0.13 -1.67 0.10 -0.32 0.190 
Scl   1007258             0 59 46.83 - 33 39 50.16 4440 1.22 1.64  0.12 -1.72 0.12 -0.85 0.260 
Scl   1007627             0 59 48.43 - 33 40 35.48 4888 2.09 1.81 -0.15 -1.62 0.10 -0.12 0.220 
Scl   1007749             0 59 49.07 - 33 40 16.92 4926 2.14 1.72  0.01 -1.11 0.11 -0.39 0.270 
Scl   1007750             0 59 48.87 - 33 42 17.73 4469 1.14 1.88 -0.04 -1.35 0.10 -0.51 0.160 
Scl   1007815             0 59 49.29 - 33 41 17.14 4674 1.56 1.78 -0.18 -1.32 0.11 -0.42 0.180 
Scl   1008349             0 59 51.90 - 33 41 45.84 4533 1.42 1.86  0.02 -1.10 0.10 -0.36 0.170 
Scl   1008361             0 59 52.12 - 33 40 21.37 4795 1.78 1.99  0.11 -1.59 0.10 -0.64 0.240 
Scl   1008390             0 59 51.99 - 33 42 36.00 4510 1.11 1.84  0.02 -1.45 0.11 -0.76 0.180 
Scl   1008579             0 59 52.68 - 33 43  4.00 4597 1.52 1.78  0.14 -1.81 0.10 -0.65 0.210 
Scl   1008651             0 59 52.85 - 33 44 39.63 4487 1.19 1.83 -0.04 -1.17 0.11 -0.23 0.170 
Scl   1008833             0 59 54.21 - 33 40 26.84 4260 0.66 1.73 -0.04 -1.28 0.11 -0.18 0.180 
Scl   1009280             0 59 56.27 - 33 40 31.08 4499 1.27 1.87  0.36 -2.32 0.10  0.02 0.180 
Scl   1009527             0 59 56.97 - 33 44 16.58 4428 1.17 1.82 -0.05 -1.14 0.10 -0.48 0.180 
Scl   1009673             0 59 57.48 - 33 46 28.52 5061 1.86 1.78  0.40 -2.64 0.11  0.37 0.220 
Scl   1009698             0 59 57.90 - 33 43 20.92 4543 1.37 1.65  0.15 -1.68 0.12 -0.48 0.190 
Scl   1009740             0 59 58.07 - 33 43 14.00 4590 1.53 1.77  0.19 -1.47 0.11 -0.03 0.170 
Scl   1009881             0 59 58.81 - 33 43 20.72 4757 2.09 1.69 -0.12 -1.31 0.12  0.04 0.200 
Scl   1009948             0 59 59.03 - 33 43 26.48 4574 1.58 1.95 -0.05 -1.61 0.10 -0.48 0.200 
Scl   1010084             0 59 59.71 - 33 42 36.83 4824 1.91 1.78  0.17 -1.96 0.12 -0.04 0.210 
Scl   1010231             1  0  0.24 - 33 44 47.60 4355 0.81 1.68  0.26 -2.07 0.11 -0.48 0.190 
Scl   1010958             1  0  3.41 - 33 46 44.80 4841 1.54 1.86  0.10 -2.11 0.11 -0.40 0.220 
Scl   1010968             1  0  3.93 - 33 41 38.95 4776 1.96 1.78 -0.35 -1.37 0.10 -0.22 0.210 
Scl   1011048             1  0  4.16 - 33 43 32.16 4572 1.18 1.84  0.04 -2.27 0.10 -0.50 0.250 
Scl   1011455             1  0  6.14 - 33 43 35.08 4679 1.52 1.90 -0.16 -1.22 0.10 -0.37 0.180 
Scl   1011721             1  0  6.96 - 33 47  9.24 4474 1.01 1.81  0.16 -1.86 0.11 -0.33 0.170 
Scl   1012108             1  0  8.79 - 33 46 24.86 4713 1.42 1.70  0.12 -2.01 0.12 -0.37 0.240 
Scl   1012164             1  0  8.87 - 33 48 29.43 4955 1.86 1.73 -0.13 -1.40 0.11  0.04 0.200 
Scl   1012290             1  0  9.96 - 33 43 54.58 4894 1.75 1.72 -0.03 -1.30 0.13 -0.09 0.210 
Scl   1012992             1  0 12.67 - 33 48 42.86 4814 1.78 1.77  0.18 -1.99 0.10 -0.14 0.240 
Scl   1013142             1  0 13.62 - 33 46  2.73 4982 2.12 1.79  0.31 -1.61 0.11  0.53 0.230 
Scl   1200017             0 59 49.58 - 33 37 52.41 4708 1.60 1.76  0.41 -2.21 0.11 -0.01 0.240 
For   67094               2 39 58.21 - 34 32  5.30 3790 0.28 1.69 -0.13 -1.07 0.11 -0.10 0.260 
For   65050               2 39 56.33 - 34 31 35.40 4034 0.68 1.65  0.17 -0.83 0.11  0.18 0.280 
For   63959               2 39 55.28 - 34 30 10.90 4117 0.62 1.91  0.10 -1.07 0.10 -0.01 0.230 
For   37925               2 39 32.60 - 34 26 40.40 4119 0.79 1.76 -0.05 -1.17 0.11 -0.38 0.200 
For   72014               2 40  2.83 - 34 35 17.20 4759 1.69 1.64  0.12 -0.63 0.11  0.06 0.220 
For   57079               2 39 49.03 - 34 32 44.00 3994 0.56 2.04  0.02 -0.86 0.10 -0.10 0.230 
For   47784               2 39 41.34 - 34 30  9.80 3936 0.57 1.96  0.19 -0.83 0.10  0.07 0.240 
For   37141               2 39 31.86 - 34 29 20.10 3953 0.42 2.07  0.07 -1.23 0.10 -0.05 0.170 
For   73455               2 40  4.15 - 34 37 15.40 4312 1.04 1.75  0.19 -1.05 0.12  0.11 0.250 
For   69470               2 40  0.51 - 34 37  3.30 4332 1.06 1.99 -0.14 -1.22 0.10 -0.03 0.190 
For   59119               2 39 50.74 - 34 34 51.80 4483 1.28 1.73 -0.06 -1.33 0.10 -0.51 0.190 
For   49781               2 39 43.04 - 34 30 29.30 4390 1.23 1.64  0.16 -0.89 0.14 -0.07 0.240 
For   44090               2 39 38.07 - 34 30 53.80 4180 0.89 1.98  0.19 -0.91 0.10  0.07 0.180 
For   67669               2 39 58.78 - 34 36 19.20 4588 1.48 1.93 -0.17 -1.45 0.10 -0.04 0.240 
For   61191               2 39 52.60 - 34 36 52.90 4935 1.92 1.87  0.12 -1.30 0.10  0.14 0.290 
For   61858               2 39 53.22 - 34 31 29.30 3930 0.56 1.85  0.04 -0.85 0.10  0.15 0.270 
For   55778               2 39 48.03 - 34 31 24.50 4300 0.92 1.64 -0.01 -1.32 0.13 -0.21 0.190 
For   50919               2 39 43.98 - 34 32 56.30 4380 0.97 1.91 -0.04 -1.47 0.10  0.08 0.170 
For   78946               2 40  9.01 - 34 37 14.20 4322 0.96 1.86  0.16 -1.20 0.10  0.10 0.200 
For   69375               2 40  0.40 - 34 33  7.70 4397 1.27 1.76  0.10 -1.10 0.11  0.22 0.220 
For   53392               2 39 46.10 - 34 34 12.70 4227 0.97 1.91  0.22 -0.90 0.10 -0.02 0.200 
For   51485               2 39 44.49 - 34 30 10.90 4360 1.20 2.01  0.06 -1.17 0.10 -0.45 0.180 
For   48946               2 39 42.36 - 34 27 25.40 4344 1.20 1.92  0.11 -1.00 0.10  0.10 0.210 
For   48367               2 39 41.84 - 34 30 46.00 4578 1.33 2.01  0.02 -0.89 0.10 -0.44 0.200 
For   44508               2 39 38.44 - 34 28 31.90 4359 1.14 1.77  0.06 -1.10 0.10 -0.12 0.180 
For   29335               2 39 24.57 - 34 25 11.30 4180 0.97 1.73  0.04 -0.96 0.11 -0.61 0.250 
For   57226               2 39 49.17 - 34 31 58.10 4626 1.57 2.03  0.01 -0.84 0.10 -0.05 0.200 
For   52381               2 39 45.25 - 34 30 38.80 4868 1.62 1.73  0.08 -1.27 0.10 -0.01 0.200 
For   41969               2 39 36.25 - 34 27 26.80 4820 1.64 1.84 -0.25 -1.97 0.10  0.23 0.280 
For   28723               2 39 23.99 - 34 25 50.50 4653 1.61 1.69 -0.05 -1.16 0.13 -0.30 0.270 
For   69335               2 40  0.37 - 34 32 43.60 4866 1.88 2.01  0.25 -1.15 0.10  0.40 0.210 
For   58416               2 39 50.15 - 34 34 45.50 4658 1.76 2.00  0.09 -0.81 0.10 -0.05 0.220 
For   57717               2 39 49.59 - 34 33 55.70 4486 1.66 1.98 -0.16 -0.82 0.10 -0.57 0.240 
For   57415               2 39 49.33 - 34 33 52.40 4711 1.73 2.07  0.03 -1.12 0.10 -0.57 0.260 
For   42747               2 39 36.91 - 34 28 25.20 4810 1.74 2.08 -0.02 -0.61 0.10 -0.30 0.180 
For   36107               2 39 30.92 - 34 27 25.30 4636 1.89 1.89  0.17 -0.89 0.10  0.04 0.280 
For   74388               2 40  4.99 - 34 36 32.90 3845 0.39 1.74 -0.35 -1.31 0.10 -0.13 0.240 
For   57729               2 39 49.60 - 34 33  3.10 4172 0.79 1.90  0.24 -0.88 0.10  0.00 0.210 
For   43972               2 39 37.98 - 34 29 31.60 4106 0.67 2.05 -0.03 -1.18 0.10 -0.22 0.190 
For   41984               2 39 36.24 - 34 30  6.50 4126 0.65 1.83  0.12 -1.13 0.10  0.00 0.160 
For   39065               2 39 33.62 - 34 25 49.90 3798 0.30 2.09 -0.14 -0.93 0.10 -0.14 0.280 
For   76129               2 40  6.54 - 34 34 26.70 4537 1.31 1.76 -0.15 -1.27 0.16  0.07 0.230 
For   69465               2 40  0.50 - 34 33 34.60 4547 1.35 1.92  0.01 -1.52 0.10 -0.10 0.200 
LeoI  S60286             10  8 22.05 + 12 20 20.79 4241 0.42 2.08  0.11 -1.50 0.01 -0.41 0.170 
LeoI  S21673             10  8 36.91 + 12 20 11.44 4015 0.24 2.02  0.16 -1.23 0.01  0.00 0.190 
LeoI  S60132             10  8 23.24 + 12 18 38.13 3873 0.27 1.97  0.07 -1.20 0.01  0.17 0.220 
LeoI  S31893             10  8 32.59 + 12 18  5.98 4190 0.36 1.97  0.24 -1.09 0.01 -0.11 0.190 
LeoI  S23195             10  8 26.66 + 12 19 39.98 4432 0.51 1.92  0.03 -1.13 0.01 -0.12 0.150 
LeoI  S30739             10  8 44.58 + 12 17 22.80 4004 0.32 1.87  0.04 -1.64 0.01 -0.19 0.180 
LeoI  S60462             10  8 20.45 + 12 21  3.78 4162 0.40 1.84 -0.09 -1.85 0.01 -0.21 0.190 
LeoI  S61214             10  8 10.96 + 12 21 56.64 4142 0.49 2.02 -0.15 -1.69 0.01 -0.14 0.150 
LeoI  S60803             10  8 17.15 + 12 18 44.98 4250 0.54 1.98  0.13 -1.25 0.01  0.07 0.200 
LeoI  S22531             10  8 30.96 + 12 19 58.35 4200 0.51 1.88  0.20 -1.20 0.01  0.20 0.210 
LeoI  S20868             10  8 44.70 + 12 20 20.84 4256 0.57 1.85 -0.07 -1.58 0.01 -0.33 0.190 
LeoI  S60223             10  8 22.53 + 12 19 21.90 4109 0.50 1.98  0.07 -1.41 0.01 -0.06 0.160 
LeoI  S30273             10  9  0.17 + 12 18 21.15 4051 0.41 2.07 -0.20 -2.27 0.02 -0.24 0.270 
LeoI  S60970             10  8 14.93 + 12 20 43.63 4132 0.49 2.00  0.17 -1.46 0.01 -0.09 0.160 
LeoI  S31007             10  8 40.92 + 12 18  6.42 4089 0.51 1.88 -0.01 -1.48 0.01 -0.28 0.180 
LeoI  S23429             10  8 25.13 + 12 20  7.41 4095 0.53 2.05 -0.08 -1.25 0.01 -0.36 0.170 
LeoI  S21987             10  8 34.44 + 12 18 56.56 4157 0.55 2.03  0.14 -1.44 0.02 -0.26 0.190 
LeoI  S22390             10  8 31.81 + 12 20  5.54 4077 0.50 2.03  0.09 -1.41 0.01 -0.11 0.190 
LeoI  S22996             10  8 27.91 + 12 19 19.38 4340 0.66 2.03  0.02 -1.25 0.01 -0.33 0.170 
LeoI  S31194             10  8 38.68 + 12 18  5.19 4175 0.58 1.97  0.04 -1.35 0.01 -0.16 0.180 
LeoI  S21298             10  8 40.05 + 12 18 47.00 4242 0.61 1.95  0.11 -1.33 0.01 -0.01 0.190 
LeoI  S60396             10  8 21.12 + 12 19 43.20 4078 0.52 1.92  0.02 -1.22 0.01  0.03 0.200 
LeoI  S20345             10  8 58.74 + 12 18 36.10 4228 0.68 1.90 -0.03 -1.39 0.01 -0.28 0.200 
LeoI  S60623             10  8 19.14 + 12 20 48.55 4223 0.70 1.88  0.10 -1.38 0.02 -0.08 0.190 
LeoI  S21236             10  8 40.62 + 12 21 18.23 4307 0.73 1.88 -0.30 -0.93 0.01 -0.37 0.220 
LeoI  S61331             10  8  8.06 + 12 19 53.62 4265 0.74 1.87  0.04 -1.39 0.01 -0.19 0.170 
LeoI  S71561             10  8 12.35 + 12 17 57.50 4304 0.74 1.86  0.13 -1.37 0.01 -0.15 0.200 
LeoI  S30978             10  8 41.23 + 12 17 47.45 4357 0.77 2.04  0.21 -1.35 0.02 -0.00 0.180 
LeoI  S61563             10  7 59.25 + 12 20 35.94 4194 0.68 2.02 -0.05 -1.57 0.01 -0.46 0.210 
LeoI  S21712             10  8 36.67 + 12 18 38.13 4383 0.83 2.09 -0.28 -1.73 0.03 -0.07 0.250 
LeoI  S61347             10  8  7.85 + 12 21  0.33 4374 0.82 2.01  0.13 -1.98 0.03  0.16 0.180 
LeoI  S60225             10  8 22.55 + 12 20 45.38 4437 0.87 2.02 -0.19 -1.15 0.02 -0.75 0.230 
LeoI  S22621             10  8 30.31 + 12 20 25.15 4692 0.99 2.03 -0.07 -1.22 0.03  0.12 0.190 
LeoI  S31669             10  8 34.37 + 12 17 53.94 4428 0.93 1.99  0.23 -1.82 0.05 -0.37 0.290 
LeoI  S22595             10  8 30.50 + 12 19 42.67 4429 0.91 1.92  0.08 -1.13 0.02 -0.20 0.230 
LeoI  S60646             10  8 18.92 + 12 21 35.93 4341 0.92 1.87  0.16 -1.19 0.02 -0.36 0.210 
LeoI  S61288             10  8  9.18 + 12 19 56.34 4398 0.95 2.02  0.12 -1.35 0.02 -0.50 0.220 
LeoI  S30374             10  8 55.48 + 12 17 20.98 4437 0.99 2.00 -0.07 -1.26 0.02 -0.33 0.240 
LeoI  S60443             10  8 20.61 + 12 19 20.86 4379 1.00 1.87  0.07 -1.54 0.04  0.27 0.190 
LeoI  S30498             10  8 50.71 + 12 17 45.93 4383 1.04 1.88  0.06 -1.52 0.03 -0.01 0.260 
LeoI  S32186             10  8 30.66 + 12 17 55.95 4529 1.10 2.02  0.19 -1.35 0.06  0.14 0.230 
LeoI  S61441             10  8  5.23 + 12 18 59.36 4664 1.17 1.95  0.28 -1.45 0.04  0.14 0.230 
LeoI  S23382             10  8 25.46 + 12 20  0.82 4459 1.10 1.92 -0.11 -1.26 0.03 -0.37 0.290 
LeoI  S61411             10  8  6.01 + 12 19 51.16 4526 1.12 1.91 -0.21 -1.58 0.02  0.18 0.210 
LeoI  S21989             10  8 34.44 + 12 20  6.53 4368 1.09 1.89  0.07 -1.30 0.04 -0.05 0.240 
LeoI  S20507             10  8 52.79 + 12 20  2.80 4351 1.11 1.89 -0.09 -1.37 0.03 -0.02 0.250 
LeoI  S20640             10  8 49.49 + 12 21 15.65 4454 1.14 1.85 -0.08 -1.58 0.03  0.12 0.250 
LeoI  S22756             10  8 29.37 + 12 18 38.82 4437 1.13 1.91  0.03 -1.30 0.03 -0.17 0.280 
LeoI  S61043             10  8 13.75 + 12 19  7.79 4651 1.24 1.94 -0.10 -1.24 0.02  0.12 0.260 
LeoI  S61454             10  8  4.94 + 12 20 35.96 4575 1.22 1.87  0.04 -1.20 0.04 -0.27 0.230 
CVnIa 542_1088           13 28  2.50 + 33 31 58.74 5044 1.86 1.90 -0.47 -1.52 0.14  0.13 0.280 
CVnIa 542_112            13 27 28.29 + 33 32 10.58 4442 0.86 1.90 -0.06 -1.99 0.10 -0.29 0.200 
CVnIa 542_172            13 27 48.57 + 33 33 51.25 4702 1.25 1.90 -0.10 -2.67 0.13 -0.11 0.270 
CVnIa 542_188            13 27 49.99 + 33 31 39.15 4796 1.45 1.90 -0.18 -1.90 0.12  0.03 0.240 
CVnIa 542_207            13 27 55.65 + 33 33 24.55 4269 0.64 1.90  0.08 -2.70 0.10 -0.17 0.220 
CVnIa 542_209            13 27 55.76 + 33 32 42.13 4401 0.93 1.90 -0.02 -1.97 0.10 -0.35 0.180 
CVnIa 542_216            13 27 58.09 + 33 33  0.18 4652 1.36 1.90 -0.06 -1.85 0.11  0.06 0.200 
CVnIa 542_308            13 28 11.31 + 33 35  6.04 4670 1.55 1.90 -0.21 -1.64 0.11 -0.34 0.240 
CVnIa 542_88             13 28  8.82 + 33 34 41.18 4651 1.11 1.90  0.18 -2.12 0.11 -0.11 0.210 
CVnIa 542_997            13 27 59.22 + 33 33  6.68 4678 1.60 1.90 -0.05 -1.90 0.12 -0.15 0.280 
CVnIa 543_112            13 28 16.23 + 33 34  9.93 4559 1.18 1.90 -0.08 -1.97 0.11 -0.94 0.280 
UMi   587742783134827051 15  9  8.00 + 67 13 53.85 4726 1.81 1.90  0.34 -2.35 0.11 -0.65 0.280 
UMi   587742783134827011 15  9  0.21 + 67 13 39.34 4977 2.10 1.90 -0.00 -2.21 0.13 -0.17 0.270 
UMi   587742783134827008 15  8 52.18 + 67 12 46.59 4315 0.89 1.90  0.12 -2.23 0.10 -0.14 0.160 
UMi   588021337802015392 15  8 44.48 + 67 12 39.92 4876 2.20 1.90  0.37 -2.06 0.11 -0.25 0.280 
UMi   588021337802015484 15  8 45.22 + 67 11 38.74 4825 1.95 1.90 -0.34 -1.60 0.10 -0.14 0.170 
UMi   588021337802015347 15  8 42.29 + 67 13 13.07 4358 0.98 1.90  0.05 -1.91 0.10 -0.27 0.160 
UMi   587742783134826993 15  9 15.83 + 67 15 43.16 4823 2.11 1.90  0.57 -2.29 0.13  0.21 0.240 
UMi   588021337802015370 15  8 38.37 + 67 12 30.81 4799 2.04 1.90 -0.46 -2.25 0.12 -0.35 0.280 
UMi   587742783134826945 15  9 12.80 + 67 16  8.58 4650 1.72 1.90 -0.15 -1.74 0.10 -0.29 0.180 
UMi   587742783134826946 15  9 13.67 + 67 16 11.38 4732 1.81 1.90 -0.09 -1.76 0.10 -0.43 0.210 
UMi   587742783134826862 15  9 14.86 + 67 17 44.96 4374 0.98 1.90 -0.04 -2.15 0.10 -0.56 0.190 
UMi   588021337802015440 15  8 24.81 + 67 10  0.74 4915 2.13 1.90  0.16 -2.16 0.12 -0.21 0.260 
UMi   588021337802015445 15  8 12.32 + 67  8 25.83 4751 2.05 1.90 -0.19 -1.76 0.12 -0.69 0.290 
UMi   588021337802015444 15  8  9.69 + 67  8 11.49 4772 2.13 1.90  0.18 -2.06 0.12 -0.29 0.260 
UMi   588021337533644982 15  8  0.47 + 67  5 25.07 4863 2.26 1.90  0.24 -2.19 0.13  0.03 0.280 
UMi   588021337533645082 15  8  8.34 + 67  4 41.03 4803 2.06 1.90 -0.09 -2.02 0.15 -0.21 0.250 
UMaII 176_103             8 52 59.03 + 63  5 54.81 4568 1.42 1.90  0.31 -2.42 0.03 -0.31 0.160 
M15   15681              21 29 42.91 + 12 10 57.30 5275 3.02 1.43  0.18 -2.39 0.10 -0.08 0.180 
M15   31227              21 29 56.32 + 12  9 54.80 4470 1.06 1.89  0.23 -2.49 0.10 -0.33 0.180 
M15   33889              21 29 57.17 + 12  9 42.60 4820 1.72 1.73  0.44 -2.50 0.10  0.00 0.160 
M15   36569              21 29 57.94 + 12 10 17.00 4409 0.86 1.94  0.22 -2.52 0.10 -0.55 0.270 
M15   37854              21 29 58.30 + 12  9 54.10 4963 2.09 1.65  0.50 -2.59 0.10 -0.19 0.190 
M15   40809              21 29 59.17 + 12 10 16.00 4790 1.04 1.90  0.38 -2.53 0.10 -0.21 0.160 
M15   41376              21 29 59.34 + 12  9 11.90 4231 0.68 1.98  0.21 -2.45 0.10 -0.36 0.180 
M15   41670              21 29 59.43 + 12 10 11.70 4832 1.40 1.81  0.26 -2.49 0.10 -0.28 0.190 
M15   42594              21 29 59.73 + 12 10 10.10 5020 2.00 1.67  0.20 -2.44 0.10 -0.45 0.220 
M15   43593              21 30  0.05 + 12  9 18.60 4958 1.61 1.76  0.31 -2.40 0.10 -0.42 0.190 
M15   44027              21 30  0.19 + 12  9 56.20 4963 1.77 1.72  0.26 -2.60 0.10 -0.47 0.220 
M15   45688              21 30  0.76 + 12  9 51.90 4901 1.78 1.72  0.28 -2.40 0.10 -0.43 0.200 
M15   46494              21 30  1.06 + 12  9 51.30 4938 1.98 1.67  0.35 -2.48 0.10 -0.15 0.170 
M15   47982              21 30  1.75 + 12 10 18.70 4957 1.89 1.70  0.29 -2.34 0.10 -0.43 0.190 
M15   50124              21 30  3.27 + 12 10 11.10 4982 2.10 1.65  0.18 -2.47 0.10 -0.33 0.180 
M15   50825              21 30  3.82 + 12  9 58.20 5349 3.20 1.38  0.02 -2.34 0.11 -0.18 0.200 
M15   54512              21 30  7.50 + 12 10 11.80 4964 2.06 1.66  0.29 -2.53 0.10 -0.27 0.200 
M15   59959              21 30 14.28 + 12  9 23.80 4771 1.70 1.74  0.28 -2.43 0.10 -0.28 0.170 
M2    Stet-M2-S109       21 33 37.28 -  0 50 54.05 5368 3.14 1.40  0.24 -1.73 0.11 -0.06 0.240 
M2    Stet-M2-S127       21 33 37.03 -  0 49 41.00 5205 2.82 1.47  0.24 -1.70 0.10 -0.47 0.180 
M2    Stet-M2-S224       21 33 39.61 -  0 47 36.19 4982 2.25 1.61  0.16 -1.62 0.10 -0.43 0.170 
M2    Stet-M2-S248       21 33 41.94 -  0 48 16.50 4661 1.67 1.75  0.19 -1.57 0.10 -0.66 0.180 
M2    Stet-M2-S733       21 33  6.64 -  0 50 21.70 5327 3.10 1.41  0.16 -1.70 0.10 -0.36 0.210 
M2    Stet-M2-S80        21 33 35.34 -  0 49 33.50 4701 1.70 1.74  0.19 -1.61 0.10 -0.46 0.150 
M2    An08-A15236        21 33 11.34 -  0 47 48.96 4890 2.14 1.64  0.22 -1.45 0.10 -0.40 0.180 
M2    An08-A14127        21 33 19.39 -  0 48  3.09 5231 2.68 1.51  0.30 -1.44 0.10 -0.59 0.210 
M2    An08-A6080         21 33 21.10 -  0 49 35.60 5256 2.81 1.48  0.15 -1.64 0.10 -0.52 0.260 
M2    An08-A9455         21 33 21.61 -  0 48 58.16 5041 2.42 1.57  0.20 -1.63 0.10 -0.21 0.190 
M2    An08-A13934        21 33 22.79 -  0 48  5.59 5296 3.36 1.35  0.29 -1.60 0.10 -0.60 0.200 
M2    An08-A1045         21 33 23.33 -  0 50 33.66 5147 2.72 1.50  0.27 -1.53 0.10 -0.49 0.200 
M2    An08-A3993         21 33 25.68 -  0 49 59.21 5204 2.81 1.48  0.16 -1.75 0.10 -0.04 0.200 
M2    An08-A3051         21 33 26.10 -  0 50 10.08 4814 1.92 1.69  0.22 -1.58 0.10 -0.53 0.150 
M2    An08-A12662        21 33 29.35 -  0 48 20.84 5314 3.06 1.42  0.36 -1.68 0.10  0.03 0.210 
M2    An08-A12019        21 33 29.74 -  0 48 28.74 4817 1.97 1.68  0.16 -1.58 0.10 -0.61 0.180 
M2    An08-A12301        21 33 30.59 -  0 48 25.04 5035 2.33 1.59  0.18 -1.59 0.10 -0.70 0.190 
M2    An08-A9587         21 33 30.66 -  0 48 56.55 4913 2.17 1.63  0.23 -1.76 0.10  0.00 0.170 
M2    An08-A6898         21 33 33.36 -  0 49 26.44 5165 2.67 1.51  0.24 -1.69 0.10 -0.10 0.170 
M2    An08-A10340        21 33 33.85 -  0 48 47.84 5348 2.98 1.44  0.13 -1.52 0.10 -0.12 0.220 
M53   N5024-S35          13 13  3.65 + 18  9 38.97 4229 0.74 1.97  0.20 -1.92 0.10 -0.24 0.160 
M53   N5024-S16          13 12 49.90 + 18 10  2.41 4465 1.12 1.88  0.23 -2.02 0.10 -0.37 0.160 
M53   N5024-S29          13 12 58.70 + 18 10 44.20 4542 1.17 1.87  0.18 -2.00 0.10 -0.35 0.160 
M53   N5024-S32          13 13  1.92 + 18 10 23.98 4694 1.37 1.82  0.23 -2.22 0.10 -0.36 0.160 
M53   B7704              13 12 57.50 + 18 10  2.50 4753 1.58 1.77  0.18 -2.02 0.10 -0.22 0.170 
M53   B1384              13 12 36.76 + 18  7 34.61 4639 1.60 1.76  0.24 -2.04 0.10 -0.50 0.150 
M53   N5024-S230         13 13  8.13 + 18  9 44.15 4849 1.69 1.74  0.23 -1.99 0.10 -0.56 0.170 
M53   B9354              13 12 59.71 + 18 10 40.23 4733 1.67 1.75  0.21 -1.87 0.10 -0.37 0.150 
M53   B6841              13 12 40.08 + 18  9 58.65 4857 1.90 1.69  0.12 -1.85 0.10 -0.74 0.180 
M53   B8372              13 12 57.78 + 18 10 17.71 4874 1.94 1.68  0.21 -2.18 0.10 -0.40 0.180 
M53   B5957              13 12 56.04 + 18  9 21.09 4872 1.93 1.69  0.32 -2.15 0.10 -0.33 0.170 
M53   B8810              13 13  1.42 + 18 10 25.56 4970 1.98 1.67  0.23 -2.03 0.10 -0.43 0.180 
M53   B5129              13 13  2.77 + 18  8 52.58 4850 2.04 1.66  0.30 -2.08 0.10 -0.46 0.190 
M53   B3073              13 12 52.30 + 18  8  9.17 4995 2.05 1.66  0.31 -2.03 0.10 -0.36 0.170 
M53   B3897              13 13  6.69 + 18  8 17.21 5038 2.13 1.64  0.36 -2.18 0.10 -0.64 0.190 
M53   B6723              13 13  4.59 + 18  9 32.12 5019 2.29 1.60  0.19 -1.93 0.10 -0.34 0.180 
M53   B1452              13 12 46.05 + 18  7 28.00 5008 2.30 1.60  0.14 -2.06 0.10 -0.37 0.190 
M53   B8404              13 12 53.19 + 18 10 23.18 5224 2.64 1.52  0.33 -1.89 0.11 -0.54 0.290 
M53   B4973              13 12 48.80 + 18  9  2.72 5181 2.65 1.52  0.24 -2.11 0.11 -0.18 0.220 
M53   B4681              13 12 25.34 + 18  9 17.93 5159 2.65 1.52  0.31 -2.09 0.11 -0.18 0.230 
M53   N5024-S104         13 12 23.17 + 18  9 49.64 5208 2.75 1.49  0.22 -1.97 0.11 -0.40 0.250 
M53   B1602              13 12 41.63 + 18  7 37.02 5057 2.11 1.64  0.32 -2.11 0.10 -0.51 0.190 
M53   B4826              13 13  2.45 + 18  8 45.17 5120 2.53 1.54  0.33 -2.04 0.11 -0.44 0.250 